person 0.0405 0 313 4 330
person 0.0123 60 316 70 326
person 0.0061 14 311 32 341
person 0.0044 220 329 226 341
person 0.0031 34 317 46 328
person 0.0030 221 328 233 341
person 0.0029 111 321 117 329
person 0.0028 54 316 64 324
person 0.0016 381 329 390 347
person 0.0015 126 327 140 335
person 0.0014 53 314 71 325
person 0.0010 156 323 175 334
person 0.0010 113 326 129 333
car 0.9478 361 329 498 388
car 0.9348 231 327 333 374
car 0.9274 172 326 251 362
car 0.9204 107 326 148 352
car 0.8857 83 326 116 348
car 0.8498 136 322 189 356
car 0.7262 0 323 15 342
car 0.3869 12 310 84 363
car 0.0513 2 316 13 325
car 0.0447 79 325 92 338
car 0.0367 51 306 83 326
car 0.0337 0 312 3 329
car 0.0303 0 319 15 333
car 0.0300 13 312 32 342
car 0.0275 7 319 16 328
car 0.0237 82 325 92 334
car 0.0141 80 328 88 342
car 0.0137 480 332 499 341
car 0.0118 413 322 482 338
car 0.0088 9 310 17 322
car 0.0074 382 322 485 344
car 0.0071 418 323 479 332
car 0.0069 0 312 3 320
car 0.0065 2 309 12 320
car 0.0057 81 323 91 330
car 0.0053 495 332 500 340
car 0.0044 241 325 324 342
car 0.0038 479 332 500 350
car 0.0033 418 324 450 333
car 0.0028 135 331 149 354
car 0.0023 496 334 500 348
car 0.0022 162 331 189 356
car 0.0021 136 326 148 333
car 0.0012 446 323 483 332
car 0.0011 0 313 8 331
car 0.0011 250 326 294 337
car 0.0010 388 334 419 349
