person 0.1273 239 178 247 190
person 0.0952 355 8 399 63
person 0.0861 462 187 480 199
person 0.0827 54 191 74 217
person 0.0803 35 197 57 224
person 0.0728 491 119 500 133
person 0.0641 137 194 153 211
person 0.0442 323 3 363 62
person 0.0409 4 194 22 222
person 0.0334 125 183 135 193
person 0.0312 160 180 170 192
person 0.0292 0 197 8 227
person 0.0266 98 181 110 194
person 0.0264 224 181 233 190
person 0.0254 0 197 5 213
person 0.0207 462 183 495 200
person 0.0204 54 192 66 211
person 0.0203 5 192 20 210
person 0.0185 381 206 401 233
person 0.0157 314 7 344 63
person 0.0157 441 117 452 133
person 0.0141 299 217 323 238
person 0.0114 249 177 256 189
person 0.0113 6 193 14 201
person 0.0087 434 179 495 201
person 0.0075 115 183 125 193
person 0.0071 53 195 67 226
person 0.0068 305 176 318 191
person 0.0066 108 183 117 194
person 0.0066 382 206 400 221
person 0.0056 469 123 486 156
person 0.0054 35 199 56 212
person 0.0053 133 184 143 193
person 0.0052 135 181 152 210
person 0.0051 205 178 223 190
person 0.0050 12 195 31 221
person 0.0050 216 183 224 191
person 0.0047 36 193 76 232
person 0.0045 469 123 484 139
person 0.0044 47 197 60 218
person 0.0040 192 193 203 206
person 0.0040 451 184 467 200
person 0.0037 141 184 149 193
person 0.0037 85 188 94 199
person 0.0034 0 196 9 210
person 0.0034 490 119 500 159
person 0.0029 20 194 34 210
person 0.0029 205 178 213 189
person 0.0028 79 191 91 200
person 0.0027 11 356 43 404
person 0.0026 19 197 35 223
person 0.0025 57 191 73 201
person 0.0023 387 157 400 179
person 0.0023 460 185 473 196
person 0.0022 193 178 204 189
person 0.0021 148 181 158 192
person 0.0020 14 195 22 208
person 0.0020 442 182 463 200
person 0.0020 458 128 468 154
person 0.0019 56 191 64 200
person 0.0019 213 179 223 190
person 0.0019 486 183 499 199
person 0.0018 0 186 15 215
person 0.0018 169 180 176 188
person 0.0016 466 11 500 66
person 0.0016 135 177 166 210
person 0.0016 458 128 468 140
person 0.0014 84 184 93 196
person 0.0014 253 177 260 188
person 0.0014 0 184 6 201
person 0.0012 383 206 398 215
person 0.0011 92 180 103 195
person 0.0011 378 207 412 239
person 0.0011 224 178 237 190
person 0.0010 191 192 208 208
person 0.0010 73 190 80 200
person 0.0010 47 198 58 211
person 0.0010 72 194 78 203
person 0.0010 303 211 339 239
person 0.0010 23 197 47 223
person 0.0010 27 193 37 209
person 0.0010 86 195 97 203
bicycle 0.0272 0 208 27 227
bicycle 0.0037 10 209 30 224
car 0.9288 182 192 499 316
car 0.7636 145 195 289 243
car 0.6505 419 180 499 208
car 0.1386 419 199 499 222
car 0.0390 418 179 500 235
car 0.0158 420 182 458 202
car 0.0116 457 181 498 200
car 0.0036 144 212 177 230
car 0.0032 140 179 365 241
car 0.0016 470 165 499 180
car 0.0016 390 179 467 201
motorbike 0.0778 1 201 78 233
motorbike 0.0560 0 205 27 227
motorbike 0.0541 0 211 10 228
motorbike 0.0171 0 215 6 228
motorbike 0.0066 24 210 68 233
motorbike 0.0046 8 202 31 224
motorbike 0.0017 53 196 78 232
motorbike 0.0013 0 195 34 229
bus 0.7584 72 163 303 230
bus 0.0080 61 159 198 178
bus 0.0075 106 163 445 237
bus 0.0034 170 163 325 212
bus 0.0016 49 158 195 197
bus 0.0016 73 170 196 229
tvmonitor 0.5064 457 0 499 86
tvmonitor 0.0140 475 103 499 132
tvmonitor 0.0015 314 1 423 67
