person 0.9598 336 12 499 196
person 0.9362 19 67 252 326
person 0.0145 360 16 386 83
person 0.0045 478 185 499 318
person 0.0043 362 15 410 84
person 0.0014 477 177 499 226
dog 0.0049 240 0 279 35
bottle 0.0735 404 210 499 327
bottle 0.0230 479 251 499 328
bottle 0.0091 478 185 499 331
chair 0.7429 5 110 164 327
chair 0.1958 78 218 163 327
chair 0.1805 5 106 56 271
chair 0.1611 0 246 129 326
chair 0.0485 13 67 248 305
chair 0.0351 480 85 499 111
chair 0.0345 486 85 499 191
chair 0.0330 77 208 242 327
chair 0.0265 489 172 499 192
chair 0.0263 195 200 218 217
chair 0.0055 147 154 219 217
chair 0.0053 360 1 500 105
chair 0.0051 195 198 221 261
chair 0.0029 166 173 218 216
chair 0.0025 147 188 213 228
chair 0.0025 239 0 383 37
chair 0.0023 360 16 387 83
chair 0.0019 0 119 25 295
chair 0.0019 196 200 218 236
chair 0.0018 489 94 499 112
chair 0.0017 135 176 207 240
chair 0.0017 491 97 499 178
chair 0.0017 388 3 502 192
chair 0.0014 120 125 219 219
chair 0.0014 7 105 53 192
chair 0.0012 240 0 280 36
chair 0.0011 169 197 217 253
chair 0.0011 359 114 500 188
chair 0.0011 11 111 98 272
chair 0.0010 160 190 223 278
sofa 0.0715 241 0 387 38
sofa 0.0056 360 1 500 103
sofa 0.0035 480 84 499 111
sofa 0.0022 0 244 162 327
diningtable 0.8841 190 172 500 324
diningtable 0.0303 0 246 128 326
diningtable 0.0028 449 182 499 223
