person 0.7426 278 314 294 332
person 0.7345 221 106 273 160
person 0.7144 462 269 487 323
person 0.6797 433 277 450 328
person 0.5198 380 270 399 298
person 0.4994 266 317 281 333
person 0.4419 115 153 181 201
person 0.4326 486 272 499 331
person 0.4050 446 269 465 324
person 0.3368 8 173 20 209
person 0.3349 418 264 438 301
person 0.2781 26 232 54 269
person 0.2522 360 316 377 332
person 0.2483 398 270 430 312
person 0.2243 487 250 499 276
person 0.2234 168 324 182 333
person 0.2012 382 144 396 174
person 0.1881 0 165 11 210
person 0.1694 13 225 41 270
person 0.1600 215 105 273 204
person 0.1330 398 275 417 304
person 0.1252 475 261 487 284
person 0.0906 431 269 440 284
person 0.0849 395 277 406 298
person 0.0819 4 235 15 267
person 0.0613 374 141 381 156
person 0.0381 403 263 417 283
person 0.0376 492 251 500 296
person 0.0207 0 162 11 190
person 0.0206 463 270 479 296
person 0.0198 487 258 499 293
person 0.0187 13 230 29 268
person 0.0180 492 280 500 323
person 0.0178 493 279 500 298
person 0.0156 9 172 20 189
person 0.0141 446 268 464 293
person 0.0132 5 235 14 249
person 0.0103 0 126 13 304
person 0.0103 494 261 500 285
person 0.0097 225 143 265 211
person 0.0085 0 161 15 227
person 0.0085 374 275 383 283
person 0.0084 475 262 483 275
person 0.0075 0 140 11 201
person 0.0075 99 185 106 205
person 0.0069 478 269 490 322
person 0.0068 235 184 250 207
person 0.0065 402 274 413 288
person 0.0061 20 225 44 252
person 0.0057 434 277 448 305
person 0.0050 410 272 431 304
person 0.0048 365 273 372 279
person 0.0048 455 274 465 291
person 0.0047 229 147 252 204
person 0.0047 0 129 3 164
person 0.0045 405 263 434 292
person 0.0045 233 169 251 207
person 0.0043 391 153 400 174
person 0.0042 383 145 395 160
person 0.0042 474 261 489 299
person 0.0041 461 272 470 322
person 0.0040 4 234 15 293
person 0.0039 493 322 500 332
person 0.0033 0 171 12 253
person 0.0030 453 278 465 326
person 0.0030 0 224 11 330
person 0.0027 416 264 433 286
person 0.0027 419 264 428 278
person 0.0026 0 152 21 319
person 0.0025 434 275 444 287
person 0.0025 400 152 416 178
person 0.0024 399 156 409 180
person 0.0024 424 265 433 278
person 0.0022 446 278 457 327
person 0.0022 250 148 273 185
person 0.0022 207 134 246 188
person 0.0022 11 234 21 255
person 0.0020 451 274 465 304
person 0.0020 195 152 211 197
person 0.0017 -1 204 6 282
person 0.0016 369 275 379 282
person 0.0016 68 211 115 246
person 0.0016 376 141 384 168
person 0.0015 5 171 20 238
person 0.0015 100 185 106 193
person 0.0015 400 156 407 170
person 0.0015 20 224 40 238
person 0.0015 465 251 480 262
person 0.0014 214 71 220 75
person 0.0013 8 235 14 244
person 0.0013 363 272 372 279
person 0.0012 363 273 378 281
person 0.0012 411 282 434 313
person 0.0012 235 329 244 333
person 0.0012 284 67 289 72
person 0.0012 0 136 2 172
person 0.0011 14 231 22 242
person 0.0011 398 266 414 287
person 0.0010 416 265 425 282
person 0.0010 11 359 43 404
person 0.0010 0 130 6 181
car 0.0776 6 210 121 330
car 0.0292 347 132 368 137
car 0.0233 320 131 368 139
car 0.0031 485 50 500 61
car 0.0016 305 131 375 145
car 0.0014 67 210 120 247
car 0.0012 492 56 500 61
car 0.0012 451 322 490 332
car 0.0010 321 133 334 137
motorbike 0.0522 207 135 273 217
motorbike 0.0161 207 135 253 191
bus 0.0255 1 163 15 327
bus 0.0133 29 169 106 224
bus 0.0027 0 127 12 210
bus 0.0021 453 237 499 264
bus 0.0011 0 106 106 175
train 0.0141 204 144 403 199
train 0.0135 298 147 402 196
train 0.0021 300 131 383 149
chair 0.0300 70 0 89 18
chair 0.0036 52 0 71 18
chair 0.0026 34 0 53 18
pottedplant 0.0051 408 27 415 38
pottedplant 0.0020 280 0 304 14
