person 0.0266 6 270 18 283
person 0.0125 257 233 261 237
person 0.0083 5 260 17 282
person 0.0059 31 282 36 289
person 0.0043 0 279 13 289
person 0.0026 163 234 168 238
person 0.0016 8 261 13 268
person 0.0012 256 233 262 240
boat 0.7858 68 246 110 272
boat 0.7566 246 202 267 281
boat 0.7522 396 215 420 303
boat 0.5742 0 279 37 301
boat 0.4969 187 250 208 263
boat 0.3930 440 231 454 257
boat 0.3642 186 200 208 264
boat 0.2544 185 271 210 285
boat 0.2477 307 227 317 255
boat 0.2218 13 238 31 255
boat 0.2190 11 190 30 256
boat 0.1649 184 255 210 286
boat 0.1580 307 246 317 255
boat 0.1524 0 193 37 301
boat 0.1330 246 268 267 281
boat 0.1268 0 254 37 301
boat 0.0609 440 248 455 257
boat 0.0457 396 288 419 304
boat 0.0309 0 233 13 262
boat 0.0241 175 200 212 286
boat 0.0239 4 259 29 284
boat 0.0186 0 252 11 262
boat 0.0175 0 191 15 261
boat 0.0131 219 234 223 239
boat 0.0131 186 201 197 265
boat 0.0125 246 246 267 280
boat 0.0089 4 273 33 288
boat 0.0061 68 230 84 265
boat 0.0054 4 260 17 282
boat 0.0049 2 245 32 255
boat 0.0048 73 230 83 247
boat 0.0040 21 238 29 244
boat 0.0036 75 230 80 241
boat 0.0034 0 278 12 288
boat 0.0030 303 231 308 237
boat 0.0029 0 135 6 147
boat 0.0023 89 233 103 239
boat 0.0023 203 274 211 283
boat 0.0022 1 235 6 240
boat 0.0021 80 246 95 252
boat 0.0020 177 234 188 239
boat 0.0020 67 201 109 272
boat 0.0019 33 251 42 255
boat 0.0018 89 233 94 239
boat 0.0017 188 241 208 261
boat 0.0016 214 233 222 239
boat 0.0013 15 237 30 246
boat 0.0013 0 278 8 283
boat 0.0012 0 289 21 301
boat 0.0011 2 226 32 256
boat 0.0011 187 200 194 243
boat 0.0010 318 233 325 238
boat 0.0010 0 234 8 251
boat 0.0010 312 226 317 236
