person 0.1504 227 147 240 165
person 0.0573 224 146 241 179
person 0.0359 485 139 499 155
person 0.0119 227 144 249 170
person 0.0081 223 143 262 182
person 0.0034 493 139 499 146
person 0.0032 230 145 245 161
person 0.0023 311 142 337 160
person 0.0019 485 127 500 161
person 0.0011 324 142 341 155
dog 0.5968 270 127 293 151
dog 0.2205 228 142 272 182
dog 0.1626 310 142 350 171
dog 0.0073 315 143 345 161
dog 0.0012 245 152 271 175
dog 0.0011 234 143 253 160
dog 0.0011 228 152 250 175
horse 0.4357 223 143 272 183
horse 0.4347 310 133 350 171
horse 0.3403 270 127 294 151
horse 0.2972 485 139 499 170
horse 0.0434 223 152 242 182
horse 0.0226 224 155 259 183
horse 0.0010 484 139 500 203
sheep 0.0065 223 155 244 182
sheep 0.0031 485 140 499 175
cow 0.2169 485 139 499 170
cow 0.1623 223 143 272 183
cow 0.0434 310 138 350 171
cow 0.0131 485 139 499 154
cow 0.0010 493 152 500 169
