person 0.1819 98 217 104 233
person 0.0779 199 209 211 227
person 0.0694 121 217 130 223
person 0.0387 204 215 211 226
person 0.0173 80 207 86 224
person 0.0096 375 29 396 85
person 0.0049 91 208 95 220
person 0.0041 86 208 89 219
person 0.0034 74 208 79 219
person 0.0031 130 208 133 217
person 0.0026 99 217 110 234
person 0.0022 59 219 70 227
person 0.0021 49 208 54 219
person 0.0020 10 246 20 254
person 0.0019 123 205 128 217
person 0.0015 169 207 172 216
person 0.0015 160 215 164 222
person 0.0014 106 212 111 221
person 0.0012 122 222 131 228
person 0.0012 59 252 67 266
person 0.0011 82 207 88 220
person 0.0011 116 210 122 219
person 0.0010 99 216 104 224
person 0.0010 300 223 304 233
bicycle 0.0012 403 222 412 231
bicycle 0.0010 392 222 399 232
bicycle 0.0010 461 219 468 230
car 0.9221 0 240 47 277
car 0.8967 99 222 141 249
car 0.7977 32 234 80 264
car 0.7794 181 216 201 229
car 0.7226 55 222 91 238
car 0.6012 159 219 177 228
car 0.4001 24 225 58 239
car 0.3794 0 229 24 240
car 0.0714 0 233 36 242
car 0.0697 199 210 211 226
car 0.0342 22 229 40 240
car 0.0222 99 221 113 233
car 0.0170 0 228 22 233
car 0.0165 120 218 130 224
car 0.0135 0 230 8 239
car 0.0090 0 235 77 270
car 0.0088 180 216 188 223
car 0.0078 0 222 6 229
car 0.0075 123 224 141 245
car 0.0065 35 230 69 241
car 0.0060 261 231 296 251
car 0.0052 67 236 80 261
car 0.0050 19 223 37 232
car 0.0036 56 222 66 230
car 0.0035 192 227 214 242
car 0.0032 0 221 19 230
car 0.0029 174 219 181 227
car 0.0029 37 225 60 234
car 0.0028 0 240 36 253
car 0.0026 102 220 114 228
car 0.0024 204 219 211 226
car 0.0023 196 218 209 227
car 0.0020 19 232 37 242
car 0.0017 182 219 193 229
car 0.0017 16 226 29 233
car 0.0016 56 218 72 228
car 0.0016 24 225 48 233
car 0.0013 261 242 278 251
car 0.0013 25 223 83 239
car 0.0010 24 223 57 231
bird 0.0259 223 30 238 45
bird 0.0058 260 31 273 46
bird 0.0026 242 114 250 125
bottle 0.0264 419 127 465 256
chair 0.0026 329 0 347 14
pottedplant 0.0011 225 191 252 234
pottedplant 0.0010 232 89 311 237
