person 0.8725 372 1 490 209
person 0.8489 0 1 97 217
person 0.7592 213 0 289 151
person 0.6962 331 0 383 103
person 0.6452 271 0 347 85
person 0.3011 76 0 223 110
person 0.2733 462 1 499 230
person 0.0169 68 1 307 161
person 0.0124 35 0 234 209
person 0.0110 220 1 344 137
person 0.0084 480 1 499 137
person 0.0063 368 0 395 100
person 0.0048 274 -3 385 122
person 0.0030 369 0 395 51
person 0.0027 0 3 28 213
person 0.0027 0 303 3 315
person 0.0024 2 -15 298 271
person 0.0021 188 1 224 99
person 0.0016 271 0 510 211
person 0.0015 484 112 499 228
person 0.0015 287 0 347 48
person 0.0011 312 0 413 105
person 0.0010 294 20 326 54
bottle 0.8970 239 85 287 254
bottle 0.8478 169 66 200 177
bottle 0.7850 204 83 242 243
bottle 0.6195 329 59 356 157
bottle 0.6087 300 71 335 156
bottle 0.5713 281 57 309 159
bottle 0.5325 105 75 172 243
bottle 0.4234 345 101 398 232
bottle 0.2990 133 74 152 105
bottle 0.2672 372 99 399 217
bottle 0.1743 342 58 356 108
bottle 0.1689 370 73 392 113
bottle 0.1502 107 77 144 165
bottle 0.1457 112 78 134 108
bottle 0.1317 195 94 217 202
bottle 0.1220 372 40 394 104
bottle 0.0946 303 71 328 130
bottle 0.0759 369 53 395 193
bottle 0.0451 84 78 428 264
bottle 0.0434 370 73 381 98
bottle 0.0371 281 64 306 245
bottle 0.0369 332 59 347 112
bottle 0.0333 203 82 229 170
bottle 0.0248 356 46 401 212
bottle 0.0221 146 78 163 111
bottle 0.0145 283 70 343 232
bottle 0.0141 129 75 160 162
bottle 0.0126 287 57 307 98
bottle 0.0124 122 79 134 107
bottle 0.0093 295 57 308 88
bottle 0.0093 213 81 228 123
bottle 0.0088 195 130 207 195
bottle 0.0075 246 85 281 159
bottle 0.0062 109 79 134 135
bottle 0.0059 222 82 236 124
bottle 0.0058 280 80 302 140
bottle 0.0054 151 93 163 111
bottle 0.0052 196 159 206 193
bottle 0.0048 170 65 194 120
bottle 0.0040 186 101 211 180
bottle 0.0040 131 74 158 122
bottle 0.0039 369 0 395 100
bottle 0.0035 326 60 340 113
bottle 0.0034 360 82 393 136
bottle 0.0033 296 66 310 124
bottle 0.0033 222 82 241 151
bottle 0.0032 375 149 399 216
bottle 0.0029 173 65 191 96
bottle 0.0028 135 95 173 228
bottle 0.0026 272 90 286 165
bottle 0.0025 203 110 224 181
bottle 0.0024 75 99 144 241
bottle 0.0024 343 58 355 87
bottle 0.0022 369 15 384 62
bottle 0.0021 298 57 307 76
bottle 0.0021 309 70 328 95
bottle 0.0020 125 86 135 104
bottle 0.0020 167 78 234 232
bottle 0.0016 196 62 351 263
bottle 0.0014 318 70 327 90
bottle 0.0014 206 103 226 156
bottle 0.0013 377 39 387 61
bottle 0.0013 229 80 251 155
bottle 0.0013 389 100 400 168
bottle 0.0012 352 97 392 149
bottle 0.0011 334 62 343 94
bottle 0.0011 290 57 306 79
bottle 0.0010 212 82 242 172
bottle 0.0010 306 71 323 112
chair 0.1018 0 92 44 226
chair 0.0106 0 97 20 212
chair 0.0082 0 48 57 287
chair 0.0032 486 197 499 234
chair 0.0027 54 124 79 186
chair 0.0014 484 128 499 233
chair 0.0012 0 85 99 314
diningtable 0.4433 10 53 501 324
diningtable 0.1055 3 169 498 367
diningtable 0.0111 3 292 494 368
diningtable 0.0102 220 26 523 350
diningtable 0.0076 17 58 483 185
