person 0.9330 165 66 280 194
person 0.8993 0 98 113 328
person 0.6948 375 6 499 329
person 0.5204 337 1 435 272
person 0.4620 346 0 429 153
person 0.0075 413 96 498 299
person 0.0070 343 180 442 272
person 0.0053 374 141 417 169
person 0.0027 422 92 450 103
person 0.0027 429 178 498 217
person 0.0026 313 2 386 202
person 0.0022 428 150 499 247
person 0.0021 364 0 422 106
person 0.0020 313 102 375 208
person 0.0017 371 56 385 89
person 0.0016 157 88 278 271
person 0.0010 379 56 487 222
person 0.0010 440 12 499 327
dog 0.0046 1 131 68 193
bottle 0.8712 221 186 245 275
bottle 0.8511 246 153 265 219
bottle 0.4873 244 231 258 269
bottle 0.0595 259 235 272 272
bottle 0.0247 324 203 337 231
bottle 0.0211 224 176 242 212
bottle 0.0196 209 232 223 274
bottle 0.0105 224 184 245 238
bottle 0.0079 246 153 264 184
bottle 0.0067 202 201 223 265
bottle 0.0051 266 169 280 209
bottle 0.0036 222 211 232 231
bottle 0.0035 239 249 245 272
bottle 0.0026 243 200 265 269
bottle 0.0026 220 155 277 217
bottle 0.0025 256 193 265 223
bottle 0.0023 245 232 256 244
bottle 0.0021 222 225 243 276
bottle 0.0020 261 169 270 206
bottle 0.0018 277 229 306 268
bottle 0.0018 221 197 230 220
bottle 0.0017 255 195 277 271
bottle 0.0017 223 178 232 211
bottle 0.0014 244 159 269 246
bottle 0.0011 221 210 231 251
bottle 0.0010 257 235 266 266
bottle 0.0010 263 238 275 261
bottle 0.0010 222 206 231 222
chair 0.8785 394 229 476 331
chair 0.3693 347 203 377 244
chair 0.3097 314 144 375 206
chair 0.2539 87 213 137 301
chair 0.0364 0 211 135 328
chair 0.0289 317 185 359 206
chair 0.0284 307 154 328 199
chair 0.0280 312 117 350 159
chair 0.0152 90 212 137 260
chair 0.0140 0 288 134 331
chair 0.0133 321 202 376 247
chair 0.0128 313 144 440 260
chair 0.0088 342 186 442 273
chair 0.0086 136 191 158 218
chair 0.0082 99 291 135 332
chair 0.0060 350 135 372 153
chair 0.0050 91 256 136 302
chair 0.0049 312 158 335 204
chair 0.0045 87 148 108 240
chair 0.0044 314 167 378 250
chair 0.0044 307 116 362 202
chair 0.0042 86 116 137 305
chair 0.0040 85 145 102 180
chair 0.0035 307 119 334 199
chair 0.0034 316 185 330 205
chair 0.0026 149 185 169 216
chair 0.0026 426 93 450 103
chair 0.0019 334 221 446 330
chair 0.0019 436 209 463 251
chair 0.0018 96 179 108 207
chair 0.0016 394 231 424 292
chair 0.0015 136 191 160 244
chair 0.0013 88 209 182 298
chair 0.0013 86 214 106 240
chair 0.0010 353 203 376 229
sofa 0.3161 87 213 137 300
sofa 0.0604 0 209 137 323
diningtable 0.9187 133 176 437 329
diningtable 0.0140 135 192 191 251
diningtable 0.0044 132 193 199 295
diningtable 0.0021 145 260 428 330
diningtable 0.0018 292 221 438 329
diningtable 0.0014 151 183 265 243
diningtable 0.0011 59 159 274 306
diningtable 0.0010 132 176 235 314
