bird 0.8877 180 95 367 257
bird 0.5338 0 161 65 259
bird 0.0832 0 39 109 271
bird 0.0138 413 223 499 326
bird 0.0094 0 168 34 245
bird 0.0078 91 46 383 303
bird 0.0047 0 36 107 158
bird 0.0036 430 113 499 239
bird 0.0032 0 39 62 239
bird 0.0029 0 204 36 269
bird 0.0027 0 52 33 106
bird 0.0027 0 170 20 207
bird 0.0023 378 112 500 327
bird 0.0023 0 49 4 61
bird 0.0020 0 59 68 154
bird 0.0019 467 244 500 330
bird 0.0016 0 36 108 96
bird 0.0016 0 203 32 240
bird 0.0015 0 161 45 208
chair 0.0031 22 168 376 329
pottedplant 0.0309 0 34 108 252
