person 0.9618 28 180 146 499
person 0.9484 221 230 314 435
person 0.8182 164 241 189 292
person 0.7716 203 244 221 294
person 0.7333 306 219 332 431
person 0.6192 137 240 154 292
person 0.2599 233 244 241 271
person 0.2598 298 249 312 279
person 0.2214 221 243 231 271
person 0.1606 188 244 196 267
person 0.1405 43 231 60 249
person 0.0745 290 248 300 276
person 0.0440 121 235 130 247
person 0.0363 179 243 191 268
person 0.0347 199 246 206 268
person 0.0214 127 240 135 255
person 0.0204 178 238 189 258
person 0.0171 239 243 247 268
person 0.0166 214 242 222 268
person 0.0144 202 243 212 266
person 0.0111 215 243 222 257
person 0.0105 320 221 332 252
person 0.0083 277 249 285 261
person 0.0082 313 248 320 256
person 0.0073 37 233 61 268
person 0.0069 286 249 292 266
person 0.0056 283 250 289 266
person 0.0051 221 47 227 65
person 0.0047 155 240 161 246
person 0.0045 311 248 320 262
person 0.0043 204 243 213 255
person 0.0042 226 243 233 270
person 0.0040 51 231 60 241
person 0.0035 19 244 37 269
person 0.0035 211 45 223 66
person 0.0033 134 234 140 247
person 0.0033 288 254 294 269
person 0.0033 134 239 142 256
person 0.0032 0 0 18 26
person 0.0024 18 250 30 269
person 0.0023 247 239 257 264
person 0.0021 304 248 311 254
person 0.0020 272 249 277 255
person 0.0018 307 248 321 280
person 0.0018 132 241 140 259
person 0.0016 201 245 210 292
person 0.0015 135 242 143 290
person 0.0015 129 239 135 249
person 0.0014 178 238 186 252
person 0.0013 178 238 185 247
person 0.0013 298 249 306 277
person 0.0012 301 248 313 264
person 0.0011 157 252 167 276
person 0.0011 303 248 312 258
person 0.0011 291 250 299 263
person 0.0010 274 248 282 259
horse 0.1149 179 59 197 89
horse 0.0779 227 56 244 89
horse 0.0535 194 59 209 89
horse 0.0191 207 51 232 89
horse 0.0025 180 75 195 89
horse 0.0011 217 71 226 89
