person 0.8455 222 251 294 357
person 0.2599 116 123 164 202
person 0.2078 91 8 132 87
person 0.0915 116 133 149 190
person 0.0330 136 132 164 189
person 0.0162 93 25 134 131
person 0.0153 116 140 138 203
person 0.0084 121 133 143 159
person 0.0075 92 12 165 207
person 0.0069 138 136 154 155
person 0.0068 92 16 112 78
person 0.0066 140 151 153 175
person 0.0050 133 155 146 186
person 0.0045 136 153 154 186
person 0.0037 125 151 141 190
person 0.0035 119 128 158 156
person 0.0032 124 147 155 206
person 0.0023 115 132 129 198
person 0.0022 236 256 279 337
person 0.0014 223 254 252 354
person 0.0013 296 0 320 35
person 0.0013 141 152 161 188
person 0.0010 97 41 127 79
bicycle 0.7256 223 289 299 413
bicycle 0.5388 126 183 168 252
bicycle 0.1350 116 130 167 253
bicycle 0.0541 247 331 299 413
bicycle 0.0142 135 185 156 252
bicycle 0.0138 126 183 167 206
bicycle 0.0116 223 287 243 346
bicycle 0.0112 94 44 134 97
bicycle 0.0056 124 161 166 205
bicycle 0.0038 222 251 293 357
bicycle 0.0034 93 10 164 202
bicycle 0.0023 94 49 137 133
car 0.0061 115 118 165 201
car 0.0057 94 57 166 205
motorbike 0.0093 94 56 167 207
train 0.0012 259 0 358 107
