person 0.7329 418 271 499 374
person 0.7173 148 185 170 213
person 0.6953 177 177 201 215
person 0.6771 110 185 134 220
person 0.6028 281 182 300 210
person 0.4797 338 180 355 203
person 0.4746 223 184 245 213
person 0.3469 332 184 360 208
person 0.3452 293 176 310 203
person 0.3148 231 177 249 213
person 0.1111 236 178 253 206
person 0.0781 120 185 133 203
person 0.0674 292 176 303 191
person 0.0625 299 180 310 202
person 0.0609 235 176 246 189
person 0.0597 465 298 499 374
person 0.0557 222 184 237 208
person 0.0448 188 179 203 213
person 0.0383 279 183 292 202
person 0.0291 179 177 200 192
person 0.0186 148 185 162 206
person 0.0180 189 178 200 190
person 0.0159 105 198 131 222
person 0.0157 337 180 349 194
person 0.0150 345 181 356 193
person 0.0140 244 180 253 197
person 0.0136 224 183 243 201
person 0.0132 341 180 351 191
person 0.0131 480 304 499 371
person 0.0129 301 181 310 192
person 0.0117 494 317 500 373
person 0.0103 470 269 499 342
person 0.0076 489 312 500 371
person 0.0071 238 187 258 211
person 0.0058 193 189 207 206
person 0.0050 493 301 499 347
person 0.0032 495 347 500 374
person 0.0027 281 183 290 195
person 0.0023 293 176 309 188
person 0.0019 485 308 499 349
person 0.0017 484 312 496 326
person 0.0016 176 178 188 207
person 0.0013 493 305 499 324
person 0.0012 177 177 188 193
person 0.0011 226 183 233 191
person 0.0011 495 367 500 374
person 0.0010 152 134 157 149
person 0.0010 292 175 299 187
person 0.0010 283 182 292 191
bicycle 0.7713 273 191 306 216
bicycle 0.7018 331 190 360 208
bicycle 0.2837 218 197 252 217
bicycle 0.2648 140 200 175 221
bicycle 0.2572 346 230 399 273
bicycle 0.2252 288 189 315 208
bicycle 0.0296 345 230 445 299
bicycle 0.0148 245 194 259 209
bicycle 0.0092 238 229 443 300
bicycle 0.0045 237 266 347 293
bicycle 0.0030 265 269 500 372
bicycle 0.0022 272 199 286 215
bicycle 0.0021 304 192 315 205
bicycle 0.0019 155 197 184 220
bicycle 0.0017 237 274 303 292
bicycle 0.0016 331 189 345 207
bicycle 0.0014 300 230 396 281
bicycle 0.0013 356 258 397 273
bicycle 0.0013 161 194 196 220
bicycle 0.0012 306 195 315 207
bicycle 0.0011 162 205 176 220
bicycle 0.0011 298 186 318 207
bicycle 0.0011 238 190 258 211
bicycle 0.0011 177 190 204 215
car 0.0011 475 147 491 151
motorbike 0.7745 170 189 213 220
motorbike 0.7656 94 198 138 225
motorbike 0.7619 138 197 176 221
motorbike 0.6564 217 193 257 217
motorbike 0.3596 331 189 360 209
motorbike 0.0825 265 341 441 374
motorbike 0.0446 229 179 256 213
motorbike 0.0205 121 200 148 218
motorbike 0.0191 418 301 499 373
motorbike 0.0172 292 178 311 204
motorbike 0.0155 264 302 499 373
motorbike 0.0106 244 194 259 209
motorbike 0.0076 375 341 440 374
motorbike 0.0042 244 185 340 214
motorbike 0.0040 237 188 259 212
motorbike 0.0037 192 190 206 210
motorbike 0.0028 327 339 499 374
motorbike 0.0027 86 204 111 224
motorbike 0.0019 114 202 140 224
motorbike 0.0019 108 195 128 221
motorbike 0.0018 301 184 315 207
motorbike 0.0015 375 272 499 373
motorbike 0.0010 148 185 171 213
motorbike 0.0010 119 198 131 218
aeroplane 0.0019 487 80 499 150
bottle 0.0034 452 333 479 374
bottle 0.0020 431 338 463 371
chair 0.2680 346 230 397 272
chair 0.0049 347 230 383 248
