person 0.8312 336 122 364 226
person 0.0277 312 178 318 191
person 0.0115 481 179 486 190
person 0.0098 117 120 126 128
person 0.0096 188 148 199 164
person 0.0077 111 120 119 128
person 0.0041 492 179 499 192
person 0.0035 442 183 449 195
person 0.0033 480 174 488 190
person 0.0030 487 179 492 190
person 0.0028 167 133 178 147
person 0.0022 214 142 222 152
person 0.0022 186 148 208 181
person 0.0019 459 178 466 190
person 0.0016 477 179 482 190
person 0.0013 288 174 294 180
person 0.0013 489 183 495 191
person 0.0012 465 179 474 189
person 0.0012 135 153 160 179
person 0.0012 222 143 230 152
person 0.0011 237 143 243 153
bicycle 0.0011 306 155 328 165
car 0.0360 272 162 287 191
car 0.0042 388 183 395 189
car 0.0030 0 304 501 369
car 0.0029 400 172 420 189
car 0.0027 256 161 287 193
car 0.0025 490 178 499 192
car 0.0022 305 155 328 164
car 0.0022 382 181 397 190
car 0.0019 388 180 401 190
car 0.0017 0 187 14 198
car 0.0016 0 171 42 198
car 0.0014 386 177 420 190
car 0.0013 408 133 475 176
car 0.0012 381 179 390 190
car 0.0011 317 180 337 190
car 0.0011 208 163 273 202
car 0.0011 361 170 368 185
car 0.0010 361 169 390 190
bus 0.9388 92 110 275 207
bus 0.0855 285 164 341 191
bus 0.0432 272 162 286 191
bus 0.0020 76 150 112 187
bus 0.0012 312 165 341 190
bus 0.0010 208 131 273 201
diningtable 0.0064 1 311 498 370
