person 0.0016 289 138 441 229
person 0.0010 324 75 405 117
bird 0.0084 343 82 403 116
cat 0.1236 343 81 405 116
bottle 0.1760 391 337 432 374
bottle 0.0076 350 72 360 95
bottle 0.0028 347 72 361 107
chair 0.3538 470 224 499 350
chair 0.0083 482 335 500 351
chair 0.0052 324 354 398 374
chair 0.0043 325 214 495 369
chair 0.0040 469 191 500 236
chair 0.0030 488 226 499 287
chair 0.0026 481 234 499 332
chair 0.0024 326 340 442 374
chair 0.0020 469 182 499 305
chair 0.0018 0 248 18 288
chair 0.0016 0 89 71 288
chair 0.0012 0 203 20 276
sofa 0.8592 24 101 473 299
sofa 0.0441 3 285 496 372
sofa 0.0147 6 238 477 305
sofa 0.0027 483 335 500 351
pottedplant 0.0030 0 100 10 120
diningtable 0.2389 327 336 499 373
diningtable 0.0410 12 286 423 372
diningtable 0.0302 428 341 499 373
diningtable 0.0030 488 226 499 287
diningtable 0.0011 325 266 499 373
diningtable 0.0011 181 354 380 374
diningtable 0.0010 142 337 500 372
tvmonitor 0.0122 0 90 70 197
tvmonitor 0.0052 0 101 15 156
tvmonitor 0.0028 0 101 10 121
