person 0.0147 463 158 475 196
person 0.0090 346 164 351 179
person 0.0074 407 158 417 184
person 0.0024 135 141 146 159
person 0.0023 159 135 174 157
person 0.0021 493 179 499 201
person 0.0019 492 163 499 201
person 0.0018 102 159 107 189
person 0.0015 496 168 500 200
person 0.0014 59 162 73 191
person 0.0014 408 158 427 192
person 0.0013 60 155 66 175
train 0.7567 105 98 346 235
train 0.0325 422 19 500 90
train 0.0077 423 62 439 89
train 0.0064 346 164 351 179
train 0.0023 454 20 498 300
train 0.0021 424 55 498 92
train 0.0020 423 59 462 91
train 0.0013 409 20 498 299
pottedplant 0.0078 0 101 19 160
pottedplant 0.0018 0 101 18 130
