person 0.8710 248 72 355 354
person 0.0011 183 56 196 75
person 0.0010 111 360 133 395
person 0.0010 174 113 379 355
person 0.0010 272 26 283 61
bicycle 0.8663 160 175 394 357
car 0.0057 96 78 113 85
car 0.0032 482 67 499 75
car 0.0018 361 73 385 91
motorbike 0.5455 160 174 394 356
bird 0.0029 8 149 15 153
bottle 0.0010 230 229 244 246
pottedplant 0.0362 257 45 274 72
pottedplant 0.0069 198 47 216 75
pottedplant 0.0066 174 0 319 40
pottedplant 0.0030 183 35 197 75
pottedplant 0.0027 199 59 210 74
pottedplant 0.0021 184 31 201 58
pottedplant 0.0020 204 44 232 73
pottedplant 0.0012 230 45 274 72
pottedplant 0.0011 343 1 496 112
