person 0.7447 119 142 246 398
person 0.1290 112 51 274 247
person 0.0109 187 72 275 364
person 0.0024 126 40 306 358
cat 0.0029 340 61 374 103
bottle 0.0017 105 272 119 299
chair 0.9448 0 144 130 320
chair 0.0216 131 245 247 373
chair 0.0118 138 241 156 364
chair 0.0019 0 400 190 499
chair 0.0014 133 123 281 361
chair 0.0014 4 179 128 264
chair 0.0012 113 224 132 303
sofa 0.0597 296 250 374 338
sofa 0.0071 284 173 374 335
pottedplant 0.3526 207 0 311 333
pottedplant 0.0070 243 78 313 348
pottedplant 0.0012 208 126 270 350
pottedplant 0.0012 247 225 292 242
