person 0.8945 2 2 304 369
person 0.7366 415 64 496 148
person 0.7248 416 104 499 369
person 0.0580 416 66 465 130
person 0.0209 432 92 480 132
person 0.0126 0 253 41 369
person 0.0029 487 101 499 136
person 0.0016 0 291 21 371
person 0.0012 0 333 42 373
person 0.0011 0 122 64 365
person 0.0011 362 55 496 180
person 0.0010 450 51 500 111
cat 0.0066 487 100 499 135
cat 0.0046 459 49 499 77
dog 0.0109 458 49 500 79
bottle 0.1155 401 11 410 30
bottle 0.0095 412 0 423 29
bottle 0.0087 3 8 23 62
bottle 0.0074 70 12 87 63
bottle 0.0015 5 6 21 43
bottle 0.0011 0 0 8 8
chair 0.1188 129 177 461 372
chair 0.0609 482 307 499 373
chair 0.0354 0 237 41 373
chair 0.0280 445 0 499 59
chair 0.0202 424 289 499 372
chair 0.0160 0 89 60 237
chair 0.0155 278 243 447 371
chair 0.0152 414 170 499 370
chair 0.0127 0 237 11 276
chair 0.0120 0 89 61 161
chair 0.0072 282 36 305 85
chair 0.0065 426 1 499 110
chair 0.0053 214 92 253 124
chair 0.0035 0 234 11 321
chair 0.0034 286 176 489 369
chair 0.0033 0 344 42 374
chair 0.0032 415 174 452 267
chair 0.0025 0 2 65 54
chair 0.0023 1 74 211 157
chair 0.0019 315 39 327 81
chair 0.0018 0 290 22 371
chair 0.0017 282 37 329 86
chair 0.0016 208 170 262 218
chair 0.0015 54 92 89 114
chair 0.0013 0 239 21 351
chair 0.0012 428 90 498 149
chair 0.0011 466 78 500 111
sofa 0.1577 1 88 243 371
sofa 0.1029 0 238 41 372
sofa 0.0783 0 87 59 372
sofa 0.0393 0 89 61 162
sofa 0.0135 0 135 19 376
sofa 0.0124 0 237 11 276
sofa 0.0111 0 99 119 370
sofa 0.0103 0 88 63 229
sofa 0.0069 0 87 211 164
sofa 0.0034 0 237 150 370
sofa 0.0024 0 343 42 374
sofa 0.0019 0 240 18 348
sofa 0.0015 0 291 22 371
sofa 0.0014 465 75 500 109
sofa 0.0010 308 76 498 369
pottedplant 0.1950 0 143 14 237
pottedplant 0.0270 0 135 16 357
pottedplant 0.0014 0 142 15 190
pottedplant 0.0013 0 92 50 242
pottedplant 0.0011 0 195 12 272
pottedplant 0.0010 0 142 11 167
diningtable 0.0907 482 307 499 373
diningtable 0.0553 484 309 499 338
diningtable 0.0032 -1 61 91 92
diningtable 0.0024 426 292 500 372
diningtable 0.0016 -7 217 396 370
