person 0.7692 238 111 266 135
person 0.2852 192 93 212 118
person 0.1102 213 176 230 190
person 0.0807 253 173 275 189
person 0.0535 250 94 264 109
person 0.0481 161 95 183 119
person 0.0460 167 93 193 121
person 0.0378 241 96 266 132
person 0.0329 173 97 212 144
person 0.0296 262 174 279 189
person 0.0217 222 176 241 189
person 0.0172 254 173 267 186
person 0.0108 223 95 244 132
person 0.0099 159 95 173 117
person 0.0082 245 93 265 120
person 0.0080 208 177 225 191
person 0.0075 159 94 185 143
person 0.0048 224 94 241 109
person 0.0047 0 177 29 332
person 0.0037 192 104 206 118
person 0.0037 258 173 272 185
person 0.0034 172 99 206 121
person 0.0034 276 104 287 138
person 0.0031 160 95 169 112
person 0.0030 207 134 219 143
person 0.0025 265 174 276 184
person 0.0025 222 135 228 143
person 0.0022 231 95 244 108
person 0.0018 11 358 43 404
person 0.0015 163 94 177 112
person 0.0013 224 115 243 136
person 0.0013 221 131 230 143
person 0.0012 200 93 213 108
person 0.0012 215 133 228 143
person 0.0012 269 174 283 190
person 0.0011 228 95 250 120
person 0.0010 209 110 233 143
person 0.0010 159 102 170 120
person 0.0010 207 126 220 144
person 0.0010 174 118 204 144
car 0.9492 190 165 297 240
car 0.0040 277 105 288 140
bus 0.9608 145 55 287 221
cow 0.0017 490 195 499 217
