person 0.8954 0 136 31 204
person 0.8516 30 164 84 238
person 0.0913 458 159 468 190
person 0.0349 47 167 81 208
person 0.0287 455 172 468 190
person 0.0237 63 167 94 193
person 0.0109 66 154 78 168
person 0.0067 460 158 467 174
person 0.0066 61 166 96 229
person 0.0064 45 157 94 195
person 0.0057 450 161 471 199
person 0.0042 459 180 473 200
person 0.0018 26 165 33 182
person 0.0014 31 170 50 219
person 0.0013 43 147 59 169
person 0.0013 20 143 32 186
bicycle 0.0535 43 147 59 170
car 0.0631 42 147 60 169
car 0.0054 469 132 500 142
car 0.0018 51 148 61 168
bus 0.9760 61 23 468 219
bus 0.0248 0 99 66 167
bus 0.0149 0 100 65 133
bus 0.0023 65 21 468 77
bus 0.0021 0 106 16 132
bus 0.0017 64 180 465 221
bus 0.0010 0 106 17 166
chair 0.2467 0 187 23 282
chair 0.0314 145 104 160 126
chair 0.0134 192 97 205 125
chair 0.0051 175 97 193 125
chair 0.0045 159 99 172 125
chair 0.0028 130 103 146 126
chair 0.0015 93 104 112 127
chair 0.0011 0 187 20 207
chair 0.0010 158 99 181 116
chair 0.0010 0 186 21 232
diningtable 0.0010 0 190 26 234
