person 0.9432 159 118 287 331
person 0.1403 61 43 81 68
person 0.1264 0 56 22 88
person 0.0933 87 44 106 67
person 0.0531 64 84 84 107
person 0.0349 90 79 106 102
person 0.0013 64 84 74 98
cat 0.0032 117 164 141 179
bottle 0.4971 99 208 110 249
bottle 0.1114 82 213 100 258
bottle 0.0566 113 230 125 254
bottle 0.0260 483 156 500 191
bottle 0.0260 356 195 371 224
bottle 0.0210 101 219 115 251
bottle 0.0169 488 173 499 193
bottle 0.0159 32 216 45 238
bottle 0.0103 231 82 250 119
bottle 0.0085 154 156 166 179
bottle 0.0056 493 170 500 190
bottle 0.0054 12 216 32 244
bottle 0.0032 482 169 492 190
bottle 0.0029 102 230 112 251
bottle 0.0027 109 219 118 232
bottle 0.0025 236 98 249 119
bottle 0.0023 29 259 48 282
bottle 0.0020 252 142 264 163
bottle 0.0020 257 96 264 122
bottle 0.0019 157 164 165 179
bottle 0.0018 493 193 500 203
bottle 0.0016 491 174 500 204
bottle 0.0015 123 216 136 247
bottle 0.0015 51 218 59 231
bottle 0.0014 341 193 368 223
bottle 0.0013 52 222 58 231
bottle 0.0012 256 51 264 76
chair 0.3356 173 260 246 323
chair 0.1536 223 262 341 370
chair 0.1536 215 260 246 291
chair 0.0458 166 212 289 329
chair 0.0278 0 125 148 236
chair 0.0163 269 214 298 251
chair 0.0124 0 339 29 374
chair 0.0114 211 212 297 287
chair 0.0060 207 260 247 331
chair 0.0060 180 284 208 319
chair 0.0049 269 214 316 276
chair 0.0043 206 228 249 290
chair 0.0036 143 184 162 232
chair 0.0032 147 136 181 180
chair 0.0027 147 122 260 328
chair 0.0021 161 230 234 315
chair 0.0019 269 214 298 229
chair 0.0016 126 135 182 217
chair 0.0012 165 137 181 152
chair 0.0010 181 226 266 290
sofa 0.7783 0 125 149 237
sofa 0.0176 0 339 29 374
sofa 0.0020 0 132 157 355
pottedplant 0.0703 135 1 163 85
pottedplant 0.0254 136 38 161 59
pottedplant 0.0053 136 38 160 82
pottedplant 0.0029 114 37 128 84
diningtable 0.2889 306 199 448 293
diningtable 0.0093 0 210 165 343
diningtable 0.0063 448 198 499 314
diningtable 0.0027 308 200 445 245
tvmonitor 0.0108 449 226 500 316
