person 0.6044 1 3 303 371
person 0.5998 208 83 436 371
person 0.0671 0 3 158 307
person 0.0287 479 142 499 157
person 0.0171 278 82 407 207
person 0.0096 0 148 33 313
person 0.0073 478 139 500 185
person 0.0071 0 243 31 312
person 0.0070 477 126 500 160
person 0.0019 0 246 34 365
person 0.0015 409 40 420 60
person 0.0015 1 5 69 308
person 0.0011 207 128 314 369
person 0.0010 236 86 426 250
person 0.0010 0 19 36 309
bottle 0.9308 415 112 499 371
bottle 0.0268 167 223 189 260
bottle 0.0207 111 88 140 109
bottle 0.0151 480 138 499 276
bottle 0.0113 489 229 499 308
bottle 0.0106 491 219 499 282
bottle 0.0095 492 257 499 309
bottle 0.0077 489 246 499 369
bottle 0.0063 494 328 499 374
bottle 0.0053 472 154 499 185
bottle 0.0050 492 297 500 370
bottle 0.0049 487 179 499 306
bottle 0.0047 495 272 499 307
bottle 0.0033 493 274 500 344
bottle 0.0030 110 58 140 110
bottle 0.0026 467 115 500 293
bottle 0.0022 468 126 478 152
bottle 0.0021 491 177 499 254
bottle 0.0019 493 253 500 276
bottle 0.0017 488 251 499 280
bottle 0.0013 494 226 500 268
bottle 0.0011 492 153 500 212
bottle 0.0010 473 144 500 216
chair 0.0430 197 325 226 374
chair 0.0239 479 142 499 157
chair 0.0147 479 140 499 188
chair 0.0122 0 306 54 373
chair 0.0106 470 128 500 156
chair 0.0068 0 243 31 311
chair 0.0063 471 152 499 182
chair 0.0056 2 299 230 373
chair 0.0051 491 154 499 188
chair 0.0043 206 273 415 373
chair 0.0038 207 192 430 370
chair 0.0034 196 322 268 374
chair 0.0030 470 152 499 167
chair 0.0023 204 324 421 374
chair 0.0019 194 289 227 373
chair 0.0018 209 276 295 373
chair 0.0017 407 122 499 178
chair 0.0016 0 334 33 372
chair 0.0015 240 345 273 374
chair 0.0014 0 244 49 369
chair 0.0011 422 128 444 152
chair 0.0010 0 218 223 369
sofa 0.0021 383 138 419 161
pottedplant 0.4021 476 86 499 130
pottedplant 0.0109 476 37 499 136
pottedplant 0.0082 471 90 500 158
pottedplant 0.0018 490 90 500 126
pottedplant 0.0010 476 129 499 155
diningtable 0.0480 207 191 501 370
diningtable 0.0461 0 296 225 372
diningtable 0.0250 284 323 499 370
diningtable 0.0246 0 304 54 371
diningtable 0.0075 169 266 211 298
diningtable 0.0068 167 230 225 372
diningtable 0.0042 471 131 500 179
diningtable 0.0040 210 301 500 371
diningtable 0.0039 166 244 217 298
diningtable 0.0035 1 230 249 370
diningtable 0.0019 470 152 499 164
diningtable 0.0019 0 303 120 372
diningtable 0.0018 469 127 499 148
diningtable 0.0010 27 286 360 372
tvmonitor 0.0079 489 29 499 114
tvmonitor 0.0059 478 34 499 129
tvmonitor 0.0012 468 9 500 143
