person 0.2785 0 250 15 274
person 0.2276 66 243 110 277
person 0.1013 202 258 212 269
person 0.0497 257 253 288 286
person 0.0493 190 257 204 270
person 0.0474 0 211 191 328
person 0.0301 182 257 197 270
person 0.0289 85 244 125 277
person 0.0213 39 246 87 273
person 0.0200 256 263 278 285
person 0.0192 316 253 340 271
person 0.0136 274 255 289 286
person 0.0125 313 256 342 280
person 0.0121 87 245 109 275
person 0.0077 312 259 322 274
person 0.0068 191 257 200 266
person 0.0066 308 259 323 281
person 0.0055 352 253 367 274
person 0.0053 358 237 371 244
person 0.0051 269 264 287 286
person 0.0049 197 258 209 270
person 0.0049 361 253 393 277
person 0.0048 312 258 329 279
person 0.0046 19 245 68 274
person 0.0045 164 257 178 267
person 0.0040 171 256 186 270
person 0.0038 311 251 330 271
person 0.0030 167 255 222 274
person 0.0026 246 252 276 285
person 0.0024 309 255 324 272
person 0.0022 366 270 385 280
person 0.0021 350 252 379 276
person 0.0020 24 246 54 260
person 0.0019 386 251 394 258
person 0.0018 336 252 366 274
person 0.0017 206 258 220 271
person 0.0017 323 204 330 218
person 0.0015 105 241 134 275
person 0.0015 379 256 399 276
person 0.0015 276 254 289 268
person 0.0015 313 250 328 258
person 0.0014 187 256 196 266
person 0.0012 371 240 376 245
person 0.0012 485 221 491 230
person 0.0011 0 250 40 273
person 0.0011 325 198 333 218
person 0.0010 185 257 215 271
person 0.0010 350 270 365 281
car 0.9361 192 240 473 331
car 0.9222 0 209 190 330
car 0.8903 159 250 228 312
car 0.0044 339 237 353 243
car 0.0043 2 295 130 330
car 0.0039 317 237 333 242
car 0.0030 283 236 319 243
car 0.0017 293 226 426 243
car 0.0016 0 276 169 330
car 0.0012 492 247 499 269
car 0.0011 2 208 133 231
bus 0.0031 484 220 500 269
train 0.0036 295 226 429 244
pottedplant 0.0048 259 227 282 247
tvmonitor 0.0546 320 191 398 225
