person 0.0090 485 125 498 142
person 0.0034 326 34 338 58
person 0.0028 132 56 144 75
dog 0.0044 390 123 413 161
horse 0.0261 389 124 414 160
bottle 0.0361 136 139 158 175
bottle 0.0274 493 93 500 117
bottle 0.0142 481 89 496 116
bottle 0.0125 249 195 256 206
chair 0.9222 135 212 239 330
chair 0.8790 284 225 380 331
chair 0.3811 253 162 297 206
chair 0.2464 154 179 191 197
chair 0.1252 287 172 338 216
chair 0.0911 120 206 146 323
chair 0.0506 290 176 408 299
chair 0.0433 130 176 190 204
chair 0.0304 130 176 160 206
chair 0.0269 194 177 237 208
chair 0.0261 348 190 408 302
chair 0.0164 117 196 134 255
chair 0.0162 318 177 358 226
chair 0.0104 253 157 333 208
chair 0.0082 129 214 143 273
chair 0.0067 347 192 390 241
chair 0.0054 117 192 141 284
chair 0.0042 253 185 293 206
chair 0.0041 120 175 156 248
chair 0.0036 270 165 354 224
chair 0.0029 129 178 139 207
chair 0.0024 124 173 193 283
chair 0.0023 122 175 136 213
chair 0.0023 288 174 394 238
chair 0.0018 194 177 225 196
chair 0.0017 126 176 135 201
chair 0.0016 98 143 107 192
chair 0.0016 117 174 135 229
chair 0.0014 290 197 321 216
chair 0.0011 122 122 152 154
chair 0.0011 151 177 236 199
chair 0.0010 130 221 148 330
sofa 0.0079 281 179 408 299
sofa 0.0038 348 189 408 303
pottedplant 0.0011 98 144 107 190
diningtable 0.8444 133 185 406 328
diningtable 0.0010 133 187 310 272
tvmonitor 0.0143 0 89 15 159
tvmonitor 0.0087 0 176 17 225
tvmonitor 0.0037 0 70 26 166
