person 0.9200 10 19 66 186
person 0.8463 140 36 176 133
person 0.7295 169 41 201 119
person 0.6640 437 46 499 177
person 0.3297 462 46 499 87
person 0.0527 470 60 499 112
person 0.0389 475 46 498 70
person 0.0288 278 43 287 56
person 0.0170 300 48 311 58
person 0.0127 267 42 289 98
person 0.0126 480 48 499 89
person 0.0108 178 53 214 113
person 0.0104 396 64 432 119
person 0.0066 145 36 176 82
person 0.0057 276 43 290 91
person 0.0055 492 63 499 109
person 0.0053 473 63 498 89
person 0.0052 489 60 499 69
person 0.0048 449 93 465 123
person 0.0045 494 67 499 84
person 0.0039 462 47 480 82
person 0.0037 288 46 314 101
person 0.0034 279 43 292 62
person 0.0032 451 138 469 181
person 0.0030 489 51 499 69
person 0.0026 492 65 499 80
person 0.0024 436 89 462 124
person 0.0024 438 104 471 180
person 0.0021 290 47 312 66
person 0.0018 278 42 289 72
person 0.0017 162 106 180 128
person 0.0016 489 67 499 87
person 0.0014 483 68 500 111
person 0.0013 240 98 263 117
person 0.0010 452 104 464 123
bicycle 0.0049 163 106 181 130
car 0.8110 68 61 122 98
car 0.7622 3 0 454 325
car 0.4304 396 84 467 135
car 0.2323 109 25 240 99
car 0.0923 3 190 497 367
car 0.0345 391 82 498 190
car 0.0214 426 83 468 123
car 0.0099 79 59 167 99
car 0.0092 438 61 499 182
car 0.0080 415 83 472 177
car 0.0080 0 113 24 174
car 0.0076 1 27 238 184
car 0.0071 396 64 432 118
car 0.0068 410 31 499 84
car 0.0054 233 43 289 100
car 0.0051 0 72 13 86
car 0.0039 431 79 467 90
car 0.0034 422 73 504 138
car 0.0028 422 122 456 137
car 0.0028 0 109 70 179
car 0.0026 435 53 500 119
car 0.0025 406 89 448 125
car 0.0024 169 93 290 142
car 0.0019 430 84 466 98
car 0.0017 51 59 91 87
car 0.0015 116 67 122 99
car 0.0013 384 115 452 223
car 0.0013 1 3 468 145
car 0.0013 173 26 240 103
car 0.0011 271 1 454 300
car 0.0010 266 50 288 99
bottle 0.0093 494 86 499 113
bottle 0.0060 489 100 496 112
chair 0.0033 487 84 499 111
pottedplant 0.0238 494 83 499 112
pottedplant 0.0064 487 83 499 111
pottedplant 0.0014 477 67 499 112
tvmonitor 0.0021 0 5 100 86
