person 0.9437 91 354 182 499
person 0.8600 300 377 314 410
person 0.7780 264 377 271 394
person 0.6556 255 377 263 393
person 0.1577 237 376 240 387
person 0.0797 214 374 218 383
person 0.0265 227 375 233 386
person 0.0179 223 384 231 403
person 0.0098 220 373 224 385
person 0.0096 230 376 239 387
person 0.0082 211 374 218 386
person 0.0041 170 373 176 381
person 0.0034 187 386 205 405
person 0.0028 92 369 97 383
person 0.0012 164 373 168 382
person 0.0011 151 375 156 384
person 0.0010 253 379 258 391
bicycle 0.0010 198 395 204 403
bicycle 0.0010 196 392 208 403
car 0.0047 190 374 195 382
car 0.0043 187 389 205 405
car 0.0029 209 374 215 381
car 0.0014 170 373 176 381
car 0.0011 166 372 176 382
car 0.0010 205 396 228 405
bus 0.0900 175 368 196 384
bus 0.0060 183 369 194 383
bus 0.0014 189 372 196 383
pottedplant 0.3287 276 383 288 397
pottedplant 0.0092 0 386 32 407
pottedplant 0.0036 205 380 227 404
pottedplant 0.0025 223 388 231 404
pottedplant 0.0023 205 395 228 405
pottedplant 0.0012 65 383 82 399
