person 0.9458 0 80 198 329
person 0.8827 415 200 499 329
person 0.8500 139 139 208 205
person 0.8405 243 96 285 174
person 0.8335 319 117 454 225
person 0.8103 275 95 339 197
person 0.8051 468 122 499 220
person 0.7450 320 58 385 148
person 0.7205 252 136 301 192
person 0.6849 187 100 196 129
person 0.6792 350 67 380 105
person 0.6769 0 108 29 159
person 0.6444 180 103 188 129
person 0.6059 434 71 499 166
person 0.5855 0 138 17 176
person 0.4243 0 230 34 310
person 0.3937 433 113 453 139
person 0.2862 90 87 144 192
person 0.1681 28 115 58 145
person 0.1483 434 112 466 198
person 0.0901 433 112 465 155
person 0.0495 0 136 33 313
person 0.0463 425 72 499 322
person 0.0399 103 84 130 128
person 0.0294 10 107 21 128
person 0.0280 89 130 127 184
person 0.0240 103 85 120 103
person 0.0202 135 165 158 210
person 0.0149 320 58 357 117
person 0.0135 89 99 145 269
person 0.0125 101 85 134 174
person 0.0099 45 127 59 144
person 0.0062 1 137 68 328
person 0.0059 96 106 205 312
person 0.0057 350 66 392 119
person 0.0047 18 98 29 127
person 0.0044 468 170 486 203
person 0.0042 351 61 371 88
person 0.0038 485 161 499 193
person 0.0038 0 137 17 236
person 0.0036 310 128 474 318
person 0.0036 176 113 188 128
person 0.0035 466 72 499 130
person 0.0033 0 230 21 262
person 0.0031 257 133 281 165
person 0.0031 0 108 11 141
person 0.0028 388 126 457 224
person 0.0027 472 169 500 221
person 0.0026 403 69 501 200
person 0.0025 375 99 388 116
person 0.0025 477 122 500 179
person 0.0024 120 93 128 107
person 0.0024 129 142 167 209
person 0.0024 436 125 499 229
person 0.0023 138 164 158 186
person 0.0022 345 98 388 145
person 0.0020 26 94 56 142
person 0.0019 189 100 194 108
person 0.0018 94 138 157 213
person 0.0018 2 80 149 242
person 0.0016 0 137 10 154
person 0.0016 11 107 17 114
person 0.0015 44 96 55 117
person 0.0015 338 122 368 161
person 0.0015 1 115 57 170
person 0.0014 284 127 294 137
person 0.0012 0 108 19 148
person 0.0012 116 87 128 107
person 0.0011 74 -26 524 391
person 0.0011 15 112 22 128
person 0.0011 -2 231 53 331
person 0.0011 321 118 375 208
person 0.0011 91 85 201 218
person 0.0010 16 131 29 156
person 0.0010 0 130 10 148
person 0.0010 352 97 388 123
bicycle 0.0013 446 151 465 194
dog 0.0031 171 118 183 129
cow 0.0337 28 115 58 145
bottle 0.3604 401 212 433 254
bottle 0.0231 188 167 204 182
bottle 0.0010 407 213 430 229
chair 0.7994 0 270 104 331
chair 0.0374 0 212 109 333
chair 0.0097 0 239 34 297
chair 0.0058 235 148 246 184
chair 0.0042 92 206 126 262
chair 0.0041 446 153 465 195
chair 0.0028 280 125 292 137
chair 0.0027 321 174 335 191
chair 0.0025 0 125 127 330
chair 0.0024 245 172 259 188
chair 0.0022 0 269 34 330
chair 0.0021 275 123 286 136
chair 0.0020 16 128 29 156
chair 0.0019 247 151 263 167
chair 0.0017 0 278 8 305
chair 0.0016 0 298 32 332
chair 0.0015 265 133 280 146
chair 0.0013 245 155 251 169
chair 0.0013 1 265 192 332
chair 0.0011 245 176 274 190
chair 0.0011 0 231 57 331
chair 0.0010 1 250 34 280
diningtable 0.7499 113 184 491 326
diningtable 0.0148 469 217 499 241
diningtable 0.0068 437 215 499 244
diningtable 0.0052 113 181 304 301
diningtable 0.0039 290 206 499 307
diningtable 0.0019 463 239 499 248
diningtable 0.0018 375 242 491 284
diningtable 0.0010 185 183 295 217
