person 0.9244 363 175 499 371
person 0.9148 203 181 303 372
person 0.9092 337 90 469 360
person 0.9074 0 108 190 370
person 0.1848 0 327 66 373
person 0.0142 434 174 499 371
person 0.0059 0 283 67 372
person 0.0023 0 183 67 371
person 0.0015 139 242 214 295
person 0.0014 0 173 3 187
person 0.0013 43 125 445 382
bottle 0.0042 144 243 214 294
chair 0.6328 0 4 232 230
chair 0.0903 463 137 499 188
chair 0.0022 491 58 499 112
chair 0.0018 463 134 499 252
chair 0.0017 492 78 500 121
chair 0.0012 464 170 499 188
chair 0.0010 485 6 499 115
sofa 0.6559 0 4 232 231
sofa 0.2761 463 137 499 188
sofa 0.0061 0 296 68 373
sofa 0.0057 463 137 499 255
sofa 0.0038 68 187 444 373
sofa 0.0018 0 103 241 370
sofa 0.0010 -3 78 475 383
pottedplant 0.0101 489 59 499 121
pottedplant 0.0038 493 71 499 110
tvmonitor 0.0012 488 7 499 120
