person 0.0048 0 8 14 64
person 0.0013 58 76 78 101
bird 0.0176 58 76 83 105
bird 0.0013 58 76 75 94
bottle 0.0011 365 168 375 200
chair 0.8535 241 206 368 425
chair 0.7732 10 184 102 410
chair 0.0036 8 185 97 298
chair 0.0035 326 206 368 270
chair 0.0020 0 184 12 287
chair 0.0018 267 204 369 324
chair 0.0015 6 177 172 440
chair 0.0013 8 183 48 250
chair 0.0010 321 201 369 389
diningtable 0.6167 79 170 266 484
diningtable 0.0257 80 171 263 263
diningtable 0.0060 337 185 374 236
diningtable 0.0027 323 185 373 267
diningtable 0.0023 353 193 374 233
tvmonitor 0.6265 89 48 292 193
tvmonitor 0.1500 98 0 289 58
tvmonitor 0.0102 47 69 89 121
