person 0.9581 21 32 108 284
person 0.0235 180 116 219 151
person 0.0071 22 104 107 208
person 0.0032 192 116 216 143
person 0.0017 137 125 156 151
person 0.0015 0 121 30 161
person 0.0010 197 117 229 149
person 0.0010 153 111 215 153
car 0.8917 88 94 388 287
car 0.1531 22 140 40 167
car 0.1510 0 134 39 170
car 0.0110 0 95 38 169
car 0.0082 0 129 3 140
car 0.0077 22 137 106 175
car 0.0069 21 139 75 167
car 0.0043 0 89 26 116
car 0.0030 6 130 84 169
car 0.0026 0 113 26 148
car 0.0016 0 121 30 161
car 0.0015 0 114 3 125
car 0.0014 14 127 30 140
car 0.0013 -1 126 29 140
car 0.0012 0 113 4 140
car 0.0011 13 126 33 158
car 0.0010 2 92 17 114
boat 0.0088 482 116 499 121
dog 0.0352 399 193 423 204
cow 0.1710 399 193 423 204
