person 0.9193 79 3 158 210
person 0.3542 63 32 81 53
person 0.0940 46 25 64 51
person 0.0557 45 24 64 71
person 0.0445 45 17 174 247
person 0.0308 46 57 119 213
person 0.0284 122 16 134 43
person 0.0261 123 31 134 43
person 0.0163 46 55 83 211
person 0.0103 122 31 145 54
person 0.0070 77 89 196 315
person 0.0054 54 25 71 51
person 0.0051 119 30 136 49
person 0.0042 60 24 70 41
person 0.0025 23 48 37 82
person 0.0022 77 33 94 52
person 0.0019 47 25 57 46
person 0.0016 44 81 66 212
person 0.0012 47 151 65 212
horse 0.9485 46 58 211 315
horse 0.0173 0 1 49 98
horse 0.0013 44 64 76 216
