person 0.0138 0 178 11 245
person 0.0029 0 177 17 275
person 0.0010 0 305 43 404
bicycle 0.1281 83 83 120 156
bicycle 0.0725 214 0 242 28
bicycle 0.0025 0 289 43 403
bicycle 0.0025 208 0 313 64
bicycle 0.0024 482 166 499 237
bicycle 0.0021 0 319 48 371
bicycle 0.0013 31 330 47 367
car 0.6746 5 60 497 403
car 0.0482 421 147 499 252
car 0.0206 5 335 497 403
car 0.0120 2 61 497 171
car 0.0028 3 22 257 275
car 0.0027 402 128 436 153
car 0.0024 0 179 17 289
car 0.0022 415 126 499 341
car 0.0010 462 171 500 246
motorbike 0.0157 0 172 42 390
motorbike 0.0017 0 288 44 404
bus 0.0079 0 25 27 269
bottle 0.1432 445 125 453 151
bottle 0.0469 452 125 459 150
bottle 0.0053 435 126 445 151
bottle 0.0023 456 126 471 145
bottle 0.0020 434 125 441 148
bottle 0.0017 453 130 462 150
diningtable 0.0089 423 147 500 174
diningtable 0.0053 423 147 499 221
diningtable 0.0028 417 125 499 173
tvmonitor 0.0079 378 0 437 66
