person 0.9232 191 55 289 194
person 0.8264 78 113 107 154
person 0.8080 335 145 360 227
person 0.7249 389 161 409 183
person 0.6943 483 173 499 200
person 0.4457 12 118 29 148
person 0.3211 48 131 62 149
person 0.2868 456 180 467 194
person 0.1582 83 137 108 154
person 0.0965 79 138 90 153
person 0.0913 118 168 145 219
person 0.0652 113 149 136 200
person 0.0649 336 144 358 184
person 0.0318 10 129 20 148
person 0.0277 430 181 439 193
person 0.0249 354 163 363 186
person 0.0237 394 171 416 225
person 0.0175 371 172 375 183
person 0.0155 148 172 169 214
person 0.0133 31 131 37 148
person 0.0130 386 171 394 182
person 0.0126 102 147 154 220
person 0.0104 383 168 392 182
person 0.0092 370 167 379 183
person 0.0089 2 128 20 149
person 0.0082 484 173 500 230
person 0.0082 0 116 15 148
person 0.0080 43 128 51 148
person 0.0079 376 177 394 192
person 0.0078 0 143 13 150
person 0.0072 54 130 62 143
person 0.0062 484 184 499 211
person 0.0058 336 144 345 156
person 0.0056 381 172 387 182
person 0.0052 372 167 386 184
person 0.0049 386 163 416 211
person 0.0048 59 113 69 148
person 0.0047 169 180 194 224
person 0.0042 336 144 353 158
person 0.0040 494 193 500 205
person 0.0039 312 144 361 226
person 0.0037 406 179 416 186
person 0.0035 32 128 50 148
person 0.0035 490 193 499 208
person 0.0033 29 116 38 148
person 0.0031 377 177 388 187
person 0.0028 0 111 7 146
person 0.0026 357 166 364 183
person 0.0022 132 171 144 200
person 0.0022 179 186 193 223
person 0.0022 495 173 500 182
person 0.0021 473 173 498 195
person 0.0021 102 164 129 200
person 0.0020 491 174 500 193
person 0.0020 146 171 193 220
person 0.0018 402 164 415 183
person 0.0018 377 180 386 192
person 0.0017 181 207 206 239
person 0.0017 376 177 383 184
person 0.0015 115 155 187 219
person 0.0013 94 58 287 205
person 0.0013 80 136 89 149
person 0.0013 0 131 15 154
person 0.0013 79 113 89 125
person 0.0012 460 180 467 189
person 0.0011 53 130 68 149
person 0.0011 375 167 379 180
person 0.0011 216 58 221 64
person 0.0011 47 115 103 151
person 0.0011 0 114 5 126
person 0.0010 351 149 363 182
person 0.0010 334 144 345 165
person 0.0010 10 122 70 149
bicycle 0.0028 490 198 499 209
car 0.6203 467 172 499 194
car 0.1998 483 173 500 198
car 0.0372 462 155 500 180
car 0.0352 485 155 499 172
car 0.0048 273 185 346 218
car 0.0018 455 180 488 194
car 0.0015 480 172 500 187
car 0.0013 284 186 337 201
car 0.0012 365 166 498 200
car 0.0010 281 187 324 215
horse 0.9284 97 95 352 324
horse 0.0014 272 129 348 197
horse 0.0013 102 82 266 217
chair 0.0706 373 192 404 228
chair 0.0188 353 190 386 225
chair 0.0164 374 173 412 227
chair 0.0113 426 194 464 231
chair 0.0085 396 189 412 226
chair 0.0084 411 183 433 193
chair 0.0073 377 181 399 192
chair 0.0058 409 194 435 229
chair 0.0050 486 199 499 209
chair 0.0047 430 181 440 194
chair 0.0046 393 184 401 191
chair 0.0045 394 182 410 192
chair 0.0037 428 206 451 232
chair 0.0035 214 85 234 109
chair 0.0035 406 180 416 193
chair 0.0032 373 191 403 207
chair 0.0028 415 182 441 194
chair 0.0028 142 84 203 104
chair 0.0026 443 187 452 194
chair 0.0025 484 185 500 211
chair 0.0024 484 194 499 203
chair 0.0021 299 187 341 224
chair 0.0021 402 179 416 224
chair 0.0017 471 199 499 210
chair 0.0015 471 186 485 194
chair 0.0014 141 86 159 104
chair 0.0012 362 206 380 225
chair 0.0010 410 192 434 207
pottedplant 0.0024 0 143 13 153
pottedplant 0.0011 481 195 499 243
diningtable 0.0390 354 188 484 230
diningtable 0.0335 354 191 403 227
diningtable 0.0251 363 185 469 204
diningtable 0.0222 427 193 467 207
diningtable 0.0210 427 194 480 232
diningtable 0.0061 354 188 387 201
diningtable 0.0052 356 182 380 191
diningtable 0.0051 385 190 449 230
diningtable 0.0050 409 184 435 195
diningtable 0.0038 428 194 456 224
diningtable 0.0036 369 181 487 197
diningtable 0.0034 352 191 402 205
diningtable 0.0031 456 195 501 207
diningtable 0.0024 470 197 499 209
diningtable 0.0024 412 200 453 231
diningtable 0.0021 403 185 453 207
diningtable 0.0016 409 182 443 202
diningtable 0.0013 375 179 416 194
diningtable 0.0011 409 192 435 207
diningtable 0.0011 355 193 380 204
diningtable 0.0010 449 195 471 204
diningtable 0.0010 471 195 495 205
diningtable 0.0010 439 188 467 195
