person 0.1453 277 133 287 152
person 0.0490 8 68 26 99
person 0.0454 82 81 97 108
person 0.0320 80 259 91 288
person 0.0276 146 87 157 116
person 0.0256 199 133 209 154
person 0.0201 274 132 287 165
person 0.0190 271 132 288 193
person 0.0094 273 121 283 146
person 0.0033 379 112 384 124
person 0.0020 441 79 450 105
person 0.0020 65 240 87 294
person 0.0019 84 260 91 281
person 0.0018 226 135 238 143
person 0.0015 372 114 377 124
person 0.0015 77 241 91 289
person 0.0012 261 128 294 202
person 0.0011 183 60 359 256
person 0.0010 388 106 392 124
person 0.0010 215 130 225 144
car 0.0017 0 40 54 55
train 0.7833 179 64 366 266
train 0.5450 0 41 355 138
train 0.0551 0 35 365 259
train 0.0025 0 40 55 55
train 0.0012 40 45 192 68
bird 0.0014 411 89 431 110
