person 0.7607 248 167 265 188
person 0.1611 343 281 349 290
person 0.1325 356 281 362 288
person 0.1189 333 281 340 291
person 0.0947 368 280 372 287
person 0.0918 350 281 355 289
person 0.0709 319 281 327 291
person 0.0648 377 279 382 286
person 0.0632 362 281 367 287
person 0.0407 326 281 332 291
person 0.0170 247 163 266 215
person 0.0118 335 96 341 105
person 0.0115 319 280 334 291
person 0.0087 348 281 358 289
person 0.0050 371 279 383 287
person 0.0046 244 203 253 221
person 0.0043 245 203 264 223
person 0.0040 244 204 262 241
person 0.0034 239 170 276 221
person 0.0031 335 96 347 106
person 0.0026 378 92 386 101
person 0.0020 366 280 375 287
person 0.0018 243 200 272 262
person 0.0017 360 280 370 288
person 0.0015 312 96 320 105
person 0.0011 247 203 282 240
person 0.0011 244 203 254 239
person 0.0010 355 262 362 270
car 0.0723 295 96 315 105
car 0.0640 111 103 133 110
car 0.0386 295 97 303 105
car 0.0340 252 99 275 106
car 0.0320 274 97 296 105
car 0.0282 238 100 255 106
car 0.0204 229 100 251 106
car 0.0149 84 105 106 111
car 0.0134 161 100 182 108
car 0.0105 277 96 316 105
car 0.0086 326 97 336 105
car 0.0085 99 105 107 111
car 0.0077 211 100 231 107
car 0.0073 273 98 286 105
car 0.0059 137 101 155 109
car 0.0052 212 102 224 107
car 0.0047 153 97 181 107
car 0.0046 493 84 499 95
car 0.0042 335 98 354 106
car 0.0039 225 100 235 107
car 0.0027 312 96 320 105
car 0.0023 146 103 156 110
car 0.0022 0 109 10 114
car 0.0022 136 96 183 109
car 0.0022 466 96 479 101
car 0.0017 0 108 16 115
car 0.0016 253 101 266 106
car 0.0015 326 95 343 104
car 0.0015 18 110 36 115
car 0.0014 142 101 163 109
car 0.0013 132 102 145 110
car 0.0011 334 95 345 105
car 0.0011 264 98 279 104
car 0.0010 152 99 170 107
car 0.0010 253 97 289 105
boat 0.5173 2 168 493 331
boat 0.3070 1 1 492 337
boat 0.1880 315 106 368 116
boat 0.1332 108 170 333 211
boat 0.0543 107 4 357 245
boat 0.0350 11 189 110 244
boat 0.0282 3 253 496 332
boat 0.0129 8 186 269 278
boat 0.0124 337 107 369 115
boat 0.0101 106 171 285 195
boat 0.0064 317 105 340 113
boat 0.0055 0 256 3 262
boat 0.0050 15 178 369 220
boat 0.0045 10 188 215 240
boat 0.0044 44 168 410 245
boat 0.0042 306 110 318 115
boat 0.0031 65 129 446 280
boat 0.0030 105 169 189 189
boat 0.0028 316 92 368 116
boat 0.0025 492 81 499 96
boat 0.0023 0 256 4 266
boat 0.0022 0 250 34 268
boat 0.0021 269 101 369 117
boat 0.0021 0 217 34 266
boat 0.0020 305 104 340 115
boat 0.0020 136 95 182 109
boat 0.0019 351 109 368 115
boat 0.0018 0 109 17 116
boat 0.0017 237 245 488 331
boat 0.0016 465 97 479 104
boat 0.0016 6 4 280 294
boat 0.0015 0 110 8 115
boat 0.0014 176 177 362 207
boat 0.0014 318 108 340 114
boat 0.0012 305 256 432 283
boat 0.0011 7 -117 503 220
boat 0.0011 305 105 320 115
boat 0.0011 474 99 497 104
boat 0.0010 4 87 182 112
