person 0.9140 330 69 414 156
person 0.8697 36 44 127 152
person 0.8523 106 42 188 102
person 0.7240 190 48 263 154
person 0.3121 382 0 407 12
person 0.0818 382 0 408 47
person 0.0015 165 49 260 115
person 0.0012 376 0 426 53
person 0.0010 100 35 191 174
car 0.0011 120 132 143 171
bird 0.0027 488 232 492 236
horse 0.9434 0 68 174 269
horse 0.9179 125 66 318 256
horse 0.8938 270 86 475 254
horse 0.4331 162 90 213 120
horse 0.1687 0 154 38 269
horse 0.0739 163 53 264 149
horse 0.0302 122 90 212 172
horse 0.0111 95 85 213 232
horse 0.0076 0 109 32 142
horse 0.0068 80 133 158 231
horse 0.0065 161 90 213 151
horse 0.0046 120 130 143 171
horse 0.0025 0 153 17 233
horse 0.0013 127 90 212 128
horse 0.0010 158 95 180 115
pottedplant 0.0046 472 0 500 19
pottedplant 0.0033 470 1 499 55
