person 0.7905 108 88 207 191
person 0.0149 173 102 211 170
bird 0.0061 331 41 363 80
bottle 0.2561 263 156 289 211
bottle 0.2316 284 155 313 219
bottle 0.1428 266 100 297 157
bottle 0.0433 262 101 300 212
bottle 0.0363 289 153 300 184
bottle 0.0108 262 153 276 208
bottle 0.0038 268 99 288 133
bottle 0.0037 273 102 296 135
bottle 0.0033 294 150 310 186
bottle 0.0020 287 152 304 202
bottle 0.0015 290 152 299 171
bottle 0.0015 263 154 272 174
chair 0.0124 331 136 384 187
chair 0.0026 457 168 499 325
pottedplant 0.0870 274 6 368 112
pottedplant 0.0598 253 100 297 156
pottedplant 0.0486 407 60 499 344
pottedplant 0.0459 0 112 55 236
pottedplant 0.0450 0 111 54 174
pottedplant 0.0417 334 68 372 131
pottedplant 0.0327 239 104 268 150
pottedplant 0.0218 408 62 499 179
pottedplant 0.0214 325 4 376 129
pottedplant 0.0121 278 29 326 103
pottedplant 0.0091 330 40 365 80
pottedplant 0.0068 279 0 428 131
pottedplant 0.0053 238 100 299 212
pottedplant 0.0046 313 68 339 127
pottedplant 0.0044 241 133 264 147
pottedplant 0.0035 341 98 370 132
pottedplant 0.0035 0 117 27 167
pottedplant 0.0019 238 103 266 211
pottedplant 0.0015 328 2 368 81
pottedplant 0.0014 0 119 16 236
pottedplant 0.0011 449 64 500 309
diningtable 0.0013 408 34 500 353
tvmonitor 0.9322 46 57 248 225
