person 0.0361 368 113 377 134
person 0.0285 373 107 379 124
person 0.0206 373 107 380 136
person 0.0098 368 108 378 127
person 0.0084 373 107 379 116
person 0.0038 368 109 378 156
cat 0.0369 215 138 282 216
cat 0.0056 129 102 283 219
cat 0.0014 233 200 256 216
dog 0.0015 213 139 282 211
chair 0.2785 474 138 499 284
chair 0.0487 487 254 500 372
chair 0.0158 211 137 282 216
chair 0.0142 40 173 63 307
chair 0.0110 376 137 387 155
chair 0.0051 128 101 283 219
chair 0.0037 491 253 499 317
chair 0.0017 118 91 287 321
chair 0.0015 51 125 240 332
chair 0.0010 384 140 395 156
sofa 0.9317 47 106 294 337
sofa 0.7063 474 138 499 283
sofa 0.0054 211 137 282 216
sofa 0.0011 135 101 286 218
sofa 0.0011 10 201 260 361
diningtable 0.3191 35 299 253 370
diningtable 0.0082 493 254 499 315
diningtable 0.0059 9 222 259 372
diningtable 0.0032 494 253 499 283
diningtable 0.0021 484 256 500 372
tvmonitor 0.1248 0 208 38 370
tvmonitor 0.0317 0 197 17 368
tvmonitor 0.0013 0 150 11 319
