person 0.0760 421 173 460 237
person 0.0191 27 337 112 373
person 0.0112 3 1 207 375
person 0.0025 0 96 69 370
person 0.0021 27 270 112 374
car 0.0376 273 310 332 335
car 0.0066 196 310 332 340
car 0.0022 0 102 58 138
bird 0.8983 239 99 344 256
bird 0.4640 421 173 460 237
bird 0.1155 293 281 320 298
bird 0.0676 51 264 80 351
bird 0.0535 27 337 113 373
bird 0.0191 194 314 246 343
bird 0.0172 481 320 499 351
bird 0.0165 444 177 459 230
bird 0.0159 293 310 332 334
bird 0.0127 408 305 441 336
bird 0.0098 492 321 499 349
bird 0.0081 432 225 438 238
bird 0.0079 423 173 456 193
bird 0.0063 494 321 500 332
bird 0.0061 208 308 330 338
bird 0.0048 432 224 445 238
bird 0.0045 176 238 339 267
bird 0.0039 178 243 279 264
bird 0.0038 174 235 437 272
bird 0.0035 44 264 116 371
bird 0.0032 232 312 282 340
bird 0.0031 221 315 248 340
bird 0.0030 210 178 231 209
bird 0.0029 209 178 253 219
bird 0.0029 490 321 499 334
bird 0.0029 223 110 460 263
bird 0.0023 444 141 461 154
bird 0.0022 231 202 257 228
bird 0.0021 193 327 218 346
bird 0.0020 200 261 225 299
bird 0.0018 193 314 223 326
bird 0.0017 476 321 500 369
bird 0.0015 485 320 500 338
bird 0.0015 422 187 444 237
bird 0.0014 285 282 329 335
bird 0.0012 207 314 224 324
bird 0.0012 447 210 460 229
bird 0.0012 247 166 463 248
bird 0.0012 423 176 433 191
bird 0.0012 236 211 258 244
bird 0.0011 292 283 305 297
bird 0.0010 415 175 460 284
pottedplant 0.0081 0 94 125 371
pottedplant 0.0025 28 264 112 373
