person 0.7133 183 42 369 182
person 0.2328 34 100 230 175
person 0.0625 35 42 300 176
person 0.0422 34 137 196 175
person 0.0066 186 56 291 180
person 0.0046 0 65 11 145
person 0.0040 0 63 13 82
person 0.0010 0 67 61 340
bird 0.0230 0 68 13 81
bird 0.0096 436 186 454 196
bird 0.0042 345 337 371 343
bird 0.0039 460 284 466 289
bird 0.0016 438 180 445 186
bird 0.0015 435 185 482 197
bird 0.0014 474 191 481 197
bottle 0.8602 225 155 277 316
bottle 0.0810 176 110 195 144
bottle 0.0039 244 154 266 181
chair 0.0072 0 64 10 146
pottedplant 0.0147 0 68 13 142
pottedplant 0.0063 0 67 13 84
