person 0.7395 0 250 71 370
person 0.3084 0 249 31 284
person 0.0268 0 277 129 373
person 0.0016 0 250 7 276
person 0.0015 224 115 239 135
person 0.0014 462 189 499 351
person 0.0012 0 269 16 368
bird 0.2546 390 117 411 141
bird 0.1855 393 121 406 138
bird 0.0242 390 117 397 125
bird 0.0131 403 118 411 130
bird 0.0059 394 125 402 137
bird 0.0025 401 131 410 141
bird 0.0015 169 328 173 332
bird 0.0013 391 118 410 130
bird 0.0012 390 121 397 131
bird 0.0010 391 128 397 138
bird 0.0010 389 117 395 122
bottle 0.0021 336 191 349 216
chair 0.1774 399 215 456 254
chair 0.1257 0 333 124 373
chair 0.0627 408 110 499 367
chair 0.0335 0 258 7 275
chair 0.0325 0 342 64 374
chair 0.0263 0 249 31 284
chair 0.0220 0 275 130 372
chair 0.0117 0 334 14 373
chair 0.0101 458 277 499 372
chair 0.0097 385 214 456 306
chair 0.0092 458 302 482 373
chair 0.0080 399 198 487 310
chair 0.0039 368 273 449 371
chair 0.0038 0 339 7 370
chair 0.0030 368 275 440 304
chair 0.0026 332 214 370 264
chair 0.0025 477 271 499 357
chair 0.0022 367 215 493 370
chair 0.0022 0 290 13 371
chair 0.0022 22 276 32 285
chair 0.0020 0 323 37 372
chair 0.0017 399 215 445 237
chair 0.0016 0 321 9 364
chair 0.0016 0 268 47 367
chair 0.0016 87 276 134 336
chair 0.0014 368 260 442 317
chair 0.0014 409 263 498 371
chair 0.0014 0 352 19 374
chair 0.0011 0 342 11 357
chair 0.0011 0 327 13 356
sofa 0.0067 52 335 127 374
sofa 0.0016 -1 287 64 371
pottedplant 0.8538 462 205 499 259
pottedplant 0.8432 29 252 89 297
pottedplant 0.0125 461 206 499 370
pottedplant 0.0050 489 218 500 253
pottedplant 0.0044 64 267 88 289
diningtable 0.5516 20 274 136 342
diningtable 0.3480 400 220 500 372
diningtable 0.0083 478 276 499 372
diningtable 0.0057 405 229 499 288
diningtable 0.0046 459 282 500 374
diningtable 0.0018 368 273 463 308
