person 0.9482 18 188 58 345
person 0.8853 256 226 306 317
person 0.0158 237 269 275 334
person 0.0034 212 272 227 286
person 0.0029 8 494 23 500
person 0.0028 246 241 273 325
person 0.0023 155 360 192 434
person 0.0023 255 258 270 281
person 0.0019 310 1 324 56
person 0.0015 266 224 295 251
person 0.0014 270 431 288 470
person 0.0011 255 239 271 272
person 0.0011 173 365 191 433
dog 0.8539 237 270 275 334
horse 0.9515 131 225 254 317
horse 0.0093 237 270 275 334
horse 0.0035 212 272 227 286
horse 0.0024 15 206 252 337
chair 0.0029 192 463 318 499
diningtable 0.0014 145 367 192 431
