person 0.9423 1 98 304 496
person 0.0160 285 328 331 500
person 0.0030 302 0 314 45
person 0.0028 151 111 307 500
person 0.0014 0 426 123 500
person 0.0013 -4 136 152 490
car 0.0013 0 51 9 81
boat 0.0033 0 265 120 492
bird 0.0012 53 35 69 55
bird 0.0011 38 100 54 129
chair 0.4579 283 318 331 499
chair 0.2148 295 404 331 499
chair 0.0966 134 286 331 501
chair 0.0543 298 286 331 338
chair 0.0188 295 453 330 499
chair 0.0020 135 405 329 499
chair 0.0012 310 400 331 481
chair 0.0011 147 490 207 499
diningtable 0.0012 148 491 222 499
