person 0.8152 120 117 181 162
person 0.0725 492 134 500 206
person 0.0228 301 149 312 160
person 0.0159 195 151 228 195
person 0.0064 220 118 261 194
person 0.0048 220 138 246 193
person 0.0028 195 119 244 194
person 0.0021 239 106 271 154
person 0.0018 123 120 182 207
person 0.0013 494 132 500 172
person 0.0013 219 105 270 166
person 0.0013 285 147 312 171
person 0.0012 197 151 218 173
person 0.0011 148 117 164 138
car 0.0413 495 130 499 143
motorbike 0.0301 495 130 499 143
motorbike 0.0104 492 129 500 204
motorbike 0.0025 494 129 500 166
bus 0.9642 87 42 428 296
bus 0.0018 280 6 429 291
bus 0.0017 -60 0 363 332
bus 0.0016 282 41 428 62
chair 0.0044 194 151 228 199
chair 0.0013 221 148 241 194
