person 0.0274 426 155 443 170
person 0.0188 0 317 9 373
person 0.0163 0 317 6 336
person 0.0095 469 28 500 110
person 0.0068 0 281 44 371
person 0.0051 0 70 52 366
person 0.0045 0 317 25 372
person 0.0017 0 315 7 351
person 0.0014 0 68 124 369
person 0.0014 469 25 499 207
person 0.0011 427 157 436 168
person 0.0010 0 275 10 340
car 0.2269 421 238 454 254
car 0.0947 463 236 476 246
car 0.0764 0 147 313 369
car 0.0628 1 1 497 369
car 0.0420 462 236 485 249
car 0.0365 420 235 479 254
car 0.0282 186 225 204 231
car 0.0262 435 234 455 245
car 0.0152 263 233 275 241
car 0.0113 1 309 500 372
car 0.0067 186 225 214 233
car 0.0055 193 285 498 371
car 0.0055 450 236 479 250
car 0.0047 162 224 180 233
car 0.0044 201 328 498 373
car 0.0035 0 348 9 374
car 0.0026 413 177 425 201
car 0.0026 442 236 457 245
car 0.0024 5 223 496 371
car 0.0023 421 324 500 369
car 0.0022 0 284 306 371
car 0.0017 219 218 244 229
car 0.0016 145 223 180 233
car 0.0015 467 245 476 250
car 0.0015 414 192 425 201
car 0.0012 420 243 429 251
car 0.0012 282 222 295 233
car 0.0012 179 225 190 231
car 0.0010 179 225 204 235
car 0.0010 121 223 147 238
car 0.0010 444 240 461 251
car 0.0010 184 225 218 238
aeroplane 0.0040 152 0 492 265
aeroplane 0.0030 150 1 259 38
aeroplane 0.0017 150 0 362 40
boat 0.4830 288 159 498 250
boat 0.2178 356 156 375 168
boat 0.1990 355 165 400 179
boat 0.1346 369 129 412 169
boat 0.1059 421 235 456 254
boat 0.0591 305 158 400 184
boat 0.0215 367 155 411 169
boat 0.0188 308 175 330 185
boat 0.0126 298 167 399 197
boat 0.0121 434 234 455 244
boat 0.0090 420 233 485 256
boat 0.0090 299 185 329 206
boat 0.0079 310 137 407 185
boat 0.0063 298 180 402 206
boat 0.0063 158 -6 492 265
boat 0.0062 469 156 499 191
boat 0.0053 414 176 425 201
boat 0.0053 288 57 498 249
boat 0.0038 356 143 384 169
boat 0.0037 315 172 485 205
boat 0.0036 288 184 422 247
boat 0.0035 354 150 401 180
boat 0.0032 422 154 445 171
boat 0.0026 330 155 473 179
boat 0.0023 364 113 451 172
boat 0.0019 355 173 400 186
boat 0.0019 326 168 394 179
boat 0.0019 307 174 351 186
boat 0.0013 298 185 354 206
boat 0.0012 380 158 499 205
boat 0.0010 369 161 400 169
boat 0.0010 380 182 424 200
boat 0.0010 378 156 453 171
bird 0.0221 150 1 495 252
bird 0.0098 414 101 453 129
bird 0.0072 0 69 7 77
bird 0.0024 154 4 497 112
bird 0.0017 0 69 11 79
bird 0.0012 442 102 453 107
bird 0.0010 469 29 499 111
chair 0.0032 0 281 41 368
chair 0.0024 0 348 9 374
