person 0.0048 10 0 71 35
person 0.0036 0 62 23 210
bottle 0.0276 186 258 220 324
chair 0.8107 4 66 126 215
chair 0.7960 340 133 499 235
chair 0.0275 16 127 173 227
chair 0.0146 124 160 169 192
chair 0.0116 0 11 10 30
chair 0.0112 0 12 3 29
chair 0.0111 101 76 154 138
chair 0.0094 11 0 71 37
chair 0.0092 120 159 170 219
chair 0.0087 0 139 23 218
chair 0.0085 0 2 15 30
chair 0.0077 0 65 26 142
chair 0.0075 0 67 23 216
chair 0.0069 0 59 73 140
chair 0.0067 304 66 366 110
chair 0.0065 304 9 403 106
chair 0.0051 122 139 171 197
chair 0.0040 0 210 24 219
chair 0.0036 97 198 130 219
chair 0.0035 0 49 80 63
chair 0.0028 9 73 143 156
chair 0.0025 338 190 381 226
chair 0.0024 100 74 162 193
chair 0.0023 98 28 143 137
chair 0.0022 2 166 127 228
chair 0.0022 0 32 64 65
chair 0.0019 0 212 29 237
chair 0.0019 204 36 259 99
chair 0.0017 142 158 171 186
chair 0.0016 76 74 110 142
chair 0.0016 122 162 149 192
chair 0.0015 93 74 112 143
chair 0.0015 69 81 150 153
chair 0.0012 57 61 86 68
sofa 0.0234 381 133 499 235
sofa 0.0016 8 0 145 37
sofa 0.0011 339 86 499 234
pottedplant 0.2911 5 2 390 336
pottedplant 0.0378 1 4 240 229
pottedplant 0.0151 0 27 63 63
pottedplant 0.0138 298 7 393 107
pottedplant 0.0034 0 31 163 179
pottedplant 0.0031 0 16 80 93
pottedplant 0.0021 9 0 149 37
pottedplant 0.0018 0 19 55 138
pottedplant 0.0015 159 57 389 331
pottedplant 0.0011 3 0 235 104
diningtable 0.8260 0 214 498 368
diningtable 0.2338 1 62 123 215
diningtable 0.1310 0 61 100 144
diningtable 0.0373 1 20 493 367
diningtable 0.0228 0 59 87 77
diningtable 0.0061 235 207 499 385
diningtable 0.0058 255 0 374 87
diningtable 0.0050 0 60 89 103
diningtable 0.0044 0 65 26 142
diningtable 0.0036 0 5 120 141
diningtable 0.0024 0 213 136 239
diningtable 0.0019 0 123 23 143
diningtable 0.0011 0 45 86 73
diningtable 0.0011 0 213 227 369
