person 0.0308 60 123 70 130
person 0.0165 54 122 65 130
person 0.0042 42 123 50 131
person 0.0026 409 82 434 101
person 0.0017 388 79 418 103
person 0.0015 37 123 45 132
person 0.0013 216 86 237 109
person 0.0011 125 100 152 117
person 0.0010 74 323 96 373
car 0.9535 271 63 499 225
car 0.9449 28 118 78 153
car 0.9241 76 72 380 251
car 0.5927 251 83 294 104
car 0.3696 0 100 19 268
car 0.0026 251 87 271 103
car 0.0023 246 80 289 89
car 0.0015 265 83 294 99
car 0.0015 265 85 293 116
car 0.0013 0 100 20 156
car 0.0011 0 42 22 224
bus 0.0139 361 1 499 92
bus 0.0083 0 35 6 103
