person 0.7724 2 383 318 499
person 0.7107 340 243 374 450
person 0.6103 14 -5 319 491
person 0.2515 1 -2 133 412
person 0.2037 98 2 277 367
person 0.0106 0 465 114 500
person 0.0096 87 107 258 498
person 0.0091 48 216 307 466
person 0.0049 174 -1 379 489
person 0.0043 1 442 195 501
person 0.0040 205 20 309 468
person 0.0040 1 381 142 499
person 0.0027 0 0 15 47
person 0.0022 107 477 202 499
person 0.0021 1 0 225 298
person 0.0021 266 245 283 276
person 0.0020 306 243 374 474
person 0.0015 205 345 374 495
person 0.0013 6 468 308 500
person 0.0013 92 20 150 371
person 0.0012 4 288 372 491
person 0.0011 1 82 207 497
cat 0.0019 267 454 319 494
cat 0.0017 261 387 372 489
dog 0.0381 206 383 373 488
dog 0.0056 198 411 315 489
dog 0.0031 121 340 374 497
dog 0.0022 304 386 373 482
bottle 0.0097 266 245 283 276
chair 0.0035 216 257 236 313
chair 0.0024 256 240 363 325
chair 0.0016 0 464 15 500
sofa 0.0045 0 465 114 500
sofa 0.0023 4 343 375 498
sofa 0.0011 314 449 374 499
diningtable 0.0066 314 441 374 500
tvmonitor 0.5107 221 81 304 162
