person 0.9394 13 30 311 328
person 0.0024 124 74 265 302
train 0.0127 1 52 499 203
train 0.0013 2 34 497 130
chair 0.0345 486 59 499 118
chair 0.0015 14 170 135 304
sofa 0.8372 0 175 498 327
sofa 0.1070 261 176 498 328
sofa 0.0730 0 170 136 326
sofa 0.0206 2 30 495 307
sofa 0.0032 462 191 499 265
sofa 0.0025 0 171 107 260
sofa 0.0023 3 257 496 328
pottedplant 0.0354 39 0 64 41
pottedplant 0.0132 0 0 22 25
pottedplant 0.0044 39 10 64 63
pottedplant 0.0026 0 1 60 64
pottedplant 0.0026 0 0 23 45
tvmonitor 0.0026 483 59 499 121
