person 0.8056 34 6 328 497
person 0.7289 268 125 375 499
person 0.3004 314 101 374 464
person 0.2769 -2 130 227 501
person 0.2345 307 0 374 84
person 0.0796 0 106 114 502
person 0.0173 308 0 375 264
person 0.0041 237 32 375 253
person 0.0015 0 42 85 369
person 0.0013 319 122 374 293
person 0.0012 268 374 374 499
dog 0.8632 90 334 227 478
dog 0.0011 1 160 316 492
chair 0.0364 0 37 99 182
chair 0.0143 0 27 17 48
chair 0.0083 0 418 65 499
chair 0.0082 212 31 373 265
chair 0.0015 261 461 283 495
sofa 0.4886 29 1 329 499
sofa 0.4172 4 21 371 252
sofa 0.0792 234 23 375 498
sofa 0.0440 0 16 196 500
sofa 0.0241 222 38 374 250
sofa 0.0229 0 38 99 182
sofa 0.0069 0 136 94 500
sofa 0.0036 0 334 66 498
sofa 0.0019 -12 202 387 499
sofa 0.0018 307 0 374 83
sofa 0.0017 -10 367 376 497
sofa 0.0016 0 34 282 188
sofa 0.0014 262 462 282 499
diningtable 0.1873 0 419 64 499
