person 0.8056 199 217 238 258
person 0.7369 87 155 117 244
person 0.6769 141 159 180 246
person 0.6107 255 232 291 284
person 0.5903 0 395 46 468
person 0.5299 119 8 137 59
person 0.4501 29 313 70 370
person 0.4477 28 361 57 415
person 0.2602 73 44 99 105
person 0.1913 7 172 31 207
person 0.1459 263 52 283 85
person 0.1015 131 52 161 88
person 0.0932 72 45 86 75
person 0.0882 154 47 169 64
person 0.0771 260 15 271 58
person 0.0751 31 168 61 189
person 0.0573 2 176 45 240
person 0.0338 55 169 74 188
person 0.0327 304 49 321 84
person 0.0298 270 76 290 100
person 0.0268 225 92 252 130
person 0.0266 40 173 52 189
person 0.0225 136 493 145 499
person 0.0173 48 173 61 190
person 0.0169 40 208 68 239
person 0.0149 20 208 45 240
person 0.0141 72 43 87 100
person 0.0105 235 233 291 306
person 0.0099 266 59 296 100
person 0.0090 299 78 315 89
person 0.0085 266 52 280 67
person 0.0077 159 9 168 19
person 0.0074 120 9 136 34
person 0.0074 174 8 183 20
person 0.0072 81 45 97 75
person 0.0070 269 75 287 90
person 0.0069 0 0 16 10
person 0.0068 187 5 198 28
person 0.0065 202 8 211 19
person 0.0063 288 48 307 71
person 0.0050 293 75 317 97
person 0.0050 290 48 301 60
person 0.0046 316 48 322 60
person 0.0041 1 356 64 458
person 0.0038 131 51 148 65
person 0.0038 5 170 47 214
person 0.0038 261 16 271 39
person 0.0036 299 79 308 88
person 0.0035 72 44 82 61
person 0.0031 0 0 18 21
person 0.0029 215 0 222 9
person 0.0027 168 7 177 20
person 0.0026 130 491 146 500
person 0.0026 130 57 144 91
person 0.0025 278 77 286 85
person 0.0023 28 184 41 198
person 0.0020 2 397 29 429
person 0.0019 113 59 143 92
person 0.0018 183 1 201 30
person 0.0017 154 31 171 62
person 0.0017 153 47 170 79
person 0.0016 256 0 271 35
person 0.0016 215 0 230 17
person 0.0016 231 94 250 111
person 0.0016 155 9 161 19
person 0.0016 14 173 33 198
person 0.0015 127 12 137 34
person 0.0015 141 4 154 19
person 0.0014 316 48 323 82
person 0.0014 54 169 75 203
person 0.0013 199 91 213 115
person 0.0013 219 0 229 10
person 0.0012 163 161 186 267
person 0.0012 274 72 286 86
person 0.0012 0 360 30 444
person 0.0011 142 0 150 7
person 0.0011 120 9 129 24
car 0.0024 305 29 323 56
bottle 0.0066 40 173 51 189
bottle 0.0038 370 162 375 184
bottle 0.0027 199 256 204 264
bottle 0.0022 202 255 209 265
bottle 0.0014 206 28 212 42
bottle 0.0013 29 185 41 198
bottle 0.0010 211 28 217 43
chair 0.8572 145 397 207 499
chair 0.8428 255 384 307 500
chair 0.7971 163 302 215 374
chair 0.7534 227 296 283 371
chair 0.6935 207 443 257 499
chair 0.6729 11 428 66 500
chair 0.6399 311 292 358 374
chair 0.4934 304 215 342 287
chair 0.4690 219 492 271 499
chair 0.4550 45 294 88 365
chair 0.4544 231 101 262 138
chair 0.4090 339 203 370 225
chair 0.4006 306 189 338 233
chair 0.3607 159 340 193 405
chair 0.3599 261 259 294 301
chair 0.3248 216 64 238 91
chair 0.2830 41 373 65 435
chair 0.1943 259 83 273 119
chair 0.1931 141 113 166 143
chair 0.1852 159 250 188 286
chair 0.1831 234 335 279 376
chair 0.1643 205 107 230 148
chair 0.1243 0 182 24 230
chair 0.1218 238 260 294 314
chair 0.1165 164 277 201 312
chair 0.1146 303 170 330 210
chair 0.1001 160 251 202 306
chair 0.0992 107 71 125 97
chair 0.0868 194 69 219 92
chair 0.0839 0 181 42 239
chair 0.0760 73 75 85 99
chair 0.0687 159 250 172 281
chair 0.0639 60 345 75 399
chair 0.0600 97 71 111 99
chair 0.0574 60 317 84 365
chair 0.0530 113 62 143 92
chair 0.0527 180 259 261 360
chair 0.0507 50 294 86 322
chair 0.0484 40 209 68 239
chair 0.0471 195 61 236 92
chair 0.0441 313 213 339 242
chair 0.0382 21 371 67 476
chair 0.0365 109 71 124 86
chair 0.0355 48 346 73 411
chair 0.0345 361 306 374 405
chair 0.0336 339 254 374 307
chair 0.0334 187 107 216 150
chair 0.0282 165 280 193 301
chair 0.0266 168 250 187 278
chair 0.0265 69 98 86 113
chair 0.0260 197 105 217 138
chair 0.0259 131 65 145 91
chair 0.0258 260 83 272 97
chair 0.0255 257 75 272 95
chair 0.0244 62 129 84 146
chair 0.0239 56 302 86 399
chair 0.0226 366 308 375 344
chair 0.0223 182 44 211 62
chair 0.0213 0 182 7 204
chair 0.0212 112 62 131 84
chair 0.0199 311 294 373 427
chair 0.0193 186 110 207 140
chair 0.0191 135 41 158 63
chair 0.0186 109 88 127 117
chair 0.0182 259 38 269 63
chair 0.0170 0 182 14 219
chair 0.0153 263 384 307 439
chair 0.0137 249 102 263 126
chair 0.0135 166 277 188 288
chair 0.0135 62 183 90 226
chair 0.0134 109 97 123 120
chair 0.0134 228 268 289 345
chair 0.0131 197 56 208 64
chair 0.0129 71 109 93 126
chair 0.0122 0 183 7 236
chair 0.0121 105 80 125 111
chair 0.0120 169 372 197 412
chair 0.0119 222 93 251 133
chair 0.0110 177 278 227 356
chair 0.0108 0 378 15 395
chair 0.0106 189 54 207 64
chair 0.0098 3 411 14 428
chair 0.0098 110 95 135 133
chair 0.0097 265 52 279 70
chair 0.0096 303 169 326 187
chair 0.0092 300 78 317 88
chair 0.0092 364 358 375 407
chair 0.0088 309 181 329 193
chair 0.0087 304 175 328 194
chair 0.0087 315 219 338 236
chair 0.0086 308 185 336 214
chair 0.0083 256 56 273 103
chair 0.0083 170 265 185 278
chair 0.0082 25 347 69 420
chair 0.0079 270 82 296 100
chair 0.0078 1 197 24 221
chair 0.0077 316 226 336 242
chair 0.0076 165 268 186 288
chair 0.0076 259 277 289 302
chair 0.0074 119 110 139 148
chair 0.0073 56 348 76 430
chair 0.0073 305 52 321 85
chair 0.0073 257 59 269 84
chair 0.0071 169 246 201 273
chair 0.0071 108 83 125 97
chair 0.0070 257 293 285 310
chair 0.0069 113 62 130 75
chair 0.0065 209 45 227 62
chair 0.0064 24 305 38 318
chair 0.0062 104 35 120 57
chair 0.0061 304 226 352 324
chair 0.0060 65 349 81 409
chair 0.0059 203 109 216 152
chair 0.0057 93 75 111 110
chair 0.0055 66 145 82 159
chair 0.0055 22 209 45 240
chair 0.0053 279 69 304 87
chair 0.0053 64 130 83 159
chair 0.0053 349 292 374 397
chair 0.0052 324 302 356 328
chair 0.0051 109 219 133 246
chair 0.0051 202 105 217 127
chair 0.0051 162 123 170 138
chair 0.0050 257 72 270 84
chair 0.0050 303 169 317 183
chair 0.0049 205 106 224 129
chair 0.0048 33 295 46 328
chair 0.0048 281 384 307 424
chair 0.0045 68 348 78 377
chair 0.0045 341 279 374 334
chair 0.0045 233 37 259 91
chair 0.0045 49 173 61 190
chair 0.0044 0 336 5 351
chair 0.0044 173 373 196 397
chair 0.0044 71 68 84 92
chair 0.0043 263 53 283 86
chair 0.0043 145 396 199 450
chair 0.0043 118 92 144 137
chair 0.0042 225 45 238 64
chair 0.0040 367 209 375 220
chair 0.0039 114 86 124 96
chair 0.0039 301 86 323 125
chair 0.0039 171 227 206 267
chair 0.0039 256 38 269 80
chair 0.0038 50 371 65 423
chair 0.0037 168 272 185 283
chair 0.0036 133 76 145 91
chair 0.0036 233 85 253 104
chair 0.0035 99 68 110 90
chair 0.0035 124 109 139 133
chair 0.0035 259 84 301 123
chair 0.0035 367 196 375 221
chair 0.0034 345 257 373 286
chair 0.0033 247 59 266 102
chair 0.0033 198 273 315 406
chair 0.0031 66 108 92 143
chair 0.0031 285 258 294 284
chair 0.0031 169 235 186 272
chair 0.0031 120 144 144 174
chair 0.0030 225 48 239 85
chair 0.0029 258 58 268 74
chair 0.0029 0 440 16 496
chair 0.0029 188 351 207 374
chair 0.0027 335 183 371 219
chair 0.0027 61 199 95 240
chair 0.0027 95 58 110 88
chair 0.0026 306 29 324 52
chair 0.0026 1 214 26 240
chair 0.0025 335 220 374 294
chair 0.0025 75 185 89 206
chair 0.0025 73 84 85 105
chair 0.0025 17 366 35 401
chair 0.0025 136 20 156 37
chair 0.0025 186 265 200 279
chair 0.0025 267 52 278 63
chair 0.0024 109 56 122 71
chair 0.0024 340 161 369 174
chair 0.0024 -1 394 50 494
chair 0.0024 75 194 88 208
chair 0.0024 307 79 317 88
chair 0.0024 226 310 242 343
chair 0.0023 135 41 152 54
chair 0.0023 308 242 343 299
chair 0.0023 107 220 120 241
chair 0.0022 6 188 25 208
chair 0.0022 191 258 203 268
chair 0.0022 -1 366 25 399
chair 0.0022 62 341 72 379
chair 0.0021 76 181 88 196
chair 0.0021 50 167 64 176
chair 0.0020 257 295 283 320
chair 0.0020 226 52 238 70
chair 0.0020 204 73 219 92
chair 0.0020 366 308 374 381
chair 0.0020 169 262 193 279
chair 0.0020 177 364 284 501
chair 0.0020 67 74 82 99
chair 0.0020 246 77 260 106
chair 0.0020 72 174 84 186
chair 0.0020 303 169 317 202
chair 0.0020 366 158 375 183
chair 0.0020 306 40 320 55
chair 0.0019 49 348 69 383
chair 0.0019 221 24 231 42
chair 0.0019 84 203 97 223
chair 0.0019 235 64 244 88
chair 0.0019 192 56 203 71
chair 0.0019 264 75 277 94
chair 0.0019 66 195 96 224
chair 0.0019 0 204 5 238
chair 0.0018 232 324 289 401
chair 0.0018 92 34 114 58
chair 0.0018 155 24 169 41
chair 0.0018 73 173 83 181
chair 0.0017 326 234 374 376
chair 0.0017 370 162 375 184
chair 0.0017 143 75 154 91
chair 0.0017 234 94 250 108
chair 0.0016 0 441 7 473
chair 0.0016 357 307 374 352
chair 0.0016 73 179 81 187
chair 0.0016 31 336 48 354
chair 0.0016 313 233 340 258
chair 0.0016 236 64 257 91
chair 0.0015 251 77 270 112
chair 0.0015 5 193 34 209
chair 0.0015 118 222 133 240
chair 0.0015 114 36 124 56
chair 0.0015 281 167 316 203
chair 0.0015 228 226 238 239
chair 0.0015 67 143 84 173
chair 0.0015 175 264 190 277
chair 0.0014 0 223 21 243
chair 0.0014 192 63 214 85
chair 0.0014 208 299 230 365
chair 0.0013 218 302 237 343
chair 0.0013 59 293 85 310
chair 0.0013 0 415 6 428
chair 0.0013 134 33 155 48
chair 0.0013 16 173 29 185
chair 0.0013 161 257 187 350
chair 0.0013 311 192 334 207
chair 0.0013 173 248 201 261
chair 0.0013 173 369 187 382
chair 0.0013 154 33 169 61
chair 0.0012 260 101 272 125
chair 0.0012 245 255 259 266
chair 0.0012 111 62 122 72
chair 0.0012 0 295 47 399
chair 0.0012 111 99 127 127
chair 0.0012 227 226 238 254
chair 0.0012 144 73 161 93
chair 0.0012 182 255 202 282
chair 0.0012 302 212 316 244
chair 0.0012 43 418 64 436
chair 0.0012 121 72 132 92
chair 0.0012 15 433 62 462
chair 0.0011 212 105 229 131
chair 0.0011 99 73 120 102
chair 0.0011 204 46 211 61
chair 0.0011 44 373 62 412
chair 0.0011 63 367 76 401
chair 0.0011 56 208 73 234
chair 0.0011 360 190 374 222
chair 0.0011 205 127 215 151
chair 0.0011 64 345 71 373
chair 0.0011 5 188 16 205
chair 0.0011 135 29 155 41
chair 0.0011 199 54 211 63
chair 0.0011 258 48 269 70
chair 0.0011 61 320 81 341
chair 0.0011 247 57 260 84
chair 0.0011 213 127 229 148
chair 0.0011 200 233 212 259
chair 0.0010 35 338 69 370
chair 0.0010 0 209 17 249
chair 0.0010 104 85 113 105
chair 0.0010 199 100 212 118
chair 0.0010 345 163 350 173
chair 0.0010 199 219 238 257
chair 0.0010 231 88 240 97
chair 0.0010 248 90 261 110
chair 0.0010 244 248 257 256
chair 0.0010 298 171 327 233
chair 0.0010 199 105 211 126
chair 0.0010 73 56 80 73
chair 0.0010 66 330 79 374
chair 0.0010 193 68 206 91
chair 0.0010 230 290 264 316
chair 0.0010 0 485 17 499
chair 0.0010 52 371 63 399
chair 0.0010 48 305 83 321
pottedplant 0.7052 267 87 323 204
pottedplant 0.5968 147 29 207 155
pottedplant 0.4652 0 0 55 72
pottedplant 0.2050 81 7 116 58
pottedplant 0.0875 42 108 73 171
pottedplant 0.0277 0 16 28 73
pottedplant 0.0242 302 85 323 126
pottedplant 0.0125 42 86 88 172
pottedplant 0.0115 44 0 57 9
pottedplant 0.0101 3 0 55 23
pottedplant 0.0058 0 0 18 11
pottedplant 0.0046 43 130 68 169
pottedplant 0.0044 60 0 84 10
pottedplant 0.0034 289 48 301 59
pottedplant 0.0032 42 0 55 19
pottedplant 0.0025 24 0 54 20
pottedplant 0.0024 22 0 55 43
pottedplant 0.0021 251 0 270 32
pottedplant 0.0017 103 15 115 35
pottedplant 0.0017 257 0 271 20
pottedplant 0.0017 155 31 201 74
pottedplant 0.0016 0 0 73 168
pottedplant 0.0015 305 87 323 177
pottedplant 0.0015 52 0 62 7
pottedplant 0.0015 60 0 103 14
pottedplant 0.0014 137 0 151 8
pottedplant 0.0014 159 45 196 84
pottedplant 0.0013 3 0 113 70
pottedplant 0.0013 57 137 83 171
pottedplant 0.0012 207 0 222 9
pottedplant 0.0011 180 0 206 10
pottedplant 0.0010 367 156 375 183
pottedplant 0.0010 54 111 77 144
pottedplant 0.0010 102 13 117 56
pottedplant 0.0010 370 161 374 183
pottedplant 0.0010 0 0 14 24
diningtable 0.9522 172 364 283 441
diningtable 0.8863 183 253 262 302
diningtable 0.7533 337 220 374 261
diningtable 0.7505 0 295 47 401
diningtable 0.5446 22 184 78 209
diningtable 0.4763 326 174 374 195
diningtable 0.4597 115 136 242 220
diningtable 0.3533 111 89 157 108
diningtable 0.2835 111 89 156 142
diningtable 0.2761 336 219 375 304
diningtable 0.2581 197 59 236 74
diningtable 0.2457 326 173 375 223
diningtable 0.2076 183 251 263 362
diningtable 0.1510 195 59 237 90
diningtable 0.0964 124 135 214 176
diningtable 0.0925 202 90 234 110
diningtable 0.0805 201 89 235 132
diningtable 0.0545 278 56 305 72
diningtable 0.0491 271 79 318 100
diningtable 0.0435 132 59 162 83
diningtable 0.0411 289 87 317 99
diningtable 0.0317 367 308 374 343
diningtable 0.0287 0 295 46 332
diningtable 0.0271 181 44 217 62
diningtable 0.0250 70 108 93 125
diningtable 0.0246 264 53 309 85
diningtable 0.0224 20 207 68 240
diningtable 0.0217 0 324 38 432
diningtable 0.0217 279 69 303 87
diningtable 0.0210 149 27 232 62
diningtable 0.0181 138 63 162 77
diningtable 0.0171 117 115 241 185
diningtable 0.0159 279 67 303 74
diningtable 0.0156 0 377 19 428
diningtable 0.0140 135 41 158 63
diningtable 0.0132 154 26 230 46
diningtable 0.0123 207 91 261 136
diningtable 0.0122 113 62 142 91
diningtable 0.0114 0 397 9 409
diningtable 0.0104 26 169 75 193
diningtable 0.0099 31 168 61 189
diningtable 0.0097 330 186 374 208
diningtable 0.0094 289 87 318 116
diningtable 0.0080 229 84 254 104
diningtable 0.0080 0 395 15 430
diningtable 0.0079 20 180 79 241
diningtable 0.0075 154 22 184 41
diningtable 0.0072 29 184 56 198
diningtable 0.0070 269 83 319 121
diningtable 0.0069 113 62 130 74
diningtable 0.0068 115 31 237 190
diningtable 0.0066 104 32 122 56
diningtable 0.0064 174 160 241 222
diningtable 0.0050 133 32 237 85
diningtable 0.0049 181 42 232 58
diningtable 0.0048 126 32 154 44
diningtable 0.0046 120 143 145 173
diningtable 0.0044 132 19 183 36
diningtable 0.0042 42 72 85 169
diningtable 0.0040 157 22 184 32
diningtable 0.0040 114 174 160 224
diningtable 0.0039 251 81 272 114
diningtable 0.0038 142 65 162 91
diningtable 0.0037 135 41 153 53
diningtable 0.0036 65 108 93 144
diningtable 0.0036 221 93 251 133
diningtable 0.0035 294 55 308 74
diningtable 0.0034 116 168 161 193
diningtable 0.0034 192 24 230 43
diningtable 0.0033 152 45 168 64
diningtable 0.0032 0 434 6 464
diningtable 0.0032 0 369 18 379
diningtable 0.0031 0 378 15 398
diningtable 0.0031 134 52 158 64
diningtable 0.0031 132 32 169 61
diningtable 0.0030 267 63 304 78
diningtable 0.0030 154 25 172 44
diningtable 0.0028 152 30 191 58
diningtable 0.0027 197 20 220 29
diningtable 0.0025 200 254 255 275
diningtable 0.0025 0 295 44 498
diningtable 0.0025 0 326 29 392
diningtable 0.0023 298 85 323 125
diningtable 0.0022 0 365 29 439
diningtable 0.0022 131 5 186 35
diningtable 0.0022 231 36 263 85
diningtable 0.0022 39 185 53 194
diningtable 0.0021 154 33 169 48
diningtable 0.0021 104 55 123 68
diningtable 0.0021 300 87 316 97
diningtable 0.0021 21 156 80 214
diningtable 0.0021 305 28 322 56
diningtable 0.0020 181 44 211 54
diningtable 0.0020 144 111 164 127
diningtable 0.0020 294 55 307 61
diningtable 0.0019 136 94 154 106
diningtable 0.0019 142 112 165 140
diningtable 0.0019 107 38 159 72
diningtable 0.0018 160 27 180 46
diningtable 0.0018 117 139 167 174
diningtable 0.0018 133 0 227 34
diningtable 0.0018 154 34 169 60
diningtable 0.0017 144 0 187 18
diningtable 0.0016 198 63 220 74
diningtable 0.0016 252 62 315 103
diningtable 0.0016 182 380 278 475
diningtable 0.0016 177 141 241 197
diningtable 0.0016 173 143 212 176
diningtable 0.0015 0 421 22 458
diningtable 0.0015 306 40 320 55
diningtable 0.0014 33 198 43 206
diningtable 0.0014 0 370 18 392
diningtable 0.0014 166 24 184 32
diningtable 0.0014 192 63 214 85
diningtable 0.0014 240 84 253 95
diningtable 0.0013 222 244 296 318
diningtable 0.0013 197 219 243 260
diningtable 0.0013 111 93 135 112
diningtable 0.0013 173 221 210 241
diningtable 0.0013 0 168 60 187
diningtable 0.0013 112 42 212 91
diningtable 0.0013 155 23 175 37
diningtable 0.0012 201 78 254 112
diningtable 0.0012 199 37 232 60
diningtable 0.0012 0 417 10 464
diningtable 0.0012 244 255 259 266
diningtable 0.0012 339 191 373 203
diningtable 0.0011 195 36 213 45
diningtable 0.0011 -1 366 25 399
diningtable 0.0011 191 57 210 71
diningtable 0.0011 279 62 293 69
diningtable 0.0011 114 143 157 196
diningtable 0.0011 0 350 26 375
diningtable 0.0010 309 33 324 49
diningtable 0.0010 147 64 163 75
diningtable 0.0010 240 264 254 274
diningtable 0.0010 277 56 295 67
diningtable 0.0010 131 54 147 65
tvmonitor 0.0014 308 0 327 34
