person 0.8271 463 0 487 57
person 0.4116 141 0 163 28
person 0.3392 484 6 499 64
person 0.0758 492 4 499 54
person 0.0286 484 43 499 64
person 0.0129 119 0 132 23
person 0.0091 427 46 450 70
person 0.0087 13 21 40 47
person 0.0066 496 4 500 25
person 0.0055 129 9 150 28
person 0.0044 483 30 499 80
person 0.0043 484 17 500 124
person 0.0039 461 0 473 40
person 0.0038 211 0 226 22
person 0.0032 217 0 251 18
person 0.0024 210 0 217 20
person 0.0020 120 0 144 24
person 0.0020 415 34 450 69
person 0.0020 455 0 469 40
person 0.0016 4 10 40 45
person 0.0014 127 12 142 25
person 0.0012 249 0 282 11
person 0.0011 57 26 78 41
person 0.0011 288 0 300 6
person 0.0010 132 8 145 25
person 0.0010 216 0 285 14
person 0.0010 375 40 404 73
bicycle 0.0202 484 48 499 64
bicycle 0.0019 127 12 145 29
bicycle 0.0014 122 19 146 32
bicycle 0.0010 131 7 163 28
bicycle 0.0010 480 23 500 65
car 0.8390 0 5 494 321
car 0.8241 0 1 176 88
car 0.4340 156 0 215 41
car 0.0399 122 19 174 44
car 0.0332 155 0 273 42
car 0.0194 90 12 177 76
car 0.0185 0 195 498 323
car 0.0077 357 0 399 14
car 0.0045 74 -1 446 49
car 0.0038 219 0 251 17
car 0.0033 299 1 398 16
car 0.0028 11 3 495 108
car 0.0025 219 0 280 18
car 0.0015 126 21 178 66
car 0.0015 297 0 369 9
car 0.0014 165 0 212 15
car 0.0014 157 24 189 41
car 0.0013 83 0 126 22
car 0.0012 80 8 174 46
car 0.0012 355 0 394 8
car 0.0011 398 0 454 19
bird 0.0024 495 112 499 124
dog 0.0022 492 111 499 125
diningtable 0.0167 0 287 81 330
