person 0.0041 0 130 7 151
person 0.0035 332 103 341 114
person 0.0031 232 44 249 65
person 0.0019 453 98 460 115
person 0.0016 463 100 470 111
person 0.0013 494 110 499 117
person 0.0012 425 109 433 122
person 0.0011 451 97 457 115
person 0.0011 402 103 410 121
bicycle 0.8330 5 130 228 327
bicycle 0.2947 0 193 60 326
bicycle 0.0972 0 131 54 210
bicycle 0.0418 0 146 30 213
bicycle 0.0414 34 129 121 212
bicycle 0.0302 38 129 225 214
bicycle 0.0294 0 217 11 244
bicycle 0.0236 0 132 121 253
bicycle 0.0142 122 158 216 204
bicycle 0.0132 153 179 218 205
bicycle 0.0118 0 149 17 208
bicycle 0.0118 0 170 119 324
bicycle 0.0118 34 130 78 193
bicycle 0.0100 0 185 32 241
bicycle 0.0095 0 196 15 244
bicycle 0.0060 135 183 228 299
bicycle 0.0046 78 140 182 205
bicycle 0.0033 0 147 59 267
bicycle 0.0024 0 207 8 230
bicycle 0.0021 0 202 14 321
bicycle 0.0019 94 141 229 283
bicycle 0.0018 0 184 11 213
bicycle 0.0018 0 191 30 219
bicycle 0.0017 1 191 112 249
bicycle 0.0016 0 130 38 161
bicycle 0.0015 0 159 10 210
bicycle 0.0015 106 156 163 201
bicycle 0.0015 34 130 77 159
bicycle 0.0015 198 91 241 105
bicycle 0.0014 0 194 10 231
bicycle 0.0014 158 181 227 227
bicycle 0.0014 0 130 18 184
bicycle 0.0013 37 170 120 240
bicycle 0.0013 0 197 6 214
bicycle 0.0010 0 202 7 219
bicycle 0.0010 0 136 9 189
bicycle 0.0010 0 132 9 153
car 0.1247 316 39 380 65
car 0.0726 196 91 240 105
car 0.0437 315 56 334 64
car 0.0295 167 92 200 110
car 0.0278 315 48 342 64
car 0.0276 244 98 284 110
car 0.0257 167 91 231 109
car 0.0173 239 98 267 110
car 0.0127 184 92 227 104
car 0.0113 173 93 267 113
car 0.0099 345 58 372 65
car 0.0085 224 95 240 105
car 0.0082 169 95 497 183
car 0.0078 358 59 371 65
car 0.0047 252 98 304 111
car 0.0040 328 45 341 56
car 0.0038 344 40 377 65
car 0.0034 471 55 499 67
car 0.0033 243 98 295 126
car 0.0029 348 107 365 117
car 0.0020 170 97 268 128
car 0.0019 190 97 284 117
car 0.0019 451 20 499 70
car 0.0015 231 96 240 103
car 0.0014 331 104 342 114
car 0.0014 319 46 341 59
car 0.0014 429 48 448 62
car 0.0013 356 107 365 117
car 0.0013 405 42 427 63
car 0.0013 279 97 302 109
car 0.0011 454 43 489 66
car 0.0010 0 131 8 152
bus 0.0146 0 1 177 196
train 0.0016 0 7 179 312
