person 0.9173 183 33 355 373
person 0.0395 0 165 23 303
person 0.0329 0 238 24 303
cat 0.0535 185 113 350 277
cat 0.0038 159 12 486 285
dog 0.9446 25 237 158 372
dog 0.7199 182 110 348 344
dog 0.0063 0 242 24 302
dog 0.0043 159 38 242 325
dog 0.0014 184 139 268 347
dog 0.0011 3 312 115 373
bottle 0.6858 183 227 214 339
bottle 0.0106 185 238 208 315
chair 0.2259 0 163 21 269
chair 0.0182 473 149 499 266
chair 0.0079 0 216 23 303
chair 0.0065 0 73 22 275
chair 0.0048 476 72 499 249
chair 0.0017 0 208 9 273
chair 0.0016 0 2 33 300
chair 0.0015 478 152 499 207
chair 0.0015 0 164 19 205
chair 0.0013 491 181 499 262
chair 0.0012 445 151 499 267
chair 0.0010 0 164 34 301
sofa 0.0240 0 165 23 303
pottedplant 0.2010 276 0 499 273
pottedplant 0.1031 155 42 244 163
pottedplant 0.0498 480 55 500 85
pottedplant 0.0130 155 40 238 322
pottedplant 0.0060 478 54 499 142
pottedplant 0.0041 155 30 313 172
pottedplant 0.0029 342 162 472 272
pottedplant 0.0024 473 57 499 260
pottedplant 0.0011 159 79 231 197
diningtable 0.0282 333 252 499 369
diningtable 0.0118 143 358 198 374
diningtable 0.0069 476 65 499 272
diningtable 0.0058 171 249 500 359
diningtable 0.0054 465 148 500 266
diningtable 0.0034 477 149 499 214
diningtable 0.0020 331 255 457 331
diningtable 0.0012 0 164 19 205
diningtable 0.0011 9 308 501 371
tvmonitor 0.0107 478 56 499 147
