person 0.0280 74 374 80 385
person 0.0047 186 382 190 391
person 0.0046 99 376 108 391
person 0.0044 178 382 186 391
person 0.0019 173 384 180 391
person 0.0017 188 382 194 391
person 0.0016 191 383 195 393
person 0.0013 145 379 150 391
person 0.0011 128 374 137 390
person 0.0010 233 378 238 391
car 0.0386 322 361 336 368
car 0.0177 5 361 13 366
car 0.0094 35 361 43 366
car 0.0061 39 361 47 367
car 0.0026 335 362 349 367
car 0.0017 260 359 269 366
car 0.0011 313 361 322 368
aeroplane 0.9028 55 324 207 387
aeroplane 0.0171 322 360 337 368
aeroplane 0.0051 288 359 304 366
aeroplane 0.0048 63 345 78 357
aeroplane 0.0037 203 357 225 363
aeroplane 0.0035 353 351 375 360
aeroplane 0.0033 326 357 366 368
aeroplane 0.0032 322 352 374 366
aeroplane 0.0022 362 349 371 354
aeroplane 0.0019 14 346 69 366
aeroplane 0.0018 197 358 208 363
aeroplane 0.0015 197 360 208 365
aeroplane 0.0014 362 351 374 358
aeroplane 0.0014 334 360 358 367
aeroplane 0.0010 354 350 364 354
aeroplane 0.0010 42 345 76 360
boat 0.0587 13 360 25 366
boat 0.0125 23 360 34 366
boat 0.0116 0 360 5 366
boat 0.0109 12 358 33 366
boat 0.0101 25 360 40 366
boat 0.0082 0 357 14 366
boat 0.0064 12 351 41 366
boat 0.0047 64 344 77 356
boat 0.0044 48 358 59 368
boat 0.0037 34 360 47 367
boat 0.0033 9 356 25 366
boat 0.0029 20 356 46 366
boat 0.0014 0 363 4 370
boat 0.0010 0 360 9 367
