person 0.2694 330 106 364 132
person 0.0443 286 178 319 200
person 0.0400 347 105 370 130
person 0.0272 320 111 336 131
person 0.0261 320 108 353 132
person 0.0180 215 182 241 205
person 0.0174 303 176 329 199
person 0.0049 222 182 257 205
person 0.0049 343 104 353 116
person 0.0039 238 181 269 204
person 0.0036 275 124 290 135
person 0.0035 275 114 307 136
person 0.0029 378 117 385 128
person 0.0024 303 177 317 191
person 0.0024 206 173 221 185
person 0.0022 259 194 271 203
person 0.0019 276 107 287 116
person 0.0018 344 102 363 115
person 0.0017 357 116 371 129
person 0.0017 351 118 368 130
person 0.0015 214 189 229 206
person 0.0015 305 170 326 189
person 0.0014 267 180 287 197
person 0.0014 263 112 277 136
person 0.0014 266 106 288 136
person 0.0013 352 101 367 113
person 0.0013 257 184 273 203
person 0.0012 271 178 298 198
person 0.0011 378 116 391 131
person 0.0010 0 200 10 222
bicycle 0.0026 0 201 10 219
car 0.9600 156 157 385 289
car 0.7865 196 57 333 165
car 0.7649 237 85 405 208
car 0.0083 196 57 333 81
car 0.0019 0 201 10 222
car 0.0010 196 68 267 164
dog 0.0017 0 71 48 179
