person 0.0055 480 161 500 326
person 0.0010 63 150 69 161
bird 0.0016 159 40 173 75
chair 0.9405 199 210 330 370
chair 0.9134 363 229 499 371
chair 0.9119 145 180 221 353
chair 0.8925 297 151 347 195
chair 0.8793 164 149 215 186
chair 0.8681 367 165 434 221
chair 0.4663 0 228 14 259
chair 0.2505 143 191 171 297
chair 0.2358 184 120 202 150
chair 0.0539 472 336 499 373
chair 0.0462 482 275 500 344
chair 0.0267 164 149 216 223
chair 0.0209 237 146 252 194
chair 0.0122 144 174 199 296
chair 0.0121 494 276 499 319
chair 0.0086 350 166 448 267
chair 0.0085 467 274 500 372
chair 0.0042 489 276 499 319
chair 0.0041 421 228 499 350
chair 0.0037 241 146 247 178
chair 0.0035 180 120 228 176
chair 0.0034 475 229 500 358
chair 0.0027 346 158 479 349
chair 0.0027 482 154 499 319
chair 0.0026 163 160 253 246
chair 0.0020 481 316 500 345
chair 0.0017 263 169 471 271
chair 0.0016 150 157 264 294
chair 0.0011 365 333 500 374
chair 0.0011 452 158 500 343
chair 0.0010 149 182 289 358
chair 0.0010 301 158 316 193
sofa 0.0029 362 224 500 369
diningtable 0.8624 169 166 479 369
diningtable 0.0233 169 163 478 269
diningtable 0.0025 169 168 323 227
diningtable 0.0023 134 47 520 347
diningtable 0.0010 171 153 315 205
