person 0.9013 1 2 497 359
person 0.0406 0 28 12 151
person 0.0033 314 100 352 146
person 0.0026 288 11 497 345
person 0.0023 2 0 380 209
person 0.0016 127 1 371 133
person 0.0011 0 2 176 215
chair 0.0530 487 118 499 136
chair 0.0422 398 163 467 228
chair 0.0242 463 118 500 238
chair 0.0169 349 146 494 238
chair 0.0131 482 155 499 237
chair 0.0086 447 95 499 141
chair 0.0079 482 200 499 236
chair 0.0038 486 91 499 136
chair 0.0030 401 170 467 201
chair 0.0028 490 90 499 118
chair 0.0027 481 118 499 196
chair 0.0024 428 199 485 236
chair 0.0024 19 194 44 210
chair 0.0020 483 162 499 203
chair 0.0020 480 119 499 141
chair 0.0020 373 140 479 200
chair 0.0020 388 235 499 348
chair 0.0018 431 202 467 225
chair 0.0015 0 192 45 217
chair 0.0014 451 97 491 117
chair 0.0013 344 145 385 166
chair 0.0011 423 120 500 236
chair 0.0010 434 186 499 230
sofa 0.0248 486 118 500 137
sofa 0.0182 442 96 499 142
sofa 0.0074 477 117 500 141
sofa 0.0022 -2 204 503 356
sofa 0.0013 0 193 45 217
sofa 0.0013 451 90 499 126
sofa 0.0010 1 342 112 373
pottedplant 0.1448 323 17 366 118
pottedplant 0.0545 410 63 451 141
pottedplant 0.0170 444 97 498 142
pottedplant 0.0140 411 65 496 143
pottedplant 0.0048 415 63 440 103
pottedplant 0.0037 430 113 491 143
pottedplant 0.0036 488 91 500 135
pottedplant 0.0022 338 16 365 80
pottedplant 0.0015 408 115 453 143
pottedplant 0.0013 320 27 495 166
pottedplant 0.0010 390 63 422 138
diningtable 0.2926 346 141 499 239
diningtable 0.0343 0 304 501 370
diningtable 0.0257 344 140 499 169
diningtable 0.0139 104 346 498 372
diningtable 0.0112 465 130 499 238
diningtable 0.0082 -1 243 504 366
diningtable 0.0037 343 116 499 203
diningtable 0.0032 373 143 479 197
diningtable 0.0022 2 342 350 371
diningtable 0.0018 341 110 499 344
diningtable 0.0018 314 344 499 372
diningtable 0.0011 0 336 500 384
diningtable 0.0010 1 341 114 371
