person 0.9240 103 329 141 452
person 0.1463 249 355 267 370
person 0.0345 257 357 270 371
person 0.0097 261 357 270 368
person 0.0075 244 357 256 370
person 0.0053 241 352 260 369
person 0.0038 211 350 231 368
person 0.0017 231 350 248 365
person 0.0014 233 349 245 358
person 0.0010 226 352 242 364
person 0.0010 253 352 265 360
person 0.0010 263 357 277 373
car 0.9586 170 340 292 439
car 0.8250 163 337 203 393
car 0.0016 280 356 292 364
car 0.0015 136 366 162 385
car 0.0010 163 331 241 395
bottle 0.0117 112 357 117 382
bottle 0.0016 117 354 128 385
