person 0.0105 222 158 230 164
person 0.0044 182 193 190 217
person 0.0044 186 196 191 216
person 0.0028 369 201 375 217
person 0.0022 175 190 180 200
person 0.0018 176 191 183 214
person 0.0015 176 189 191 217
person 0.0015 228 159 238 165
car 0.0116 298 211 320 219
car 0.0032 327 207 350 217
car 0.0016 0 218 9 225
car 0.0012 339 208 349 218
train 0.9147 23 150 272 218
train 0.0208 16 148 493 225
train 0.0099 274 182 498 229
train 0.0043 326 199 377 221
train 0.0035 22 174 164 216
train 0.0022 158 150 272 220
train 0.0019 425 157 499 186
train 0.0016 0 149 130 217
train 0.0013 322 154 496 223
train 0.0011 330 206 357 218
