person 0.8433 1 98 334 496
person 0.1020 293 116 333 258
person 0.0430 288 0 333 258
person 0.0168 285 122 333 358
person 0.0115 0 5 118 491
person 0.0082 244 351 332 428
person 0.0080 0 6 57 481
person 0.0068 244 355 296 407
person 0.0066 252 95 333 387
person 0.0027 1 0 135 144
person 0.0026 301 0 332 44
person 0.0025 298 1 332 143
person 0.0024 0 0 34 133
person 0.0019 234 0 334 257
person 0.0015 300 114 333 178
person 0.0014 297 79 333 212
person 0.0013 244 252 332 427
person 0.0013 4 0 127 78
person 0.0012 1 0 36 41
person 0.0011 99 0 133 68
person 0.0010 276 175 332 259
car 0.0096 245 347 333 428
car 0.0040 260 347 332 381
bird 0.0014 5 1 34 40
chair 0.0011 286 351 332 378
