person 0.0681 321 311 329 320
person 0.0240 329 309 339 319
person 0.0139 313 313 319 321
person 0.0051 249 317 256 323
person 0.0039 353 318 361 326
person 0.0029 279 309 290 321
person 0.0028 338 296 346 306
person 0.0025 388 329 404 337
person 0.0018 336 292 345 304
person 0.0016 173 310 181 318
person 0.0016 114 347 119 354
person 0.0015 231 314 239 320
person 0.0014 114 348 127 356
person 0.0014 171 293 184 309
person 0.0013 277 310 283 321
person 0.0013 395 330 404 336
person 0.0013 312 312 323 321
person 0.0012 172 294 180 304
boat 0.8205 70 74 260 332
boat 0.7759 196 32 416 337
boat 0.7207 63 347 139 374
boat 0.4282 0 311 23 321
boat 0.0931 204 316 224 331
boat 0.0861 176 313 208 331
boat 0.0580 267 305 307 336
boat 0.0567 219 317 260 332
boat 0.0528 267 321 304 336
boat 0.0339 479 304 484 309
boat 0.0331 176 314 259 332
boat 0.0232 239 318 261 332
boat 0.0195 270 311 411 339
boat 0.0129 217 317 242 332
boat 0.0111 126 311 183 331
boat 0.0107 201 315 244 331
boat 0.0083 130 310 143 322
boat 0.0080 126 261 208 332
boat 0.0069 248 317 257 324
boat 0.0064 137 311 225 332
boat 0.0058 245 317 259 329
boat 0.0053 129 314 159 330
boat 0.0045 0 300 23 321
boat 0.0037 479 305 499 310
boat 0.0033 278 306 291 322
boat 0.0032 267 279 412 339
boat 0.0031 0 270 22 321
boat 0.0026 240 327 261 332
boat 0.0023 268 317 344 337
boat 0.0022 0 310 4 315
boat 0.0020 0 315 23 332
boat 0.0018 150 319 181 331
boat 0.0017 -20 345 142 374
boat 0.0015 127 268 142 325
boat 0.0014 219 328 234 332
boat 0.0014 67 72 160 351
boat 0.0010 235 304 260 331
