person 0.8903 350 0 499 199
person 0.8068 412 117 499 256
person 0.4465 0 1 58 190
person 0.4155 0 170 45 355
person 0.2533 0 1 62 359
person 0.0810 0 169 44 197
person 0.0630 0 101 59 186
person 0.0535 0 1 30 107
person 0.0383 0 169 45 236
person 0.0314 475 222 499 269
person 0.0200 399 19 499 263
person 0.0152 21 35 91 99
person 0.0122 1 6 122 363
person 0.0074 75 0 123 67
person 0.0070 0 175 89 370
person 0.0035 1 2 80 102
person 0.0032 -21 23 281 349
person 0.0030 0 76 80 151
person 0.0027 0 1 23 184
person 0.0026 476 223 500 342
person 0.0025 14 62 30 104
person 0.0024 410 1 499 112
person 0.0021 0 336 72 373
person 0.0015 492 4 500 27
person 0.0014 0 264 72 370
person 0.0013 478 133 499 274
bottle 0.0055 91 132 124 183
chair 0.8431 119 30 233 94
chair 0.3267 68 2 121 93
chair 0.0636 21 35 90 97
chair 0.0423 69 0 172 93
chair 0.0232 464 99 499 119
chair 0.0230 485 222 499 252
chair 0.0153 475 222 499 271
chair 0.0096 21 56 60 101
chair 0.0075 122 0 172 33
chair 0.0074 19 27 127 132
chair 0.0062 0 204 31 356
chair 0.0039 56 91 133 133
chair 0.0038 317 67 387 166
chair 0.0036 386 123 455 195
chair 0.0027 0 151 21 177
chair 0.0021 0 336 73 373
chair 0.0019 0 347 46 374
chair 0.0018 14 51 30 105
chair 0.0018 15 0 119 95
chair 0.0017 0 190 32 214
chair 0.0015 318 66 376 124
chair 0.0014 414 39 440 63
chair 0.0014 0 329 7 359
chair 0.0013 63 22 238 120
chair 0.0011 279 85 334 122
chair 0.0011 377 97 404 162
chair 0.0011 350 32 493 199
chair 0.0010 76 0 172 36
chair 0.0010 23 0 82 58
diningtable 0.8060 0 77 498 376
diningtable 0.0131 3 81 500 229
diningtable 0.0064 65 83 432 174
diningtable 0.0036 483 294 500 353
diningtable 0.0029 132 97 440 273
diningtable 0.0027 130 86 275 162
diningtable 0.0026 59 207 503 371
diningtable 0.0026 -5 40 313 331
diningtable 0.0015 127 77 385 148
diningtable 0.0014 232 84 337 125
diningtable 0.0013 17 49 497 159
diningtable 0.0011 111 87 298 228
