person 0.0048 23 127 35 157
cat 0.8215 388 300 496 340
cat 0.0030 431 294 498 318
cat 0.0026 488 316 500 334
dog 0.0805 387 299 498 340
bottle 0.0094 35 168 41 179
bottle 0.0091 201 167 213 183
bottle 0.0069 199 159 206 173
bottle 0.0059 199 163 206 179
bottle 0.0043 168 171 178 183
bottle 0.0029 178 170 189 184
chair 0.7138 1 232 55 332
chair 0.6803 36 244 65 337
chair 0.2553 0 228 22 306
chair 0.1623 28 217 60 244
chair 0.1494 0 227 21 261
chair 0.0764 4 218 59 268
chair 0.0640 187 313 283 373
chair 0.0425 0 227 21 239
chair 0.0250 0 235 9 305
chair 0.0199 23 217 61 288
chair 0.0140 0 187 22 247
chair 0.0090 45 242 62 285
chair 0.0065 0 244 8 284
chair 0.0050 6 232 54 245
chair 0.0037 0 209 30 235
chair 0.0030 0 263 7 288
chair 0.0028 45 241 61 261
chair 0.0022 34 241 59 277
chair 0.0016 0 236 6 259
chair 0.0016 0 262 8 313
chair 0.0013 0 228 9 256
chair 0.0012 -3 214 62 240
chair 0.0011 40 300 64 339
sofa 0.8956 216 247 499 372
pottedplant 0.0742 188 168 202 184
pottedplant 0.0585 177 171 190 185
pottedplant 0.0420 200 165 213 184
pottedplant 0.0336 201 174 213 184
pottedplant 0.0178 209 166 229 183
pottedplant 0.0047 138 169 148 182
pottedplant 0.0047 211 167 223 177
pottedplant 0.0033 346 88 363 117
pottedplant 0.0033 141 172 155 188
pottedplant 0.0023 200 159 220 171
pottedplant 0.0021 199 159 207 173
diningtable 0.4312 0 189 59 219
diningtable 0.0663 0 226 58 330
diningtable 0.0595 0 191 59 268
diningtable 0.0529 187 312 276 373
diningtable 0.0175 0 168 59 232
diningtable 0.0145 29 217 60 245
diningtable 0.0143 0 207 36 235
diningtable 0.0049 43 192 58 201
diningtable 0.0036 0 189 16 199
diningtable 0.0031 0 187 15 194
diningtable 0.0020 1 209 51 253
diningtable 0.0019 0 335 41 367
diningtable 0.0015 0 229 21 262
diningtable 0.0013 0 227 16 237
