person 0.0154 490 73 499 87
person 0.0150 277 62 336 103
person 0.0086 286 62 317 85
person 0.0065 0 61 10 94
person 0.0046 168 56 197 86
person 0.0040 191 59 224 84
person 0.0038 163 56 231 105
person 0.0031 348 37 358 49
person 0.0027 176 55 197 76
person 0.0025 0 59 6 81
person 0.0016 171 55 222 86
person 0.0012 465 78 499 121
person 0.0011 353 38 365 49
person 0.0010 489 74 499 106
car 0.9525 0 35 78 223
car 0.9235 59 37 444 366
car 0.9109 394 43 499 226
car 0.9078 268 25 408 97
car 0.4411 101 38 143 49
car 0.3105 32 38 85 49
car 0.0102 27 38 142 50
car 0.0057 269 25 400 51
car 0.0029 465 74 500 120
car 0.0024 0 34 19 46
car 0.0011 27 38 145 88
car 0.0011 188 40 327 65
car 0.0010 121 37 404 105
pottedplant 0.0040 87 60 112 83
pottedplant 0.0030 116 58 143 88
