person 0.9458 128 18 402 370
person 0.5366 88 58 256 314
person 0.1664 0 336 14 373
person 0.0485 92 63 202 206
person 0.0402 5 40 126 359
person 0.0371 24 228 99 358
person 0.0142 0 296 14 373
person 0.0123 487 180 499 206
person 0.0103 0 41 63 358
person 0.0073 0 186 14 375
person 0.0025 485 79 499 204
person 0.0016 0 163 37 370
person 0.0014 351 15 390 55
person 0.0014 131 157 260 308
person 0.0013 30 226 181 361
person 0.0011 457 78 499 204
bottle 0.0018 192 337 244 372
bottle 0.0010 178 136 206 188
chair 0.6116 54 137 267 370
chair 0.4000 0 37 50 252
chair 0.3339 370 45 500 206
chair 0.0361 168 17 269 144
chair 0.0329 6 40 139 358
chair 0.0253 0 37 117 238
chair 0.0220 115 25 507 370
chair 0.0178 0 36 50 135
chair 0.0132 198 178 266 311
chair 0.0121 0 153 48 252
chair 0.0095 0 337 14 373
chair 0.0077 90 34 266 298
chair 0.0061 369 29 499 356
chair 0.0059 3 44 87 169
chair 0.0055 53 132 135 314
chair 0.0044 68 53 118 155
chair 0.0043 389 46 500 131
chair 0.0029 247 231 271 304
chair 0.0029 78 259 267 372
chair 0.0028 75 17 274 147
chair 0.0027 80 48 129 83
chair 0.0022 208 234 233 311
chair 0.0021 133 42 170 69
chair 0.0018 75 133 115 202
chair 0.0017 146 179 258 307
chair 0.0014 0 37 51 73
chair 0.0010 1 65 81 322
sofa 0.4016 371 45 500 206
sofa 0.0804 369 42 499 370
sofa 0.0154 241 42 498 207
sofa 0.0123 117 21 502 365
sofa 0.0107 0 147 48 252
sofa 0.0091 0 45 52 264
sofa 0.0084 151 16 268 145
sofa 0.0031 389 45 500 130
sofa 0.0013 79 31 495 162
