person 0.0175 428 204 441 228
person 0.0072 430 204 440 218
person 0.0072 494 195 499 212
person 0.0022 420 212 438 229
person 0.0017 358 203 368 213
person 0.0016 421 210 430 226
person 0.0012 433 207 443 230
person 0.0011 424 204 431 215
car 0.9162 406 210 499 327
car 0.9132 294 198 407 243
car 0.8171 276 208 314 229
car 0.5796 403 212 421 228
car 0.0927 404 212 439 229
car 0.0415 277 209 293 228
car 0.0068 288 200 354 230
car 0.0057 442 217 462 230
car 0.0024 304 201 353 215
car 0.0022 299 202 331 215
car 0.0016 376 199 406 219
car 0.0012 301 209 313 215
car 0.0010 296 209 314 219
car 0.0010 321 198 359 213
car 0.0010 415 211 499 247
bus 0.0055 419 191 482 233
