person 0.8769 385 66 421 134
person 0.8284 0 169 76 281
person 0.8268 315 64 339 96
person 0.8232 0 54 88 267
person 0.8011 427 75 458 140
person 0.7856 462 59 500 167
person 0.7374 336 74 356 108
person 0.5510 0 67 29 102
person 0.5358 453 79 471 143
person 0.5167 108 237 178 260
person 0.3920 390 60 407 89
person 0.3192 362 84 380 116
person 0.2949 239 83 276 131
person 0.2239 380 84 391 109
person 0.1544 0 253 87 330
person 0.1517 0 72 13 102
person 0.1479 481 121 499 201
person 0.1347 424 81 430 91
person 0.1330 429 82 437 90
person 0.0735 416 80 426 92
person 0.0661 0 63 29 150
person 0.0534 0 162 4 178
person 0.0498 0 76 11 86
person 0.0455 0 162 6 205
person 0.0455 259 88 292 130
person 0.0453 113 102 153 134
person 0.0409 7 67 29 87
person 0.0356 336 74 375 114
person 0.0339 373 82 381 106
person 0.0305 461 79 473 107
person 0.0273 455 82 462 92
person 0.0273 241 84 252 96
person 0.0227 264 86 327 130
person 0.0227 462 79 473 96
person 0.0222 241 83 263 109
person 0.0204 67 63 92 71
person 0.0187 0 161 10 229
person 0.0185 314 65 342 122
person 0.0184 373 82 380 96
person 0.0161 0 214 13 255
person 0.0160 388 82 395 93
person 0.0153 351 78 368 113
person 0.0131 358 75 373 99
person 0.0127 453 81 463 106
person 0.0124 429 81 438 104
person 0.0123 212 67 376 131
person 0.0118 0 68 12 85
person 0.0106 267 88 290 113
person 0.0103 414 79 426 107
person 0.0089 0 78 12 135
person 0.0089 0 196 7 208
person 0.0066 467 79 475 91
person 0.0061 147 237 178 260
person 0.0059 359 81 372 107
person 0.0057 108 177 179 263
person 0.0056 387 67 403 103
person 0.0051 452 80 465 127
person 0.0050 413 80 422 93
person 0.0046 437 83 443 91
person 0.0044 0 84 21 174
person 0.0042 481 99 499 135
person 0.0042 472 78 476 85
person 0.0040 246 84 259 94
person 0.0037 431 91 439 109
person 0.0036 0 93 7 169
person 0.0036 271 81 297 111
person 0.0035 234 83 250 106
person 0.0035 67 64 116 132
person 0.0035 0 54 72 172
person 0.0035 0 164 16 251
person 0.0032 52 79 61 97
person 0.0028 0 162 10 177
person 0.0027 364 84 372 94
person 0.0026 70 99 219 247
person 0.0026 112 76 165 240
person 0.0025 135 151 178 256
person 0.0024 411 83 420 104
person 0.0024 374 82 379 90
person 0.0024 362 83 388 128
person 0.0023 438 75 457 106
person 0.0022 112 103 164 157
person 0.0020 363 83 376 99
person 0.0019 281 82 300 110
person 0.0019 0 165 14 204
person 0.0018 225 83 256 131
person 0.0017 54 82 79 261
person 0.0017 114 101 192 139
person 0.0017 0 195 8 233
person 0.0016 489 104 499 130
person 0.0016 68 63 92 88
person 0.0016 26 198 75 243
person 0.0016 482 106 500 168
person 0.0015 86 103 151 141
person 0.0015 285 81 298 97
person 0.0015 277 86 315 117
person 0.0015 0 165 29 208
person 0.0015 442 82 457 117
person 0.0015 0 93 7 132
person 0.0014 150 102 191 131
person 0.0014 461 82 474 146
person 0.0014 74 79 118 108
person 0.0014 220 75 310 131
person 0.0014 361 75 373 91
person 0.0013 52 79 63 109
person 0.0013 371 57 407 106
person 0.0013 0 76 18 240
person 0.0013 379 84 389 95
person 0.0012 108 238 148 257
person 0.0012 0 184 48 330
person 0.0012 96 80 121 107
person 0.0012 51 74 60 91
person 0.0012 271 96 293 129
person 0.0011 349 77 356 90
person 0.0011 447 64 499 214
person 0.0010 340 75 355 88
person 0.0010 407 78 420 131
person 0.0010 478 115 499 254
person 0.0010 61 61 101 104
bicycle 0.0065 362 106 387 121
car 0.7665 79 54 498 318
car 0.3740 58 66 222 243
car 0.1976 415 89 438 122
car 0.1245 422 84 457 129
car 0.0236 416 90 438 104
car 0.0152 211 66 383 134
car 0.0122 0 69 11 84
car 0.0111 58 65 195 152
car 0.0081 372 77 456 128
car 0.0058 209 66 499 246
car 0.0044 120 51 210 80
car 0.0043 427 89 439 111
car 0.0031 0 68 10 77
car 0.0030 171 55 323 83
car 0.0022 149 103 191 134
car 0.0021 11 232 497 321
car 0.0020 239 66 292 76
car 0.0020 119 51 214 109
car 0.0018 114 101 193 141
car 0.0017 189 62 540 137
car 0.0011 0 46 109 142
car 0.0011 217 66 302 79
car 0.0010 220 78 310 130
motorbike 0.0056 362 106 384 120
bus 0.0149 0 36 109 76
train 0.0336 0 34 109 78
train 0.0023 0 32 110 123
bottle 0.0032 26 199 45 217
bottle 0.0014 26 197 75 240
chair 0.0065 77 107 110 132
chair 0.0045 113 103 152 134
chair 0.0020 104 107 130 132
chair 0.0013 74 106 144 138
chair 0.0010 103 108 114 132
tvmonitor 0.0040 48 46 108 73
