person 0.9164 245 155 340 372
person 0.8930 156 110 251 372
person 0.6280 447 205 499 326
person 0.0989 447 269 499 326
person 0.0205 467 205 500 282
person 0.0041 217 224 252 247
person 0.0034 1 317 7 325
person 0.0011 0 205 6 214
person 0.0011 0 298 6 306
person 0.0010 407 361 416 374
person 0.0010 236 185 498 364
bicycle 0.0092 132 280 260 373
motorbike 0.2240 128 279 260 373
motorbike 0.0275 447 204 499 326
motorbike 0.0262 119 237 175 351
motorbike 0.0174 127 234 308 371
motorbike 0.0167 129 284 174 349
motorbike 0.0142 122 238 214 364
motorbike 0.0090 447 268 499 327
boat 0.0076 0 297 8 329
boat 0.0041 0 315 7 327
boat 0.0012 0 300 4 322
bird 0.0012 0 297 6 303
