person 0.6857 1 2 494 326
person 0.5449 0 1 33 159
person 0.5445 393 12 499 314
person 0.4817 6 31 113 148
person 0.4449 26 31 103 108
person 0.1638 13 18 42 66
person 0.0744 395 12 499 161
person 0.0217 0 1 33 72
person 0.0216 97 25 141 112
person 0.0166 0 28 30 107
person 0.0146 0 0 17 37
person 0.0140 9 15 42 95
person 0.0132 440 12 499 131
person 0.0107 229 119 484 328
person 0.0106 90 75 117 112
person 0.0057 91 75 109 100
person 0.0053 160 0 419 213
person 0.0046 1 90 115 144
person 0.0045 418 65 445 94
person 0.0044 96 72 136 114
person 0.0042 390 88 416 126
person 0.0031 394 42 446 126
person 0.0028 0 70 10 157
person 0.0027 432 32 499 242
person 0.0022 394 86 432 129
person 0.0019 403 60 446 108
person 0.0017 0 137 7 165
person 0.0015 0 46 21 273
person 0.0013 426 265 500 329
person 0.0013 397 88 417 112
person 0.0012 0 145 4 165
person 0.0011 114 65 140 113
person 0.0011 0 112 10 164
person 0.0010 0 76 11 263
person 0.0010 0 7 38 266
dog 0.0908 0 106 282 328
dog 0.0034 0 111 175 259
chair 0.0278 0 98 115 162
chair 0.0020 5 98 100 132
sofa 0.1049 0 224 219 328
sofa 0.0317 0 97 115 162
sofa 0.0188 0 223 494 327
sofa 0.0017 6 98 177 140
sofa 0.0012 0 76 117 223
sofa 0.0011 0 119 202 327
pottedplant 0.0011 410 0 499 38
