person 0.0034 253 128 291 193
person 0.0014 299 128 339 260
person 0.0012 275 153 289 196
cat 0.1460 106 228 130 277
dog 0.5691 105 228 130 277
horse 0.7631 253 126 402 175
horse 0.1238 252 126 403 223
horse 0.0057 253 127 289 197
horse 0.0020 287 131 414 156
horse 0.0017 252 122 494 248
bottle 0.5940 461 196 472 224
bottle 0.0011 442 258 465 283
chair 0.0511 96 197 118 239
chair 0.0346 37 167 101 241
chair 0.0144 376 255 499 321
chair 0.0078 96 197 147 243
chair 0.0070 438 210 499 267
chair 0.0059 434 199 464 236
chair 0.0037 0 203 7 232
chair 0.0036 411 155 499 303
chair 0.0025 474 248 499 307
chair 0.0019 479 220 499 269
chair 0.0017 0 159 8 233
chair 0.0015 489 253 499 270
chair 0.0014 434 260 499 315
chair 0.0011 385 258 420 319
chair 0.0010 65 200 118 240
pottedplant 0.2766 441 166 500 220
pottedplant 0.0606 413 218 500 294
pottedplant 0.0315 449 231 498 285
pottedplant 0.0309 446 167 499 278
pottedplant 0.0251 434 201 461 219
pottedplant 0.0121 452 252 492 268
pottedplant 0.0057 470 192 499 219
pottedplant 0.0056 430 195 495 224
pottedplant 0.0051 471 213 499 224
pottedplant 0.0051 489 193 500 218
pottedplant 0.0032 432 201 447 218
pottedplant 0.0029 429 181 498 243
pottedplant 0.0027 456 193 499 245
pottedplant 0.0025 403 164 501 263
pottedplant 0.0022 451 233 483 267
pottedplant 0.0018 478 225 500 251
pottedplant 0.0016 477 168 499 217
pottedplant 0.0015 433 179 465 219
pottedplant 0.0015 493 204 499 220
pottedplant 0.0012 473 212 500 233
pottedplant 0.0010 432 196 462 231
diningtable 0.1760 412 216 499 287
diningtable 0.0334 414 213 500 233
diningtable 0.0112 414 196 500 240
diningtable 0.0087 437 212 499 264
diningtable 0.0046 471 213 499 223
diningtable 0.0035 382 211 499 320
diningtable 0.0020 443 218 499 232
diningtable 0.0019 467 217 499 229
diningtable 0.0014 478 247 499 255
diningtable 0.0012 474 212 500 260
