person 0.8891 323 84 379 357
person 0.8816 281 78 349 359
person 0.8756 226 82 292 363
person 0.8403 368 99 448 339
person 0.7843 147 104 221 371
person 0.7782 84 104 174 371
person 0.7433 175 46 236 143
person 0.7318 181 90 254 366
person 0.6364 233 45 291 132
person 0.5957 334 47 389 135
person 0.5549 155 37 188 111
person 0.5025 104 63 167 143
person 0.3864 306 63 330 92
person 0.3524 110 26 158 113
person 0.2981 272 57 299 132
person 0.1812 117 63 167 111
person 0.1707 62 170 96 265
person 0.1077 274 57 298 97
person 0.0367 112 25 157 71
person 0.0284 305 62 332 115
person 0.0230 62 169 100 371
person 0.0199 236 46 277 94
person 0.0134 147 109 198 284
person 0.0132 415 146 450 183
person 0.0130 128 41 156 67
person 0.0113 415 148 450 224
person 0.0087 416 165 449 183
person 0.0086 98 104 131 147
person 0.0077 63 106 128 259
person 0.0058 175 91 189 120
person 0.0055 119 35 187 110
person 0.0049 367 135 414 274
person 0.0038 0 212 53 311
person 0.0036 100 61 169 233
person 0.0034 290 78 328 130
person 0.0034 340 48 379 99
person 0.0031 214 81 359 361
person 0.0031 327 73 343 94
person 0.0026 90 104 129 173
person 0.0019 168 109 195 183
person 0.0016 178 89 232 147
person 0.0013 259 71 324 364
person 0.0013 205 316 227 367
person 0.0011 165 224 220 371
car 0.0099 33 84 87 144
car 0.0012 28 82 86 116
bottle 0.0494 275 252 289 318
bottle 0.0115 277 252 289 282
bottle 0.0024 434 148 441 166
chair 0.1397 417 147 473 245
chair 0.0501 417 175 441 235
chair 0.0416 441 164 472 222
chair 0.0251 434 147 461 191
chair 0.0205 421 146 453 168
chair 0.0200 416 147 449 232
chair 0.0193 462 150 471 164
chair 0.0120 455 148 463 162
chair 0.0106 443 147 459 162
chair 0.0096 453 149 473 210
chair 0.0083 415 145 450 181
chair 0.0080 456 148 471 169
chair 0.0061 449 166 471 199
chair 0.0058 430 147 470 166
chair 0.0054 434 146 450 164
chair 0.0054 424 146 436 164
chair 0.0042 435 171 457 196
chair 0.0037 416 147 440 169
chair 0.0037 436 146 458 169
chair 0.0036 417 175 437 209
chair 0.0029 418 150 426 162
chair 0.0026 417 150 429 168
chair 0.0024 442 147 450 162
chair 0.0014 0 308 79 372
chair 0.0012 444 172 458 194
chair 0.0011 434 176 451 216
chair 0.0011 447 156 475 257
chair 0.0011 327 73 343 95
chair 0.0010 433 189 473 263
pottedplant 0.7526 0 87 73 258
pottedplant 0.0694 386 80 436 158
pottedplant 0.0125 0 172 71 258
pottedplant 0.0112 0 209 49 258
pottedplant 0.0103 61 135 87 184
pottedplant 0.0066 394 103 444 179
pottedplant 0.0052 408 107 436 153
pottedplant 0.0032 0 187 54 309
pottedplant 0.0032 386 80 419 113
pottedplant 0.0032 0 142 18 198
pottedplant 0.0016 0 96 16 195
pottedplant 0.0014 389 84 454 212
pottedplant 0.0010 0 220 5 247
pottedplant 0.0010 0 181 15 251
diningtable 0.0015 416 166 449 184
tvmonitor 0.0035 0 3 91 142
