bottle 0.0312 8 74 46 150
bottle 0.0036 127 0 143 59
bottle 0.0031 36 86 58 133
chair 0.6714 126 0 253 53
chair 0.0418 0 42 70 120
chair 0.0139 1 1 136 67
chair 0.0120 241 0 254 41
chair 0.0091 128 0 144 58
chair 0.0060 229 0 253 41
chair 0.0054 0 42 67 74
chair 0.0048 394 1 486 81
chair 0.0040 155 0 223 47
chair 0.0034 4 0 263 67
chair 0.0027 241 0 288 45
chair 0.0025 484 236 499 296
chair 0.0023 1 41 64 52
chair 0.0010 488 258 499 297
pottedplant 0.2662 267 0 394 55
pottedplant 0.0037 155 0 417 58
pottedplant 0.0030 360 0 393 57
pottedplant 0.0016 327 1 401 55
diningtable 0.7532 2 32 498 294
diningtable 0.0201 47 0 464 64
diningtable 0.0138 229 23 548 313
diningtable 0.0105 0 23 501 160
diningtable 0.0082 2 178 499 294
diningtable 0.0051 0 42 70 123
diningtable 0.0013 2 12 268 86
diningtable 0.0013 0 125 57 163
