chair 0.8722 198 60 302 121
chair 0.7929 62 109 308 369
chair 0.7763 325 62 458 369
chair 0.6681 0 120 126 370
chair 0.0884 469 273 500 324
chair 0.0779 199 58 306 230
chair 0.0560 0 118 81 266
chair 0.0470 326 62 450 135
chair 0.0449 53 61 469 368
chair 0.0354 0 117 8 175
chair 0.0214 468 161 499 322
chair 0.0214 3 115 21 127
chair 0.0211 0 116 5 147
chair 0.0206 0 247 41 369
chair 0.0190 2 114 39 139
chair 0.0183 334 200 434 370
chair 0.0165 325 62 451 220
chair 0.0157 12 113 33 126
chair 0.0129 0 116 17 265
chair 0.0121 0 119 55 368
chair 0.0114 0 112 39 174
chair 0.0086 121 99 352 256
chair 0.0079 0 242 121 371
chair 0.0065 190 109 450 231
chair 0.0057 19 114 32 124
chair 0.0044 0 116 27 215
chair 0.0044 0 249 17 366
chair 0.0038 0 234 19 273
chair 0.0034 391 73 447 274
chair 0.0024 0 250 31 289
chair 0.0024 0 226 9 252
chair 0.0023 301 262 370 372
chair 0.0023 349 121 463 221
chair 0.0023 29 171 78 200
chair 0.0022 0 183 19 271
chair 0.0020 1 114 222 282
chair 0.0018 0 146 6 172
chair 0.0015 0 283 12 371
chair 0.0015 469 275 499 370
chair 0.0014 0 226 17 256
chair 0.0014 0 225 32 282
chair 0.0013 0 116 4 134
chair 0.0013 5 151 131 284
chair 0.0012 224 194 447 371
chair 0.0012 0 140 19 198
chair 0.0012 0 158 10 235
chair 0.0012 0 115 17 174
chair 0.0012 494 275 500 321
chair 0.0011 0 144 31 263
chair 0.0010 0 195 69 315
chair 0.0010 18 113 38 137
diningtable 0.6028 52 105 464 367
diningtable 0.2373 1 126 75 173
diningtable 0.0180 1 106 439 239
diningtable 0.0088 4 126 135 176
diningtable 0.0059 1 110 307 186
diningtable 0.0052 0 250 19 268
diningtable 0.0035 206 114 453 234
diningtable 0.0016 0 250 29 281
diningtable 0.0015 326 128 463 209
diningtable 0.0015 11 110 278 289
diningtable 0.0013 2 -60 454 272
