person 0.9304 341 170 499 372
person 0.9001 268 104 344 176
person 0.8860 0 172 91 372
person 0.8860 79 122 189 287
person 0.8580 126 118 205 235
person 0.8529 211 105 274 190
person 0.8466 166 116 249 221
person 0.8175 333 160 434 320
person 0.7957 298 331 382 374
person 0.7540 346 124 410 231
person 0.7447 37 163 122 345
person 0.7415 343 120 378 185
person 0.1314 36 163 80 186
person 0.0046 385 160 434 289
person 0.0041 0 305 9 370
person 0.0039 495 119 499 129
person 0.0033 296 330 478 375
person 0.0033 482 99 499 124
person 0.0025 212 105 245 154
person 0.0019 0 128 7 149
person 0.0017 453 188 489 271
person 0.0015 481 99 490 119
person 0.0013 459 169 498 295
person 0.0012 494 118 500 138
person 0.0011 387 159 435 213
car 0.0208 417 99 436 115
car 0.0156 344 106 396 122
car 0.0048 396 110 422 122
car 0.0048 401 136 420 148
car 0.0041 482 96 499 125
car 0.0035 376 110 396 122
car 0.0034 332 123 429 159
car 0.0024 396 98 410 109
car 0.0021 403 113 417 122
car 0.0021 344 113 359 121
car 0.0018 343 111 379 121
car 0.0015 377 115 393 122
car 0.0015 391 109 412 122
car 0.0013 494 119 499 130
car 0.0012 382 102 395 110
boat 0.0134 343 103 396 122
boat 0.0090 400 134 429 158
boat 0.0025 343 61 396 122
boat 0.0013 409 99 436 118
boat 0.0013 387 108 425 123
boat 0.0011 389 74 405 115
bottle 0.4660 120 347 135 374
bottle 0.1242 304 168 312 190
bottle 0.1083 296 165 305 188
bottle 0.0076 177 293 205 335
chair 0.5052 447 335 478 374
chair 0.2024 342 218 394 262
chair 0.1942 249 154 271 170
chair 0.0619 425 156 463 176
chair 0.0445 347 221 394 245
chair 0.0391 469 233 499 298
chair 0.0264 380 334 479 374
chair 0.0212 462 233 500 372
chair 0.0201 332 302 368 316
chair 0.0155 460 343 496 374
chair 0.0136 332 134 354 161
chair 0.0133 262 153 271 167
chair 0.0123 329 302 368 331
chair 0.0106 0 250 9 257
chair 0.0095 459 234 489 269
chair 0.0084 340 254 374 279
chair 0.0075 342 178 401 259
chair 0.0066 350 217 394 235
chair 0.0062 298 330 478 374
chair 0.0057 249 157 264 169
chair 0.0055 381 290 495 374
chair 0.0053 238 142 249 150
chair 0.0052 343 160 353 175
chair 0.0051 366 211 499 373
chair 0.0045 455 159 475 199
chair 0.0044 384 238 420 280
chair 0.0044 471 162 499 234
chair 0.0043 255 153 264 160
chair 0.0040 264 153 271 159
chair 0.0039 332 212 414 329
chair 0.0035 470 233 499 262
chair 0.0035 248 159 259 167
chair 0.0034 426 157 472 198
chair 0.0032 0 239 15 252
chair 0.0032 335 145 350 162
chair 0.0031 328 133 338 146
chair 0.0031 490 271 499 299
chair 0.0030 0 304 9 367
chair 0.0030 256 164 273 180
chair 0.0030 244 149 264 164
chair 0.0030 482 339 499 373
chair 0.0027 233 141 249 153
chair 0.0024 447 316 499 374
chair 0.0022 337 149 346 167
chair 0.0022 399 135 427 154
chair 0.0022 320 303 331 332
chair 0.0021 249 166 273 185
chair 0.0021 180 121 193 146
chair 0.0020 0 244 8 252
chair 0.0020 350 219 368 234
chair 0.0019 341 254 374 266
chair 0.0019 0 246 10 258
chair 0.0019 330 133 355 148
chair 0.0018 405 139 462 176
chair 0.0017 172 125 182 152
chair 0.0017 268 161 279 174
chair 0.0016 38 230 122 344
chair 0.0015 495 280 500 299
chair 0.0013 488 368 500 374
chair 0.0013 336 313 370 336
chair 0.0013 339 233 381 273
chair 0.0012 471 232 499 245
chair 0.0012 252 166 270 178
chair 0.0012 344 138 363 165
chair 0.0012 471 232 499 238
chair 0.0011 401 146 430 158
chair 0.0011 342 149 353 171
chair 0.0011 244 153 272 182
chair 0.0011 480 160 500 171
chair 0.0011 0 251 9 262
chair 0.0010 343 147 377 183
chair 0.0010 351 219 368 227
chair 0.0010 248 156 318 177
chair 0.0010 340 219 349 256
chair 0.0010 236 141 253 164
chair 0.0010 244 154 253 165
chair 0.0010 179 115 214 146
chair 0.0010 343 157 363 175
pottedplant 0.4288 417 82 499 172
pottedplant 0.3133 112 104 156 180
pottedplant 0.0934 430 110 499 159
pottedplant 0.0269 112 104 149 142
pottedplant 0.0087 453 109 499 198
pottedplant 0.0058 139 106 176 134
pottedplant 0.0054 139 106 165 124
pottedplant 0.0043 422 148 463 177
pottedplant 0.0038 123 137 145 180
pottedplant 0.0033 415 148 498 195
pottedplant 0.0033 416 110 470 174
pottedplant 0.0032 231 53 252 78
pottedplant 0.0025 482 116 499 168
pottedplant 0.0023 342 54 397 121
pottedplant 0.0022 418 79 462 160
pottedplant 0.0021 493 118 500 147
pottedplant 0.0018 426 79 458 127
pottedplant 0.0015 230 31 298 117
pottedplant 0.0015 231 28 357 122
pottedplant 0.0014 314 64 336 120
pottedplant 0.0014 239 0 486 140
pottedplant 0.0013 472 174 500 234
pottedplant 0.0012 118 144 129 183
pottedplant 0.0012 482 98 500 132
pottedplant 0.0012 446 110 488 138
pottedplant 0.0011 398 9 499 183
pottedplant 0.0011 328 41 362 118
pottedplant 0.0011 460 135 499 234
diningtable 0.8398 23 167 348 372
diningtable 0.0352 249 153 271 170
diningtable 0.0244 226 173 352 236
diningtable 0.0106 336 126 429 166
diningtable 0.0068 174 175 352 302
diningtable 0.0053 24 293 142 373
diningtable 0.0030 25 265 332 372
diningtable 0.0028 244 158 346 177
diningtable 0.0026 21 330 133 373
diningtable 0.0017 278 179 355 229
diningtable 0.0017 239 116 291 133
diningtable 0.0017 117 351 214 373
diningtable 0.0014 177 289 330 374
diningtable 0.0012 246 120 415 174
diningtable 0.0011 341 123 387 179
diningtable 0.0011 401 131 437 157
diningtable 0.0010 238 174 344 209
