person 0.9365 379 60 499 260
person 0.8209 348 141 390 195
person 0.7666 213 147 266 186
person 0.7050 257 149 281 183
person 0.6412 0 18 124 267
person 0.6022 162 126 202 156
person 0.5355 273 161 291 188
person 0.4852 113 121 136 155
person 0.4661 197 138 220 187
person 0.3429 339 165 353 201
person 0.3319 154 124 208 207
person 0.3209 0 247 31 326
person 0.2102 113 257 175 312
person 0.2016 95 121 136 189
person 0.1176 493 136 500 157
person 0.1126 340 165 352 182
person 0.0693 461 156 499 261
person 0.0652 378 146 391 173
person 0.0605 241 161 267 174
person 0.0416 4 26 193 335
person 0.0369 237 147 266 174
person 0.0230 196 139 230 209
person 0.0211 379 118 413 175
person 0.0193 81 100 145 228
person 0.0167 145 126 216 274
person 0.0126 89 120 166 322
person 0.0118 402 122 414 156
person 0.0110 0 247 29 279
person 0.0106 379 119 414 227
person 0.0085 14 153 183 369
person 0.0076 211 161 232 177
person 0.0069 94 130 135 241
person 0.0068 107 121 145 211
person 0.0054 2 259 208 368
person 0.0052 140 150 193 209
person 0.0050 336 179 344 194
person 0.0048 287 316 484 374
person 0.0045 198 139 218 163
person 0.0044 276 160 290 175
person 0.0042 142 262 173 306
person 0.0042 116 259 147 313
person 0.0041 85 35 183 361
person 0.0037 490 127 500 156
person 0.0034 378 146 388 163
person 0.0033 156 136 164 153
person 0.0031 441 259 499 287
person 0.0029 0 123 36 324
person 0.0026 493 127 499 145
person 0.0026 10 107 15 121
person 0.0024 63 256 169 314
person 0.0023 205 157 231 185
person 0.0023 0 80 58 350
person 0.0022 99 120 179 200
person 0.0021 101 140 212 325
person 0.0021 0 100 3 120
person 0.0019 380 242 497 287
person 0.0017 96 203 176 322
person 0.0017 155 262 174 299
person 0.0017 211 144 233 177
person 0.0016 154 123 276 203
person 0.0014 4 105 12 123
person 0.0014 176 115 190 128
person 0.0013 382 149 406 226
person 0.0012 256 151 263 160
person 0.0012 320 175 344 196
person 0.0012 383 182 402 224
person 0.0011 1 245 62 327
person 0.0010 406 136 420 177
person 0.0010 84 108 133 157
person 0.0010 24 -5 461 326
bird 0.0016 6 20 22 70
bottle 0.7813 26 150 124 372
bottle 0.6247 345 169 363 205
bottle 0.0200 341 172 364 249
bottle 0.0063 341 178 351 204
bottle 0.0043 161 100 167 125
bottle 0.0023 90 154 108 188
bottle 0.0018 177 115 190 127
bottle 0.0010 3 245 127 369
chair 0.0082 211 161 232 176
chair 0.0010 384 182 403 225
diningtable 0.5337 4 157 498 373
diningtable 0.1055 7 250 439 375
diningtable 0.0583 187 213 502 371
diningtable 0.0253 0 323 38 368
diningtable 0.0122 -3 150 212 376
diningtable 0.0089 1 267 212 371
diningtable 0.0081 0 315 180 372
diningtable 0.0062 116 262 204 370
diningtable 0.0050 397 305 498 372
diningtable 0.0044 28 40 454 336
diningtable 0.0042 6 124 500 246
diningtable 0.0036 290 305 498 374
diningtable 0.0027 263 189 326 227
diningtable 0.0023 415 285 499 321
diningtable 0.0022 366 232 483 263
diningtable 0.0015 444 323 498 373
diningtable 0.0014 0 357 121 374
diningtable 0.0011 307 286 495 327
tvmonitor 0.4826 0 82 33 129
