person 0.2077 19 6 22 13
person 0.0554 0 297 82 319
person 0.0425 20 5 24 13
person 0.0084 32 5 35 12
person 0.0060 90 203 239 319
person 0.0022 32 1 36 12
person 0.0014 158 0 187 43
person 0.0012 172 5 188 44
bicycle 0.0040 4 208 238 319
bicycle 0.0024 176 294 235 320
bicycle 0.0023 1 296 238 319
bicycle 0.0015 32 243 105 319
car 0.8537 1 17 32 29
car 0.6539 56 15 76 31
car 0.0366 59 0 77 10
car 0.0303 56 4 76 27
car 0.0242 0 58 7 79
car 0.0156 73 12 84 21
car 0.0129 57 4 76 16
car 0.0080 0 6 5 10
car 0.0075 4 6 19 11
car 0.0058 0 19 4 32
car 0.0035 60 5 76 12
car 0.0021 56 9 85 31
car 0.0021 60 7 76 20
car 0.0020 45 10 58 16
car 0.0019 61 12 83 23
car 0.0016 78 13 84 19
car 0.0015 0 46 24 78
car 0.0015 0 69 4 79
car 0.0014 66 0 77 8
car 0.0012 158 0 187 43
car 0.0010 0 18 11 30
cat 0.0021 156 106 230 169
dog 0.0193 85 202 239 320
dog 0.0152 0 297 97 319
chair 0.0103 0 158 53 297
chair 0.0018 0 299 60 319
chair 0.0017 201 0 239 89
pottedplant 0.2388 67 99 239 229
pottedplant 0.1301 10 86 239 320
pottedplant 0.1249 11 90 113 319
pottedplant 0.0413 153 48 239 169
pottedplant 0.0298 37 213 108 319
pottedplant 0.0256 159 104 235 168
pottedplant 0.0225 31 93 118 170
pottedplant 0.0159 81 188 239 320
pottedplant 0.0155 72 95 159 179
pottedplant 0.0089 0 23 58 310
pottedplant 0.0086 154 0 219 47
pottedplant 0.0083 87 129 159 180
pottedplant 0.0071 128 70 196 124
pottedplant 0.0068 17 89 160 252
pottedplant 0.0067 37 161 80 261
pottedplant 0.0057 176 294 238 320
pottedplant 0.0052 10 10 239 237
pottedplant 0.0052 84 69 117 94
pottedplant 0.0043 172 49 239 125
pottedplant 0.0040 137 27 240 278
pottedplant 0.0035 145 48 162 71
pottedplant 0.0034 34 92 85 284
pottedplant 0.0030 10 82 96 188
pottedplant 0.0024 157 1 188 44
pottedplant 0.0022 0 148 43 192
pottedplant 0.0021 39 153 137 318
pottedplant 0.0018 179 48 215 83
pottedplant 0.0017 10 43 118 171
pottedplant 0.0017 178 0 216 25
pottedplant 0.0016 0 150 19 204
pottedplant 0.0016 220 72 239 121
pottedplant 0.0015 141 0 231 79
pottedplant 0.0014 218 116 239 168
pottedplant 0.0013 0 131 45 225
pottedplant 0.0012 15 45 71 102
pottedplant 0.0011 206 72 238 168
pottedplant 0.0011 94 63 204 139
