person 0.0034 78 307 86 319
person 0.0033 139 309 145 318
person 0.0028 85 306 92 317
person 0.0015 84 309 92 319
person 0.0014 76 306 84 314
car 0.6304 53 307 84 319
car 0.4117 41 310 52 318
car 0.2511 23 312 42 318
car 0.0578 106 311 117 318
car 0.0490 31 305 42 315
car 0.0368 116 311 127 318
car 0.0352 98 310 108 317
car 0.0306 92 309 109 317
car 0.0222 10 312 21 316
car 0.0186 0 305 8 311
car 0.0179 118 310 134 319
car 0.0170 137 312 146 318
car 0.0169 131 311 139 318
car 0.0163 89 310 102 317
car 0.0148 0 303 17 312
car 0.0108 23 313 34 318
car 0.0091 9 303 18 308
car 0.0061 87 300 104 307
car 0.0059 98 309 116 317
car 0.0055 18 312 25 316
car 0.0045 77 310 89 319
car 0.0042 9 304 18 311
car 0.0026 0 310 7 317
car 0.0026 87 301 97 307
car 0.0023 129 308 142 319
car 0.0023 39 305 59 318
car 0.0017 155 312 167 321
car 0.0014 8 313 22 319
car 0.0014 45 306 55 318
car 0.0013 4 311 10 316
car 0.0013 134 313 145 319
car 0.0013 86 315 95 320
car 0.0013 82 307 96 319
car 0.0012 51 306 70 318
car 0.0010 110 313 119 319
train 0.8698 144 24 470 343
