person 0.1362 468 137 499 300
person 0.0108 485 232 499 320
person 0.0020 471 209 499 320
person 0.0019 0 175 11 213
person 0.0018 0 170 38 282
person 0.0011 492 233 500 305
person 0.0011 493 149 500 230
person 0.0010 493 130 500 198
chair 0.0042 293 147 326 191
chair 0.0013 0 175 11 212
chair 0.0011 0 175 10 186
pottedplant 0.7282 321 188 392 302
pottedplant 0.4404 361 248 394 300
pottedplant 0.3713 385 243 459 310
pottedplant 0.0979 320 189 458 311
pottedplant 0.0500 395 270 455 309
pottedplant 0.0287 383 145 458 310
pottedplant 0.0216 379 244 415 300
pottedplant 0.0155 321 268 460 311
pottedplant 0.0147 391 243 416 273
pottedplant 0.0139 325 271 362 298
pottedplant 0.0099 485 303 499 323
pottedplant 0.0093 388 242 448 274
pottedplant 0.0053 356 243 430 308
pottedplant 0.0053 431 271 461 309
pottedplant 0.0040 413 244 434 272
pottedplant 0.0021 362 272 392 302
pottedplant 0.0020 388 269 402 298
pottedplant 0.0019 361 247 392 274
pottedplant 0.0016 326 238 365 299
pottedplant 0.0016 139 155 231 294
pottedplant 0.0015 321 117 495 295
pottedplant 0.0014 484 251 500 322
pottedplant 0.0010 403 148 431 247
