person 0.3583 62 132 82 155
person 0.0897 218 147 235 175
person 0.0564 251 141 295 174
person 0.0458 40 139 56 153
person 0.0203 218 139 236 164
person 0.0168 355 127 373 143
person 0.0127 250 140 280 164
person 0.0083 271 141 296 164
person 0.0080 47 132 92 156
person 0.0051 397 128 419 148
person 0.0050 65 132 76 145
person 0.0048 233 143 284 175
person 0.0048 177 121 181 126
person 0.0039 346 126 374 148
person 0.0038 143 142 174 174
person 0.0036 421 136 441 155
person 0.0027 40 130 75 153
person 0.0024 396 133 413 147
person 0.0023 394 136 404 144
person 0.0022 370 128 387 150
person 0.0022 34 140 51 153
person 0.0020 345 126 362 141
person 0.0020 377 134 388 149
person 0.0020 362 129 374 145
person 0.0015 44 139 55 146
person 0.0013 332 127 347 142
person 0.0013 51 126 117 155
person 0.0012 251 146 278 177
person 0.0011 0 189 10 228
person 0.0011 155 141 188 174
person 0.0011 419 132 436 152
person 0.0010 46 140 68 153
person 0.0010 49 131 70 146
person 0.0010 0 126 30 151
bicycle 0.0015 0 193 11 227
car 0.9434 20 123 476 272
car 0.9266 0 123 134 199
car 0.8201 297 118 498 210
car 0.7990 117 123 146 136
car 0.0877 77 113 93 119
car 0.0252 156 121 167 127
car 0.0116 1 124 132 153
car 0.0058 83 128 131 152
car 0.0044 76 124 117 135
car 0.0031 166 122 180 127
car 0.0018 81 124 109 132
car 0.0015 0 124 6 130
car 0.0013 70 111 93 119
car 0.0012 0 125 23 140
car 0.0011 120 133 140 142
car 0.0010 84 113 93 119
motorbike 0.0010 0 189 11 228
chair 0.0038 466 104 490 130
chair 0.0013 476 114 491 130
