person 0.9446 190 106 271 291
person 0.5967 207 149 217 175
person 0.0880 12 125 16 133
person 0.0433 207 149 216 160
person 0.0322 70 113 79 131
person 0.0296 452 149 480 203
person 0.0268 0 121 4 134
person 0.0146 3 124 11 133
person 0.0142 388 124 398 146
person 0.0134 0 125 3 137
person 0.0103 0 124 6 138
person 0.0075 1 127 9 135
person 0.0066 22 122 32 132
person 0.0044 382 124 398 152
person 0.0043 0 120 5 130
person 0.0040 379 129 385 142
person 0.0039 418 88 427 99
person 0.0031 126 110 135 132
person 0.0030 8 124 19 133
person 0.0029 476 135 482 148
person 0.0029 481 177 499 195
person 0.0028 170 163 185 175
person 0.0025 0 116 21 133
person 0.0023 118 128 124 135
person 0.0021 131 139 142 150
person 0.0020 3 136 9 141
person 0.0020 117 116 124 135
person 0.0019 27 122 33 132
person 0.0017 0 121 10 136
person 0.0016 168 165 175 174
person 0.0015 493 138 499 149
person 0.0015 109 128 113 134
person 0.0014 20 113 35 132
person 0.0014 488 136 495 149
person 0.0013 148 123 153 129
person 0.0011 388 125 395 137
bicycle 0.0155 208 162 218 175
car 0.0084 444 198 499 315
car 0.0038 0 123 18 134
car 0.0030 472 89 499 138
car 0.0027 481 177 499 195
car 0.0023 0 127 13 137
car 0.0018 473 137 499 150
car 0.0016 490 138 499 150
car 0.0014 491 92 499 103
car 0.0013 2 121 41 133
boat 0.0014 131 139 142 150
horse 0.9437 136 158 369 371
bottle 0.0021 214 190 230 211
tvmonitor 0.0143 0 110 46 135
tvmonitor 0.0011 0 112 21 135
