person 0.0759 309 256 315 265
person 0.0312 281 218 290 225
person 0.0305 285 219 292 226
person 0.0138 326 236 331 244
person 0.0124 310 230 317 239
person 0.0122 291 220 296 227
person 0.0092 287 228 293 237
person 0.0087 300 225 307 234
person 0.0082 285 218 295 234
person 0.0067 299 229 305 239
person 0.0064 311 231 319 242
person 0.0058 304 226 310 234
person 0.0055 305 230 311 238
person 0.0055 311 229 318 236
person 0.0054 317 231 323 241
person 0.0052 293 223 301 234
person 0.0051 292 228 299 238
person 0.0049 322 233 328 242
person 0.0045 224 192 231 199
person 0.0043 235 146 241 152
person 0.0041 301 227 308 239
person 0.0039 271 217 280 225
person 0.0033 320 233 325 243
person 0.0030 328 237 333 245
person 0.0025 297 224 309 235
person 0.0025 306 228 314 239
person 0.0022 286 226 296 237
person 0.0022 308 254 313 263
person 0.0020 224 187 232 195
person 0.0018 288 222 303 237
person 0.0016 289 219 300 228
person 0.0014 271 217 285 226
person 0.0013 279 218 293 234
person 0.0012 322 235 333 245
person 0.0011 245 217 258 230
boat 0.9356 147 128 337 270
boat 0.2129 315 257 337 265
boat 0.0643 307 254 315 265
boat 0.0472 306 254 337 266
boat 0.0022 308 256 320 265
boat 0.0017 307 227 337 266
boat 0.0012 150 128 288 187
boat 0.0011 369 255 373 260
