person 0.9544 263 180 415 348
person 0.8883 214 102 279 194
person 0.8305 162 110 244 216
person 0.8285 274 96 350 207
person 0.7609 287 108 429 240
person 0.5766 0 128 43 241
person 0.4951 0 181 58 342
person 0.1614 304 99 363 200
person 0.0621 2 187 43 241
person 0.0299 331 102 362 178
person 0.0163 0 127 9 146
person 0.0139 234 111 398 270
person 0.0072 0 126 10 196
person 0.0064 0 128 16 240
person 0.0024 0 160 43 300
person 0.0019 128 114 313 245
person 0.0015 289 96 347 153
person 0.0013 180 157 447 342
person 0.0012 333 102 362 141
person 0.0011 0 16 43 244
bottle 0.3159 269 173 279 202
bottle 0.0984 306 161 315 180
bottle 0.0837 276 161 285 183
bottle 0.0498 304 162 315 195
bottle 0.0475 270 171 276 186
bottle 0.0027 274 168 284 204
bottle 0.0017 3 117 7 130
chair 0.1453 0 217 19 262
chair 0.1208 382 125 484 290
chair 0.0908 0 180 7 219
chair 0.0425 94 126 181 246
chair 0.0200 0 179 13 243
chair 0.0083 469 90 499 374
chair 0.0063 480 92 499 299
chair 0.0025 0 237 17 262
chair 0.0023 0 217 17 241
chair 0.0017 0 147 19 238
chair 0.0014 0 157 8 217
chair 0.0014 202 126 222 137
chair 0.0012 200 95 222 118
chair 0.0011 302 109 491 302
chair 0.0011 0 161 9 192
chair 0.0010 98 122 259 246
chair 0.0010 483 90 500 201
chair 0.0010 154 148 168 190
sofa 0.7806 96 128 302 247
sofa 0.4298 280 122 483 289
sofa 0.3853 381 123 484 289
sofa 0.3458 91 123 487 261
sofa 0.0810 94 127 183 247
sofa 0.0256 0 180 8 219
sofa 0.0092 470 92 499 369
sofa 0.0081 0 179 19 244
sofa 0.0050 0 217 19 263
sofa 0.0038 384 123 484 190
sofa 0.0019 449 116 500 327
sofa 0.0010 0 160 17 220
sofa 0.0010 132 142 472 346
sofa 0.0010 426 152 480 194
pottedplant 0.0112 0 124 9 147
diningtable 0.1569 144 187 329 313
diningtable 0.0998 146 187 329 247
diningtable 0.0088 475 103 499 379
diningtable 0.0079 235 198 330 242
diningtable 0.0043 214 232 308 313
diningtable 0.0025 106 147 467 341
diningtable 0.0018 237 198 312 222
diningtable 0.0010 150 196 231 242
