person 0.3254 496 245 499 275
person 0.1994 330 190 339 206
person 0.0146 491 244 499 358
person 0.0138 345 196 355 207
person 0.0135 493 244 499 275
person 0.0020 495 231 500 268
person 0.0020 373 220 380 237
person 0.0020 118 112 139 137
person 0.0018 496 240 500 256
person 0.0016 111 113 147 158
person 0.0015 494 330 499 360
person 0.0010 492 256 499 297
car 0.0015 484 239 491 245
train 0.9384 57 104 491 321
train 0.6819 0 205 95 261
train 0.0243 425 215 484 260
train 0.0022 32 209 122 260
train 0.0019 56 210 100 259
train 0.0015 385 213 485 273
train 0.0012 0 231 58 261
train 0.0010 50 247 487 326
