person 0.9297 188 1 485 372
person 0.8736 97 0 247 367
person 0.6219 64 179 147 346
person 0.4964 182 320 368 373
person 0.0832 70 176 142 236
person 0.0719 64 261 138 344
person 0.0656 70 177 107 234
person 0.0176 70 177 106 203
person 0.0118 224 1 353 108
person 0.0108 320 70 352 106
person 0.0074 0 30 13 45
person 0.0049 0 15 13 46
person 0.0043 71 178 118 272
person 0.0041 68 13 152 353
person 0.0028 310 2 352 105
person 0.0022 217 0 238 10
person 0.0021 23 315 360 375
person 0.0013 70 73 142 262
person 0.0011 95 175 167 340
car 0.0073 0 0 19 5
horse 0.9088 0 169 58 344
horse 0.1267 302 294 429 371
horse 0.0273 192 290 427 372
horse 0.0082 296 254 480 371
horse 0.0012 347 336 427 374
horse 0.0011 2 171 120 345
horse 0.0010 313 294 396 348
chair 0.0024 383 106 498 283
