person 0.8880 14 93 245 329
person 0.8500 194 101 412 327
person 0.0209 459 189 493 240
person 0.0071 0 263 14 294
person 0.0058 459 145 466 168
person 0.0037 117 150 313 275
person 0.0035 452 115 470 169
person 0.0026 461 116 469 131
person 0.0021 458 1 499 45
person 0.0019 378 134 394 162
person 0.0017 478 95 496 140
person 0.0016 458 131 469 168
person 0.0016 459 115 471 144
person 0.0011 468 188 488 214
person 0.0011 12 55 463 317
chair 0.0099 179 212 214 249
chair 0.0059 179 176 246 247
chair 0.0015 0 301 21 331
chair 0.0015 223 179 247 214
chair 0.0013 211 205 225 222
chair 0.0013 179 212 213 230
sofa 0.0027 0 300 20 331
sofa 0.0020 10 178 459 327
diningtable 0.0012 80 296 316 329
tvmonitor 0.0048 273 0 495 81
