person 0.9396 244 238 374 492
person 0.8284 44 4 188 498
person 0.7163 125 1 454 496
person 0.2608 169 97 262 487
person 0.0229 130 3 290 496
person 0.0128 107 0 462 184
person 0.0039 21 345 82 500
person 0.0038 82 88 251 503
person 0.0030 172 75 340 462
person 0.0017 110 -1 198 108
person 0.0014 111 26 152 101
person 0.0012 174 27 285 367
dog 0.0054 241 358 271 402
chair 0.6459 228 326 366 468
chair 0.6373 0 311 57 447
chair 0.0423 19 366 197 499
chair 0.0228 22 367 81 499
chair 0.0075 228 325 289 467
chair 0.0071 241 325 269 402
chair 0.0063 245 325 263 364
chair 0.0052 328 330 352 414
chair 0.0051 245 313 370 411
chair 0.0035 228 395 291 469
chair 0.0013 11 312 184 456
chair 0.0011 158 416 182 448
chair 0.0010 303 326 359 464
sofa 0.3051 228 328 368 469
sofa 0.2590 0 311 57 447
sofa 0.0433 14 316 373 483
sofa 0.0141 228 325 289 467
sofa 0.0070 326 328 353 415
sofa 0.0043 228 395 291 468
sofa 0.0014 238 325 268 404
