person 0.0231 450 147 459 172
person 0.0063 452 148 459 161
person 0.0037 447 148 462 179
person 0.0017 202 195 210 211
person 0.0013 28 246 73 286
person 0.0010 460 149 468 159
train 0.9266 0 65 350 370
train 0.5042 344 127 499 206
train 0.2755 344 127 415 206
train 0.1464 411 146 499 183
train 0.0123 378 140 485 190
train 0.0116 460 184 499 232
train 0.0038 439 146 499 170
train 0.0019 485 196 500 231
train 0.0018 267 128 419 211
train 0.0017 470 148 499 167
train 0.0016 3 63 350 149
train 0.0012 4 75 504 219
