chair 0.9117 305 145 420 238
chair 0.8354 209 185 470 371
chair 0.0152 0 326 56 372
chair 0.0018 0 231 16 250
chair 0.0011 214 232 370 371
chair 0.0010 305 197 363 238
sofa 0.1215 306 145 420 238
sofa 0.0716 0 326 56 372
sofa 0.0648 203 185 469 371
sofa 0.0021 0 232 16 250
sofa 0.0011 0 233 55 371
pottedplant 0.8656 473 198 500 259
pottedplant 0.0442 493 238 500 260
pottedplant 0.0039 492 208 499 259
pottedplant 0.0022 473 198 499 221
pottedplant 0.0018 472 137 499 258
diningtable 0.0853 103 232 264 318
diningtable 0.0133 0 232 16 249
diningtable 0.0020 103 236 232 284
tvmonitor 0.9289 42 124 152 224
