person 0.8666 78 2 313 326
person 0.7158 263 155 388 306
person 0.3717 282 270 477 328
person 0.1283 269 154 497 328
person 0.0132 387 212 500 327
person 0.0114 259 272 313 323
person 0.0056 2 264 490 329
person 0.0054 461 213 499 269
person 0.0025 435 263 498 327
person 0.0021 128 65 487 330
person 0.0020 468 214 499 247
person 0.0017 463 215 499 328
person 0.0015 283 154 357 275
person 0.0014 467 322 496 331
person 0.0010 494 224 500 241
person 0.0010 479 218 500 268
person 0.0010 11 358 43 403
car 0.0081 420 127 488 182
car 0.0051 418 127 499 227
car 0.0029 429 139 476 195
car 0.0016 393 129 474 204
boat 0.0021 1 255 489 328
chair 0.0499 0 255 219 328
chair 0.0019 408 262 449 300
chair 0.0011 435 268 499 327
