person 0.0362 104 300 116 323
person 0.0108 321 410 331 426
person 0.0040 275 416 286 432
person 0.0034 300 413 315 426
person 0.0019 9 363 15 372
person 0.0018 349 320 360 330
person 0.0016 337 357 343 364
person 0.0015 246 265 253 278
person 0.0015 100 292 117 323
bicycle 0.0016 161 313 183 334
car 0.0385 204 425 225 434
car 0.0315 231 426 261 437
car 0.0208 0 372 9 379
car 0.0081 315 411 329 426
car 0.0046 205 425 241 436
car 0.0036 261 426 280 433
car 0.0036 220 426 250 437
car 0.0025 260 418 286 433
car 0.0017 299 413 316 426
car 0.0017 236 425 277 435
car 0.0017 275 415 304 427
car 0.0014 300 412 331 426
car 0.0011 306 413 323 426
aeroplane 0.0010 301 411 331 427
boat 0.7421 42 2 375 397
boat 0.0539 0 365 49 381
boat 0.0453 46 287 268 390
boat 0.0366 249 299 372 390
boat 0.0255 248 299 296 387
boat 0.0188 43 229 369 392
boat 0.0165 0 372 50 415
boat 0.0156 0 372 9 379
boat 0.0138 0 342 50 381
boat 0.0119 -2 388 376 497
boat 0.0080 249 354 297 386
boat 0.0079 327 405 357 425
boat 0.0044 28 306 370 452
boat 0.0044 252 350 363 389
boat 0.0042 4 362 48 374
boat 0.0040 0 364 15 372
boat 0.0034 10 371 50 380
boat 0.0034 0 383 31 413
boat 0.0027 35 365 48 372
boat 0.0025 140 298 360 388
boat 0.0022 0 382 41 401
boat 0.0017 45 367 50 382
boat 0.0017 17 382 371 443
boat 0.0015 0 340 89 498
boat 0.0015 0 364 6 371
boat 0.0012 188 302 301 387
bird 0.0326 104 300 116 324
bird 0.0100 162 290 172 304
bird 0.0038 315 411 330 426
bird 0.0034 276 417 286 426
bird 0.0018 349 320 361 331
bird 0.0014 315 418 322 426
bird 0.0014 161 313 183 334
chair 0.0086 0 398 55 499
