bird 0.0016 52 52 81 93
bird 0.0010 111 221 116 225
sheep 0.9397 135 203 221 298
sheep 0.9390 431 197 500 266
sheep 0.9017 359 197 439 280
sheep 0.6990 145 185 160 195
sheep 0.5715 0 186 16 199
sheep 0.4898 236 184 249 191
sheep 0.4228 18 179 26 188
sheep 0.2954 0 187 5 198
sheep 0.2420 190 184 199 190
sheep 0.0779 167 184 177 190
sheep 0.0406 12 179 27 188
sheep 0.0336 203 184 216 191
sheep 0.0304 122 186 135 191
sheep 0.0281 174 185 180 190
sheep 0.0174 221 187 231 193
sheep 0.0108 208 184 218 191
sheep 0.0092 196 184 206 191
sheep 0.0064 193 183 211 191
sheep 0.0050 146 186 151 193
sheep 0.0044 0 177 5 184
sheep 0.0044 423 197 439 238
sheep 0.0040 423 195 438 201
sheep 0.0038 6 177 24 186
sheep 0.0038 214 185 221 192
sheep 0.0037 221 185 250 193
sheep 0.0036 211 182 220 191
sheep 0.0035 431 199 455 218
sheep 0.0034 428 200 439 230
sheep 0.0029 199 183 209 190
sheep 0.0028 0 184 6 190
sheep 0.0026 166 183 171 189
sheep 0.0024 2 185 15 191
sheep 0.0023 212 173 217 179
sheep 0.0022 426 196 439 204
sheep 0.0019 216 183 227 192
sheep 0.0017 3 179 169 213
sheep 0.0017 403 195 438 203
sheep 0.0015 3 178 15 185
sheep 0.0015 154 187 160 194
sheep 0.0013 169 183 180 191
sheep 0.0013 130 192 443 289
sheep 0.0013 0 193 6 201
sheep 0.0013 401 196 416 204
sheep 0.0012 12 391 54 425
sheep 0.0010 434 199 456 207
cow 0.0634 0 186 16 199
