person 0.9304 226 96 373 370
person 0.0310 186 82 195 123
person 0.0304 186 70 199 137
person 0.0129 213 113 223 126
person 0.0090 186 108 193 136
person 0.0078 188 91 206 137
person 0.0077 244 107 259 130
person 0.0053 186 108 192 124
person 0.0048 488 100 494 107
person 0.0028 238 114 261 132
person 0.0026 192 69 208 135
person 0.0023 495 100 500 107
person 0.0020 365 93 372 103
person 0.0014 192 106 206 138
person 0.0010 480 101 499 156
car 0.0048 221 114 261 134
car 0.0020 366 124 387 161
motorbike 0.0883 187 110 205 138
motorbike 0.0195 186 71 207 138
motorbike 0.0071 212 112 231 132
motorbike 0.0043 200 112 233 134
motorbike 0.0040 210 113 224 128
motorbike 0.0035 186 108 196 136
motorbike 0.0033 188 113 225 138
motorbike 0.0017 244 116 261 133
motorbike 0.0015 196 112 262 135
motorbike 0.0012 202 113 220 127
aeroplane 0.1791 388 67 453 91
aeroplane 0.1049 3 3 498 202
aeroplane 0.0752 365 75 499 175
aeroplane 0.0543 1 1 497 76
aeroplane 0.0267 0 16 158 373
aeroplane 0.0077 5 5 338 361
aeroplane 0.0061 406 66 451 75
aeroplane 0.0059 368 78 495 114
aeroplane 0.0026 484 147 499 158
aeroplane 0.0025 434 95 499 118
aeroplane 0.0023 421 102 499 175
aeroplane 0.0021 459 97 499 172
aeroplane 0.0020 364 71 453 100
aeroplane 0.0017 485 99 499 107
aeroplane 0.0016 468 97 499 108
aeroplane 0.0013 364 92 406 104
chair 0.0049 119 242 254 372
chair 0.0029 482 125 500 172
chair 0.0020 464 110 499 176
