person 0.9503 243 54 345 343
person 0.7339 112 172 138 217
person 0.2019 223 154 235 182
person 0.0128 224 149 235 166
person 0.0050 114 192 128 217
person 0.0048 113 174 137 195
person 0.0047 208 146 235 171
person 0.0037 129 162 139 191
person 0.0031 60 123 66 134
person 0.0024 41 128 49 139
person 0.0020 162 120 169 133
person 0.0017 0 153 5 161
person 0.0015 128 175 138 190
person 0.0011 235 155 240 163
person 0.0010 127 174 138 218
person 0.0010 212 159 233 181
person 0.0010 67 125 76 135
car 0.0051 107 134 136 146
bus 0.0065 207 113 241 169
train 0.8447 126 111 212 221
train 0.7021 18 116 140 161
train 0.4130 207 112 241 171
train 0.1158 235 21 499 339
train 0.0517 238 20 498 174
train 0.0497 6 116 86 160
train 0.0422 208 142 239 171
train 0.0288 0 131 35 151
train 0.0157 117 123 147 144
train 0.0120 0 134 17 151
train 0.0087 78 127 138 146
train 0.0077 106 133 137 145
train 0.0070 62 123 148 156
train 0.0055 0 116 37 153
train 0.0049 241 39 374 345
train 0.0046 186 106 268 181
train 0.0027 47 72 457 236
train 0.0025 6 132 36 144
train 0.0020 141 112 240 175
train 0.0015 22 138 86 161
train 0.0015 18 107 227 200
train 0.0010 0 120 17 150
train 0.0010 81 129 112 152
train 0.0010 144 47 419 349
bird 0.0025 475 153 499 165
chair 0.1613 403 291 499 372
chair 0.0339 479 257 499 300
chair 0.0246 493 215 499 232
chair 0.0245 383 206 470 281
chair 0.0236 396 334 497 374
chair 0.0181 360 252 452 348
chair 0.0166 361 225 500 366
chair 0.0145 339 216 466 314
chair 0.0140 431 257 499 360
chair 0.0119 468 291 500 368
chair 0.0042 467 257 499 327
chair 0.0031 488 214 499 235
chair 0.0030 337 217 408 289
chair 0.0022 351 271 424 316
chair 0.0012 420 161 499 237
chair 0.0011 422 227 499 311
diningtable 0.2235 420 227 499 325
diningtable 0.1049 423 227 499 265
diningtable 0.0868 388 206 469 231
diningtable 0.0471 385 206 470 277
diningtable 0.0207 480 258 499 292
diningtable 0.0087 354 205 471 309
diningtable 0.0053 455 228 499 258
diningtable 0.0046 482 229 500 240
diningtable 0.0040 421 207 469 227
diningtable 0.0033 467 217 499 235
diningtable 0.0033 468 229 499 244
diningtable 0.0021 447 215 499 231
diningtable 0.0018 385 226 502 289
diningtable 0.0016 390 220 426 277
diningtable 0.0014 462 214 499 253
diningtable 0.0013 434 227 498 248
diningtable 0.0010 491 220 499 233
