person 0.0067 320 118 325 126
person 0.0046 315 121 319 127
car 0.8459 290 132 310 156
car 0.8016 347 132 374 194
car 0.7880 312 122 364 172
car 0.7165 281 130 296 145
car 0.6463 306 128 319 165
car 0.2571 269 128 276 139
car 0.2477 275 129 284 141
car 0.2198 362 125 375 134
car 0.0691 278 130 286 142
car 0.0538 349 123 365 145
car 0.0532 260 128 266 136
car 0.0488 272 127 280 135
car 0.0372 274 127 282 138
car 0.0276 288 120 305 129
car 0.0276 201 112 213 122
car 0.0272 259 126 270 137
car 0.0213 293 128 308 135
car 0.0193 277 127 286 135
car 0.0125 306 129 315 153
car 0.0122 222 112 232 119
car 0.0118 288 129 306 145
car 0.0110 305 123 313 129
car 0.0090 306 130 312 140
car 0.0080 297 126 305 132
car 0.0078 349 122 364 135
car 0.0067 289 129 298 142
car 0.0043 292 125 308 133
car 0.0035 306 125 334 168
car 0.0030 217 111 232 120
car 0.0027 201 111 229 128
car 0.0026 325 122 364 145
car 0.0024 250 124 258 140
car 0.0023 222 111 234 125
car 0.0023 340 139 354 193
car 0.0020 286 122 295 129
car 0.0018 282 139 290 146
car 0.0017 272 128 291 143
car 0.0015 282 124 288 129
car 0.0015 323 147 343 173
car 0.0014 312 122 319 128
car 0.0014 341 145 354 164
car 0.0014 263 131 269 140
car 0.0014 338 131 363 205
car 0.0012 288 136 296 148
bus 0.0592 287 119 305 129
tvmonitor 0.8294 175 248 226 297
tvmonitor 0.0174 175 292 234 322
