bird 0.9129 75 293 206 369
bird 0.9023 6 164 96 271
bird 0.8841 352 308 475 386
bird 0.8601 191 275 352 365
bird 0.8115 13 44 137 96
bird 0.7637 333 105 451 220
bird 0.7575 92 109 199 257
bird 0.1292 293 13 400 129
bird 0.0725 114 112 141 155
bird 0.0719 347 303 399 322
bird 0.0420 99 112 141 173
bird 0.0284 345 304 400 342
bird 0.0179 86 277 387 375
bird 0.0116 93 115 142 248
bird 0.0063 42 92 141 220
bird 0.0036 47 229 135 285
bird 0.0034 11 122 143 285
bird 0.0022 117 109 170 158
bird 0.0021 12 45 139 146
bird 0.0018 48 236 96 282
bird 0.0017 293 12 426 217
bird 0.0017 83 257 138 289
bird 0.0014 120 225 143 290
bird 0.0014 347 304 370 322
bird 0.0013 187 339 266 354
bird 0.0012 120 274 133 289
bird 0.0012 83 227 145 290
bird 0.0011 315 303 439 372
