person 0.8913 0 173 400 371
person 0.1365 467 159 499 200
person 0.0272 455 159 499 224
person 0.0192 0 4 315 373
person 0.0085 466 114 500 201
person 0.0025 301 181 498 373
person 0.0022 433 159 499 276
person 0.0021 439 84 499 216
person 0.0020 156 201 464 372
person 0.0015 453 159 499 363
person 0.0013 0 196 23 265
person 0.0011 484 170 499 224
person 0.0010 463 9 500 203
car 0.3621 2 1 499 371
car 0.0155 0 197 494 372
car 0.0024 254 4 499 365
dog 0.9090 0 2 304 235
dog 0.0389 467 159 499 200
dog 0.0037 446 158 499 219
chair 0.0017 445 299 500 372
chair 0.0017 311 312 367 374
tvmonitor 0.0034 413 0 499 72
