person 0.9651 331 80 500 331
person 0.9497 97 105 284 329
person 0.9399 228 105 403 330
person 0.8766 0 111 142 328
person 0.8748 202 19 355 192
person 0.7236 65 9 197 145
person 0.2393 0 203 39 328
person 0.0182 436 256 499 330
person 0.0108 0 207 22 286
person 0.0106 118 7 130 22
person 0.0094 431 136 499 331
person 0.0079 130 3 140 22
person 0.0069 142 9 151 22
person 0.0060 126 105 478 323
person 0.0053 12 19 198 218
person 0.0042 64 20 347 200
person 0.0033 0 279 39 330
person 0.0032 487 264 499 289
person 0.0023 488 242 499 271
person 0.0020 290 52 314 93
person 0.0019 0 129 60 336
person 0.0019 1 139 143 185
person 0.0016 299 135 355 155
person 0.0015 195 67 493 187
person 0.0015 484 246 499 290
person 0.0013 435 256 499 290
person 0.0012 232 106 351 184
cat 0.0022 481 241 499 271
chair 0.0355 426 141 500 274
chair 0.0348 296 154 350 182
chair 0.0123 427 142 500 201
chair 0.0121 0 156 59 186
chair 0.0067 202 157 255 194
chair 0.0037 1 154 142 185
chair 0.0025 230 153 357 186
chair 0.0024 0 128 62 325
chair 0.0013 193 106 208 115
chair 0.0012 201 93 244 136
chair 0.0011 341 105 355 117
chair 0.0011 122 151 261 194
sofa 0.5238 1 143 498 329
sofa 0.2077 0 156 59 186
sofa 0.1140 427 141 500 270
sofa 0.0957 428 142 499 201
sofa 0.0432 0 153 276 197
sofa 0.0421 296 139 499 191
sofa 0.0296 296 154 350 182
sofa 0.0272 260 139 499 330
sofa 0.0240 0 145 282 246
sofa 0.0175 0 153 140 188
sofa 0.0153 201 157 255 194
sofa 0.0150 30 145 482 201
sofa 0.0142 206 147 356 191
sofa 0.0136 0 159 48 330
sofa 0.0065 114 152 370 197
sofa 0.0060 0 139 141 330
sofa 0.0043 -11 91 504 261
sofa 0.0040 250 152 352 184
sofa 0.0040 -2 124 321 195
sofa 0.0039 2 247 496 329
sofa 0.0031 291 127 502 234
sofa 0.0029 0 156 59 239
sofa 0.0027 191 108 497 195
sofa 0.0021 463 140 499 149
sofa 0.0019 429 139 499 151
sofa 0.0018 140 155 255 195
sofa 0.0010 297 102 355 140
diningtable 0.0143 295 154 350 182
tvmonitor 0.0344 337 61 377 106
tvmonitor 0.0083 336 61 437 107
tvmonitor 0.0014 461 29 500 108
