person 0.9522 0 0 86 203
person 0.9259 436 0 483 111
person 0.8620 125 0 176 76
person 0.6451 104 0 130 68
person 0.6092 414 4 427 57
person 0.5959 315 0 351 18
person 0.5838 253 0 272 20
person 0.5615 422 0 447 61
person 0.5606 284 0 307 18
person 0.5275 397 2 417 52
person 0.4591 176 0 194 54
person 0.4553 208 10 220 45
person 0.4548 480 2 499 82
person 0.4443 218 11 233 38
person 0.4285 199 13 211 45
person 0.1346 442 0 460 27
person 0.0756 246 10 255 22
person 0.0705 482 1 500 144
person 0.0633 234 15 243 28
person 0.0553 191 13 201 45
person 0.0494 0 18 8 75
person 0.0467 345 39 389 80
person 0.0454 257 33 288 76
person 0.0328 0 19 3 34
person 0.0271 271 8 285 18
person 0.0228 480 1 497 41
person 0.0210 211 9 220 24
person 0.0194 493 103 499 148
person 0.0189 491 50 500 94
person 0.0172 231 13 240 30
person 0.0150 246 4 260 22
person 0.0137 414 4 427 29
person 0.0134 106 0 126 21
person 0.0123 170 10 179 57
person 0.0115 489 1 500 71
person 0.0114 271 0 293 18
person 0.0111 484 47 500 95
person 0.0104 170 0 180 34
person 0.0079 276 10 290 18
person 0.0078 228 14 235 28
person 0.0077 170 16 178 36
person 0.0076 389 1 404 28
person 0.0075 390 0 410 16
person 0.0071 490 8 499 39
person 0.0069 489 82 499 148
person 0.0065 216 11 236 66
person 0.0062 81 9 107 55
person 0.0061 264 32 287 60
person 0.0060 207 8 216 21
person 0.0060 279 0 307 55
person 0.0058 175 -1 200 77
person 0.0056 213 8 219 19
person 0.0049 89 7 102 36
person 0.0048 0 18 6 51
person 0.0046 231 32 290 79
person 0.0044 278 46 310 78
person 0.0044 97 5 111 37
person 0.0044 163 0 177 35
person 0.0042 0 20 4 46
person 0.0041 91 6 100 20
person 0.0040 471 0 488 23
person 0.0037 0 -1 18 76
person 0.0037 481 101 499 306
person 0.0036 381 4 419 81
person 0.0035 226 11 231 22
person 0.0034 0 0 22 40
person 0.0033 493 45 500 78
person 0.0033 177 2 192 31
person 0.0032 230 13 235 23
person 0.0032 234 12 254 50
person 0.0032 268 6 281 19
person 0.0032 413 0 423 17
person 0.0031 242 1 270 53
person 0.0030 263 0 305 18
person 0.0030 199 16 210 33
person 0.0028 495 50 499 69
person 0.0028 171 0 181 21
person 0.0026 221 11 234 25
person 0.0026 158 0 176 69
person 0.0025 466 13 500 300
person 0.0025 227 14 241 35
person 0.0024 305 3 321 15
person 0.0024 274 9 311 76
person 0.0023 363 37 392 71
person 0.0023 493 21 499 46
person 0.0023 262 34 312 79
person 0.0020 103 5 112 21
person 0.0019 484 1 496 17
person 0.0018 220 10 229 22
person 0.0018 302 34 324 48
person 0.0017 492 0 500 25
person 0.0017 479 19 491 81
person 0.0016 268 11 279 19
person 0.0016 84 7 91 19
person 0.0015 87 6 98 20
person 0.0014 103 0 116 20
person 0.0014 467 0 481 21
person 0.0014 474 16 484 63
person 0.0013 218 11 223 21
person 0.0011 63 3 83 17
person 0.0011 169 33 179 74
person 0.0010 230 14 256 69
person 0.0010 73 8 92 20
person 0.0010 485 1 499 26
person 0.0010 199 14 206 23
person 0.0010 371 48 393 81
person 0.0010 456 0 465 16
person 0.0010 102 0 125 38
bicycle 0.0273 182 32 197 56
bicycle 0.0181 172 32 196 77
bicycle 0.0129 483 59 499 95
bicycle 0.0122 85 16 107 55
bicycle 0.0066 176 32 191 60
bicycle 0.0059 171 33 184 59
bicycle 0.0047 175 7 200 76
bicycle 0.0043 491 56 500 95
bicycle 0.0034 190 30 202 52
bicycle 0.0026 198 31 211 45
bicycle 0.0024 483 275 499 300
bicycle 0.0022 183 32 208 55
bicycle 0.0013 75 20 91 32
bicycle 0.0012 489 72 500 95
bicycle 0.0012 187 35 209 69
bicycle 0.0010 89 15 104 39
bicycle 0.0010 484 61 500 134
car 0.9659 78 15 444 298
car 0.4613 340 3 392 21
car 0.0768 0 9 8 22
car 0.0402 374 0 408 26
car 0.0386 396 29 419 82
car 0.0344 0 20 8 76
car 0.0292 82 19 107 56
car 0.0275 68 55 177 144
car 0.0255 267 0 307 18
car 0.0211 0 14 5 33
car 0.0208 391 0 411 15
car 0.0205 341 2 414 77
car 0.0174 0 5 14 23
car 0.0160 0 0 21 22
car 0.0159 373 0 409 12
car 0.0141 1 7 176 144
car 0.0130 0 1 102 66
car 0.0091 0 9 9 33
car 0.0083 341 2 410 28
car 0.0082 306 4 390 23
car 0.0068 339 3 398 46
car 0.0067 55 1 109 25
car 0.0048 396 32 442 88
car 0.0046 82 38 106 56
car 0.0042 58 1 108 55
car 0.0041 0 0 23 39
car 0.0038 372 1 394 12
car 0.0038 377 5 419 81
car 0.0035 269 0 292 12
car 0.0032 355 0 398 11
car 0.0025 305 3 320 15
car 0.0021 360 2 394 17
car 0.0019 71 5 95 20
car 0.0017 0 9 43 75
car 0.0017 171 5 181 22
car 0.0017 263 1 350 19
car 0.0017 369 0 390 8
car 0.0016 409 49 422 74
car 0.0014 303 0 328 9
car 0.0014 62 3 83 17
car 0.0013 0 0 20 11
car 0.0013 338 0 355 5
car 0.0013 0 18 17 77
car 0.0012 72 13 93 32
car 0.0011 315 0 351 18
bus 0.0111 0 0 20 24
bus 0.0014 0 0 99 26
chair 0.0073 444 275 499 371
chair 0.0059 484 275 499 300
diningtable 0.0028 444 275 499 371
diningtable 0.0017 465 319 499 373
