person 0.9469 295 63 421 344
person 0.8770 0 3 89 219
person 0.8574 187 53 327 340
person 0.1556 0 8 128 363
person 0.0892 208 54 296 203
person 0.0593 95 266 129 368
person 0.0318 0 263 128 372
person 0.0090 1 139 88 218
person 0.0089 336 2 356 39
person 0.0077 353 18 368 41
person 0.0057 0 169 25 216
person 0.0055 492 270 499 321
person 0.0043 0 4 22 85
person 0.0033 354 2 369 27
person 0.0026 1 105 89 269
person 0.0020 0 31 51 185
person 0.0017 333 1 372 43
person 0.0012 1 49 32 208
person 0.0012 0 7 30 153
bottle 0.3438 8 112 22 141
bottle 0.1959 213 159 229 192
bottle 0.0162 4 100 30 133
bottle 0.0131 494 265 500 319
bottle 0.0023 7 114 22 163
bottle 0.0014 494 0 500 13
chair 0.7018 322 216 387 298
chair 0.5948 277 159 307 246
chair 0.1619 0 261 126 371
chair 0.1474 68 275 127 373
chair 0.1052 277 159 307 203
chair 0.0458 294 119 388 327
chair 0.0335 236 158 309 249
chair 0.0261 494 269 499 320
chair 0.0191 190 100 317 309
chair 0.0147 96 269 129 372
chair 0.0103 190 219 289 323
chair 0.0050 9 138 48 198
chair 0.0048 189 220 217 289
chair 0.0043 225 167 327 334
chair 0.0043 188 222 244 285
chair 0.0038 304 184 418 313
chair 0.0035 244 176 390 307
chair 0.0023 331 216 384 241
chair 0.0022 280 196 298 246
chair 0.0020 0 36 55 133
chair 0.0017 292 161 308 218
chair 0.0016 307 161 319 192
chair 0.0015 7 165 49 189
chair 0.0015 93 136 234 280
chair 0.0014 98 259 116 275
chair 0.0012 485 265 499 321
chair 0.0011 0 168 22 201
chair 0.0010 195 217 232 347
chair 0.0010 300 163 317 216
pottedplant 0.6248 141 116 168 144
pottedplant 0.0943 1 97 55 146
pottedplant 0.0455 53 136 106 178
pottedplant 0.0302 73 142 106 177
pottedplant 0.0221 1 48 58 192
pottedplant 0.0165 16 68 56 145
pottedplant 0.0089 2 100 33 130
pottedplant 0.0082 21 109 53 146
pottedplant 0.0060 17 101 32 129
pottedplant 0.0034 36 99 55 146
pottedplant 0.0027 30 107 51 134
pottedplant 0.0016 3 92 100 148
pottedplant 0.0013 30 112 44 130
pottedplant 0.0010 135 62 174 138
diningtable 0.6216 28 143 239 348
diningtable 0.1858 0 201 128 369
diningtable 0.1544 0 211 111 270
diningtable 0.0216 31 144 236 224
diningtable 0.0103 36 170 156 209
diningtable 0.0034 -3 80 237 280
diningtable 0.0015 34 131 230 183
diningtable 0.0012 102 135 187 154
tvmonitor 0.0079 0 49 56 148
