person 0.0704 116 198 125 214
person 0.0065 72 201 78 215
person 0.0055 492 163 499 174
person 0.0036 112 220 119 234
person 0.0025 188 205 192 209
person 0.0017 35 201 39 214
person 0.0013 11 356 43 404
person 0.0011 79 203 85 215
person 0.0010 176 229 186 249
car 0.0811 144 200 160 211
car 0.0092 116 198 128 215
car 0.0025 18 199 39 206
train 0.9245 207 136 487 252
train 0.1280 144 200 160 211
train 0.0030 480 153 500 250
train 0.0018 484 222 500 249
train 0.0011 399 137 487 252
horse 0.0094 116 198 127 214
cow 0.0034 116 198 126 215
