person 0.9152 0 50 183 372
person 0.9055 178 34 409 367
person 0.0171 210 171 403 375
person 0.0037 126 62 309 381
person 0.0032 0 142 18 190
person 0.0021 0 233 15 268
dog 0.2233 221 190 336 252
dog 0.0017 312 215 384 243
bottle 0.4936 73 222 115 282
bottle 0.4782 479 168 499 220
bottle 0.0881 478 109 500 221
bottle 0.0164 89 245 114 283
chair 0.0630 463 222 499 372
chair 0.0301 163 37 471 368
chair 0.0145 393 185 470 371
chair 0.0081 466 311 499 373
chair 0.0072 0 145 21 267
chair 0.0057 0 233 142 371
chair 0.0038 329 36 469 369
chair 0.0035 282 308 338 371
chair 0.0034 0 144 18 194
chair 0.0027 395 26 430 77
chair 0.0024 17 146 27 156
chair 0.0023 0 232 16 266
chair 0.0014 462 253 493 332
chair 0.0011 479 311 499 353
sofa 0.5586 72 34 457 369
sofa 0.0666 0 107 182 370
sofa 0.0338 463 222 499 372
sofa 0.0248 393 184 470 372
sofa 0.0179 0 233 16 267
sofa 0.0105 0 229 144 371
sofa 0.0104 0 145 21 267
sofa 0.0073 0 144 18 193
sofa 0.0052 115 24 245 388
sofa 0.0019 217 108 469 370
sofa 0.0011 156 30 406 173
pottedplant 0.1323 478 108 500 221
pottedplant 0.0090 480 106 499 166
pottedplant 0.0023 454 109 499 225
pottedplant 0.0020 492 137 499 167
diningtable 0.0513 463 212 499 371
diningtable 0.0163 467 216 499 233
diningtable 0.0107 454 190 500 230
diningtable 0.0063 457 109 500 363
diningtable 0.0023 454 112 500 225
