person 0.9463 343 1 479 261
person 0.9320 73 52 210 241
person 0.9105 191 59 337 250
person 0.8574 293 196 499 369
person 0.3652 347 316 498 372
person 0.0266 336 52 352 73
person 0.0063 344 261 499 370
person 0.0056 471 283 499 357
person 0.0040 295 47 316 86
person 0.0015 484 286 499 371
person 0.0013 489 316 499 369
dog 0.0031 471 283 499 336
bottle 0.8538 91 13 104 58
bottle 0.5873 64 14 77 59
bottle 0.1614 370 78 389 119
bottle 0.1205 111 12 125 60
bottle 0.0931 354 59 362 73
bottle 0.0723 42 221 63 248
bottle 0.0396 118 12 127 58
bottle 0.0225 103 34 112 58
bottle 0.0118 37 211 60 245
bottle 0.0074 295 47 316 86
bottle 0.0069 337 52 352 73
bottle 0.0036 103 149 108 164
bottle 0.0035 330 67 341 89
bottle 0.0025 290 47 317 111
bottle 0.0017 125 46 130 59
bottle 0.0016 91 33 102 59
bottle 0.0016 315 35 325 71
bottle 0.0015 297 67 313 86
bottle 0.0015 130 50 136 59
bottle 0.0013 110 35 120 60
bottle 0.0012 121 20 129 60
bottle 0.0012 109 36 115 59
bottle 0.0011 65 41 76 59
bottle 0.0010 363 61 367 74
chair 0.2236 335 73 377 118
chair 0.0799 0 151 20 213
chair 0.0512 75 158 126 220
chair 0.0347 289 83 346 133
chair 0.0339 475 201 499 231
chair 0.0333 75 105 238 240
chair 0.0195 314 67 337 88
chair 0.0147 491 341 500 371
chair 0.0141 446 198 500 231
chair 0.0132 474 85 480 97
chair 0.0122 226 213 305 267
chair 0.0107 27 62 112 200
chair 0.0062 203 110 223 175
chair 0.0040 75 160 213 239
chair 0.0034 332 68 344 90
chair 0.0033 466 85 480 152
chair 0.0031 385 60 414 88
chair 0.0025 489 320 499 371
chair 0.0024 470 85 480 121
chair 0.0019 187 108 236 231
chair 0.0018 99 159 126 208
chair 0.0018 290 83 313 111
chair 0.0016 307 67 361 120
chair 0.0015 100 126 126 165
chair 0.0015 281 67 298 100
chair 0.0014 36 96 116 172
chair 0.0014 366 77 389 131
chair 0.0013 440 86 496 227
chair 0.0012 432 311 499 370
chair 0.0012 341 61 479 262
chair 0.0012 348 263 500 368
chair 0.0012 0 144 33 277
chair 0.0011 458 85 480 205
chair 0.0011 289 46 325 131
chair 0.0011 371 61 414 99
sofa 0.4825 76 108 342 274
sofa 0.3667 0 150 20 213
sofa 0.2214 348 197 499 369
sofa 0.0626 445 196 499 230
sofa 0.0540 347 296 499 373
sofa 0.0239 75 158 126 219
sofa 0.0208 0 192 43 285
sofa 0.0183 335 73 377 118
sofa 0.0138 475 201 499 232
sofa 0.0131 439 196 500 368
sofa 0.0057 203 109 224 175
sofa 0.0049 187 109 235 231
sofa 0.0035 294 191 498 277
sofa 0.0031 220 211 307 270
sofa 0.0030 74 191 491 375
sofa 0.0026 0 142 29 278
sofa 0.0023 75 158 212 239
sofa 0.0019 0 264 12 285
sofa 0.0017 173 86 486 280
sofa 0.0013 303 31 482 324
sofa 0.0013 306 163 491 250
sofa 0.0011 39 77 511 349
sofa 0.0011 430 304 499 366
sofa 0.0010 277 123 409 280
pottedplant 0.0015 311 53 341 87
pottedplant 0.0011 288 47 316 91
diningtable 0.1871 0 214 306 371
diningtable 0.0144 1 303 212 373
diningtable 0.0102 288 83 346 133
diningtable 0.0039 25 55 135 195
diningtable 0.0015 287 68 372 126
diningtable 0.0013 160 224 306 333
diningtable 0.0011 42 199 328 299
