person 0.9344 147 85 327 408
person 0.8798 75 0 205 246
person 0.8780 197 0 285 93
person 0.4051 314 0 332 69
person 0.0368 188 0 201 48
person 0.0346 321 0 332 35
person 0.0034 259 0 286 95
person 0.0024 267 286 321 353
person 0.0017 312 0 332 161
person 0.0016 190 0 199 10
person 0.0014 300 5 333 93
person 0.0014 193 0 212 80
person 0.0010 196 0 202 8
dog 0.9419 67 234 218 405
dog 0.5707 241 103 332 184
dog 0.1431 203 52 332 183
sheep 0.7775 204 52 332 119
sheep 0.0558 204 55 333 182
sheep 0.0197 242 105 332 185
bottle 0.0046 24 65 36 90
bottle 0.0021 133 248 154 261
chair 0.0012 0 78 114 181
sofa 0.0017 0 78 112 182
pottedplant 0.0012 11 0 45 16
