person 0.0022 483 1 499 86
person 0.0019 405 0 448 80
cat 0.8861 57 149 111 280
dog 0.0361 57 148 112 280
dog 0.0166 224 148 405 230
chair 0.0173 480 28 499 128
chair 0.0046 108 4 198 82
chair 0.0027 457 34 487 92
chair 0.0014 481 77 500 128
chair 0.0013 405 0 449 81
chair 0.0010 481 1 499 87
pottedplant 0.1664 303 0 403 122
pottedplant 0.0426 344 82 389 121
pottedplant 0.0134 344 44 391 121
pottedplant 0.0124 309 80 390 123
pottedplant 0.0065 325 0 390 50
pottedplant 0.0039 261 67 293 92
pottedplant 0.0036 337 0 402 78
pottedplant 0.0022 173 0 244 103
pottedplant 0.0015 353 38 404 78
pottedplant 0.0014 0 52 47 113
pottedplant 0.0012 214 67 295 118
pottedplant 0.0010 303 6 354 113
