person 0.9370 244 20 384 282
person 0.8839 174 41 280 322
person 0.8063 87 45 223 374
person 0.0131 19 55 354 371
person 0.0043 2 103 203 370
person 0.0036 424 40 441 61
person 0.0029 0 19 21 54
bird 0.0086 0 20 21 53
chair 0.0010 445 343 499 373
chair 0.0010 424 46 441 61
sofa 0.7913 5 74 499 343
sofa 0.0222 54 40 462 249
sofa 0.0202 0 61 192 398
sofa 0.0052 250 38 476 264
sofa 0.0043 4 54 495 167
sofa 0.0017 431 100 475 161
sofa 0.0012 0 102 122 365
pottedplant 0.3917 453 177 500 299
pottedplant 0.0140 456 177 500 240
pottedplant 0.0018 484 178 499 237
pottedplant 0.0012 492 182 499 235
pottedplant 0.0011 451 236 498 308
pottedplant 0.0010 484 207 499 260
diningtable 0.7165 138 234 497 370
diningtable 0.0021 329 238 499 370
diningtable 0.0012 457 143 500 198
tvmonitor 0.0058 488 61 499 121
