person 0.0968 353 277 357 284
person 0.0874 307 280 313 285
person 0.0421 195 272 199 278
person 0.0402 356 277 360 284
person 0.0391 223 268 230 277
person 0.0385 359 277 369 285
person 0.0324 198 273 203 278
person 0.0052 235 272 242 278
person 0.0039 208 264 230 276
person 0.0025 169 269 175 275
person 0.0021 227 270 233 278
person 0.0014 348 276 359 285
person 0.0011 160 272 239 280
person 0.0010 242 272 249 277
boat 0.8643 129 260 265 287
boat 0.4927 287 274 369 287
boat 0.0520 287 277 306 285
boat 0.0210 358 277 369 286
boat 0.0206 263 274 289 286
boat 0.0154 348 277 368 286
boat 0.0049 261 268 265 276
boat 0.0027 262 276 307 287
boat 0.0024 245 271 289 287
boat 0.0018 346 277 360 285
boat 0.0013 285 281 369 290
bird 0.0018 453 235 459 240
