person 0.0017 133 92 151 114
chair 0.9225 173 226 297 372
chair 0.0313 411 235 460 310
chair 0.0038 391 235 459 355
chair 0.0035 1 334 80 374
chair 0.0019 176 226 266 327
diningtable 0.0035 292 241 446 353
tvmonitor 0.8704 222 153 270 205
tvmonitor 0.7755 295 151 355 205
tvmonitor 0.7095 173 153 213 198
tvmonitor 0.6359 173 72 209 114
tvmonitor 0.5395 382 157 435 223
tvmonitor 0.2851 125 88 154 116
tvmonitor 0.2840 440 98 465 129
tvmonitor 0.1164 188 120 209 141
tvmonitor 0.1139 383 91 439 152
tvmonitor 0.0672 218 111 271 142
tvmonitor 0.0498 167 120 188 141
tvmonitor 0.0431 440 188 463 230
tvmonitor 0.0392 216 39 270 112
tvmonitor 0.0313 167 119 206 142
tvmonitor 0.0298 216 76 270 112
tvmonitor 0.0291 448 234 461 286
tvmonitor 0.0233 422 223 457 250
tvmonitor 0.0149 416 223 458 273
tvmonitor 0.0144 430 92 466 141
tvmonitor 0.0127 82 59 114 87
tvmonitor 0.0104 287 96 361 145
tvmonitor 0.0076 163 87 177 114
tvmonitor 0.0065 216 39 270 76
tvmonitor 0.0062 325 104 336 115
tvmonitor 0.0052 427 224 442 239
tvmonitor 0.0039 164 46 210 117
tvmonitor 0.0037 322 37 444 82
tvmonitor 0.0034 375 210 415 249
tvmonitor 0.0034 458 17 499 373
tvmonitor 0.0031 274 25 324 104
tvmonitor 0.0029 432 159 464 232
tvmonitor 0.0028 445 234 463 320
tvmonitor 0.0027 167 46 209 73
tvmonitor 0.0019 411 157 460 277
tvmonitor 0.0019 447 234 499 372
tvmonitor 0.0016 123 75 157 86
tvmonitor 0.0014 310 105 323 116
tvmonitor 0.0013 417 237 455 263
tvmonitor 0.0013 131 97 149 114
tvmonitor 0.0012 287 199 354 226
tvmonitor 0.0012 86 111 118 151
tvmonitor 0.0011 431 180 452 225
tvmonitor 0.0011 418 154 447 209
tvmonitor 0.0010 168 121 176 141
