person 0.7716 452 172 467 213
person 0.1097 474 173 484 193
person 0.1039 482 172 491 193
person 0.0729 467 184 482 213
person 0.0402 364 150 383 193
person 0.0347 488 166 499 193
person 0.0279 424 165 440 184
person 0.0245 424 166 440 204
person 0.0182 384 160 394 171
person 0.0176 455 169 463 178
person 0.0140 453 169 463 186
person 0.0105 482 146 499 194
person 0.0093 476 161 485 175
person 0.0085 423 184 436 211
person 0.0083 477 194 499 245
person 0.0077 483 182 491 193
person 0.0058 484 220 500 251
person 0.0033 493 212 500 234
person 0.0032 459 213 499 250
person 0.0029 479 171 500 231
person 0.0029 465 142 499 172
person 0.0027 467 164 476 185
person 0.0026 466 176 474 192
person 0.0021 409 161 419 170
person 0.0021 480 183 498 213
person 0.0020 410 164 423 184
person 0.0019 455 176 466 191
person 0.0019 493 146 499 165
person 0.0019 400 159 409 170
person 0.0019 390 159 399 171
person 0.0017 460 188 490 249
person 0.0016 465 142 477 184
person 0.0014 407 154 413 166
person 0.0012 377 160 396 187
person 0.0012 466 182 476 198
person 0.0011 447 186 455 204
person 0.0010 482 148 499 164
train 0.9441 36 75 438 260
train 0.0312 424 142 499 200
train 0.0065 465 143 499 188
train 0.0051 481 164 499 194
train 0.0043 479 195 499 232
train 0.0023 479 163 500 228
train 0.0018 279 141 436 222
train 0.0013 460 201 499 251
train 0.0012 465 156 499 247
train 0.0011 349 140 436 196
chair 0.0027 307 199 342 237
pottedplant 0.0029 479 196 497 212
