person 0.0024 201 134 211 152
person 0.0022 204 135 211 143
bird 0.0902 96 135 105 145
bird 0.0163 203 134 211 143
bird 0.0048 111 137 114 141
dog 0.2526 180 231 200 249
horse 0.9756 220 13 498 327
horse 0.4297 180 231 200 249
horse 0.0600 89 229 112 272
horse 0.0267 168 235 176 242
horse 0.0031 180 225 190 241
horse 0.0027 408 205 499 229
horse 0.0022 220 15 353 325
horse 0.0022 402 216 442 229
horse 0.0014 159 226 170 239
horse 0.0013 180 225 191 233
sheep 0.7678 23 214 62 301
sheep 0.7264 89 229 112 272
sheep 0.3799 130 228 141 241
sheep 0.0476 86 226 108 240
sheep 0.0441 180 231 199 249
sheep 0.0382 100 229 108 241
sheep 0.0264 167 235 176 243
sheep 0.0182 84 226 95 232
sheep 0.0158 90 229 104 240
sheep 0.0091 63 226 75 238
sheep 0.0066 148 233 156 239
sheep 0.0047 121 232 133 241
sheep 0.0039 139 232 156 240
sheep 0.0037 89 226 101 232
sheep 0.0030 96 226 107 232
sheep 0.0023 83 225 108 234
sheep 0.0011 100 226 111 237
sheep 0.0011 115 223 121 232
cow 0.1648 167 235 176 242
cow 0.1231 23 215 63 301
cow 0.0811 89 230 112 272
cow 0.0136 87 226 108 240
cow 0.0088 63 226 75 238
cow 0.0074 84 225 96 233
cow 0.0051 127 228 142 241
cow 0.0046 107 226 115 232
cow 0.0032 101 226 109 232
cow 0.0028 83 225 107 233
cow 0.0024 161 228 170 239
cow 0.0014 180 226 190 241
cow 0.0012 100 226 114 237
