person 0.9570 200 86 423 370
person 0.9416 440 43 499 369
person 0.0504 0 276 11 370
person 0.0231 0 354 14 372
person 0.0174 0 355 5 368
person 0.0156 0 276 8 313
person 0.0030 0 277 33 370
person 0.0025 67 0 187 106
person 0.0021 0 335 16 371
person 0.0017 393 2 432 111
person 0.0013 0 334 5 370
bottle 0.8880 82 187 111 250
bottle 0.7019 123 174 140 235
bottle 0.0011 124 206 140 239
bottle 0.0010 124 201 139 224
chair 0.0360 0 276 8 313
chair 0.0017 475 264 499 370
sofa 0.0026 475 264 499 370
pottedplant 0.7760 0 107 122 262
pottedplant 0.0025 2 93 143 357
pottedplant 0.0010 128 136 158 166
diningtable 0.7606 1 218 349 371
diningtable 0.0054 71 211 190 259
diningtable 0.0049 194 301 347 372
diningtable 0.0019 172 220 239 264
diningtable 0.0015 -11 87 346 383
diningtable 0.0010 27 189 226 285
tvmonitor 0.0028 65 0 187 107
