person 0.0171 309 120 331 137
person 0.0094 230 129 238 138
person 0.0023 234 122 244 138
person 0.0013 246 119 255 138
person 0.0010 237 125 246 138
sheep 0.4411 476 82 500 203
sheep 0.0477 291 158 316 186
sheep 0.0114 292 158 316 172
sheep 0.0055 0 111 17 134
sheep 0.0053 480 80 499 102
sheep 0.0052 488 155 499 202
sheep 0.0051 1 111 53 135
sheep 0.0035 0 207 18 277
sheep 0.0030 473 81 499 297
sheep 0.0025 478 80 499 143
sheep 0.0022 489 177 499 203
sheep 0.0019 294 161 334 186
sheep 0.0017 353 184 402 223
sheep 0.0017 353 183 401 203
sheep 0.0016 292 157 334 174
sheep 0.0016 447 80 500 205
sheep 0.0015 314 163 335 185
sheep 0.0014 353 116 407 186
sheep 0.0014 438 155 475 185
sheep 0.0011 474 152 499 203
sheep 0.0011 282 185 334 240
sheep 0.0010 288 123 335 181
sheep 0.0010 321 162 359 186
cow 0.9079 148 147 333 286
cow 0.2095 475 81 500 203
cow 0.1611 0 111 82 137
cow 0.1314 309 120 332 138
cow 0.0930 291 158 317 186
cow 0.0586 0 111 17 134
cow 0.0469 325 115 406 187
cow 0.0409 321 164 334 186
cow 0.0315 218 69 338 177
cow 0.0226 214 120 225 148
cow 0.0224 39 113 80 138
cow 0.0195 0 110 82 194
cow 0.0133 289 122 335 182
cow 0.0119 330 114 405 151
cow 0.0107 0 157 58 202
cow 0.0079 214 118 257 146
cow 0.0074 154 115 226 148
cow 0.0073 322 154 402 186
cow 0.0071 0 84 83 138
cow 0.0070 321 160 363 186
cow 0.0064 189 119 225 148
cow 0.0060 40 113 84 204
cow 0.0059 224 122 244 138
cow 0.0049 218 111 263 139
cow 0.0046 0 111 45 134
cow 0.0045 39 116 54 135
cow 0.0042 289 120 333 143
cow 0.0042 110 176 142 191
cow 0.0041 322 164 334 173
cow 0.0039 291 156 316 172
cow 0.0037 45 157 59 201
cow 0.0037 317 121 338 151
cow 0.0036 330 124 338 151
cow 0.0036 242 115 263 142
cow 0.0031 43 116 64 203
cow 0.0028 75 147 140 191
cow 0.0025 0 218 19 284
cow 0.0024 0 112 16 208
cow 0.0022 281 185 334 248
cow 0.0022 58 180 142 273
cow 0.0021 266 140 293 168
cow 0.0019 0 196 24 271
cow 0.0018 103 162 142 191
cow 0.0015 293 157 334 174
cow 0.0015 289 184 401 226
cow 0.0015 331 84 406 118
cow 0.0013 0 111 70 280
cow 0.0013 58 120 138 197
cow 0.0013 0 195 11 229
cow 0.0012 236 116 258 138
cow 0.0012 1 78 80 113
cow 0.0011 251 130 291 166
cow 0.0011 468 80 499 277
cow 0.0011 327 118 373 150
cow 0.0011 331 123 352 151
cow 0.0010 349 185 401 222
cow 0.0010 215 122 242 143
cow 0.0010 100 130 140 190
