person 0.9095 462 0 499 88
person 0.8762 426 0 464 81
person 0.0513 491 1 499 47
person 0.0219 491 29 500 46
person 0.0105 481 2 499 46
person 0.0073 493 0 500 15
person 0.0062 484 0 500 16
person 0.0059 334 0 360 37
person 0.0042 460 5 471 45
person 0.0031 467 0 497 27
person 0.0028 321 0 344 25
person 0.0027 163 0 176 17
person 0.0025 461 1 482 47
person 0.0018 422 0 441 29
person 0.0018 460 0 484 19
person 0.0018 494 0 499 9
person 0.0017 429 0 463 27
person 0.0014 493 75 499 88
person 0.0014 45 0 81 15
person 0.0011 489 311 499 325
person 0.0010 66 0 81 15
bicycle 0.0027 434 241 499 331
car 0.0013 406 25 419 35
motorbike 0.9480 9 24 444 290
motorbike 0.1863 434 241 499 330
motorbike 0.0151 484 311 499 332
motorbike 0.0058 465 289 499 332
motorbike 0.0053 466 310 499 332
motorbike 0.0019 435 97 499 329
