person 0.9401 102 130 266 264
person 0.9369 198 120 467 364
person 0.0196 424 310 499 371
person 0.0064 303 154 359 334
person 0.0037 487 111 500 203
bottle 0.9194 15 116 89 371
chair 0.7735 109 174 151 218
chair 0.1927 0 247 19 333
chair 0.1688 373 114 496 300
chair 0.0556 482 111 499 203
chair 0.0494 455 212 500 371
chair 0.0103 101 133 266 271
chair 0.0098 104 174 155 252
chair 0.0093 27 112 307 358
chair 0.0086 0 247 17 262
chair 0.0077 459 179 488 206
chair 0.0044 469 203 499 213
chair 0.0042 416 183 497 382
chair 0.0038 459 111 498 203
chair 0.0032 0 299 19 317
chair 0.0028 0 285 19 325
chair 0.0028 328 278 360 312
chair 0.0024 283 207 341 260
chair 0.0024 0 242 76 357
chair 0.0022 353 209 499 370
chair 0.0014 0 246 44 333
chair 0.0013 327 278 362 341
chair 0.0012 352 300 366 341
chair 0.0012 106 169 195 221
chair 0.0012 0 315 20 334
chair 0.0011 319 224 362 341
sofa 0.6966 373 120 499 306
sofa 0.0249 482 111 499 203
sofa 0.0228 459 179 499 211
sofa 0.0079 454 212 500 370
sofa 0.0046 386 203 500 368
sofa 0.0035 202 121 495 342
sofa 0.0029 463 111 499 203
sofa 0.0024 460 161 499 236
sofa 0.0024 412 170 497 308
sofa 0.0023 373 119 491 217
sofa 0.0018 469 202 499 212
pottedplant 0.0567 307 176 323 214
pottedplant 0.0036 284 176 329 253
diningtable 0.4486 5 245 408 370
diningtable 0.2269 4 117 311 374
diningtable 0.0587 238 331 421 371
diningtable 0.0235 1 335 234 372
diningtable 0.0162 423 310 500 371
diningtable 0.0100 0 334 28 372
diningtable 0.0091 423 210 499 369
diningtable 0.0029 -3 307 307 372
diningtable 0.0024 80 272 281 357
diningtable 0.0020 0 333 85 372
diningtable 0.0020 83 344 232 373
diningtable 0.0017 202 288 423 373
diningtable 0.0011 109 326 252 373
tvmonitor 0.0386 483 109 499 205
