person 0.8620 377 102 406 159
person 0.8259 476 81 499 227
person 0.7873 363 115 380 147
person 0.2246 425 128 438 179
person 0.0683 474 120 490 161
person 0.0527 475 119 489 144
person 0.0223 377 102 406 239
person 0.0149 474 83 499 149
person 0.0114 342 104 352 116
person 0.0111 485 150 499 227
person 0.0081 486 92 499 151
person 0.0048 376 110 432 233
person 0.0047 441 137 451 148
person 0.0046 473 117 487 129
person 0.0044 493 81 500 112
person 0.0030 448 140 458 149
person 0.0027 377 108 386 132
person 0.0027 362 117 368 131
person 0.0025 494 92 500 114
person 0.0024 485 81 500 123
person 0.0021 435 139 444 149
person 0.0018 486 106 500 195
person 0.0017 324 111 357 143
person 0.0017 435 133 452 148
person 0.0015 412 130 437 231
person 0.0015 455 141 463 150
person 0.0012 445 135 458 148
person 0.0011 377 114 383 130
car 0.8265 2 29 419 368
car 0.7920 425 127 490 185
car 0.1510 451 129 480 146
car 0.0466 359 128 490 184
car 0.0417 428 127 481 148
car 0.0366 0 250 500 369
car 0.0218 239 257 500 371
car 0.0076 470 160 489 194
car 0.0058 473 156 499 199
car 0.0045 474 92 500 227
car 0.0025 401 128 445 181
car 0.0013 419 126 493 226
motorbike 0.0011 0 2 115 371
