person 0.0141 199 213 205 221
person 0.0123 204 213 212 221
person 0.0115 193 214 199 221
person 0.0045 249 214 256 223
person 0.0034 217 215 223 220
person 0.0020 196 213 210 221
person 0.0013 210 214 222 221
car 0.0821 99 246 118 252
car 0.0647 146 247 160 252
car 0.0265 127 247 144 252
car 0.0244 83 247 96 252
car 0.0125 52 248 68 252
car 0.0124 92 247 102 252
car 0.0110 73 247 86 252
car 0.0092 67 247 78 251
car 0.0080 77 248 89 252
car 0.0057 287 235 356 253
car 0.0055 81 246 101 252
car 0.0049 109 247 118 251
car 0.0043 96 247 111 252
car 0.0043 69 245 87 251
car 0.0031 214 242 233 251
car 0.0030 53 245 74 252
car 0.0022 291 237 326 252
car 0.0015 42 249 52 253
car 0.0013 127 248 135 252
car 0.0012 456 247 473 254
car 0.0012 158 243 168 249
aeroplane 0.8910 134 198 359 267
aeroplane 0.0292 350 220 499 249
aeroplane 0.0115 295 234 359 251
aeroplane 0.0027 246 207 333 227
aeroplane 0.0021 214 242 233 251
aeroplane 0.0018 134 213 252 262
aeroplane 0.0017 465 219 499 230
aeroplane 0.0016 214 242 253 253
aeroplane 0.0013 52 245 75 252
