person 0.0032 217 61 252 96
bird 0.0409 456 39 473 79
bird 0.0348 132 61 152 78
horse 0.0048 217 61 252 96
chair 0.9008 0 143 63 286
chair 0.8829 348 182 500 357
chair 0.8070 191 157 233 190
chair 0.8016 114 135 175 202
chair 0.7408 46 129 104 216
chair 0.6967 117 123 162 139
chair 0.6639 0 300 68 373
chair 0.2118 48 128 102 170
chair 0.0724 116 136 169 166
chair 0.0093 72 138 195 214
chair 0.0085 172 170 195 191
chair 0.0081 228 159 244 190
chair 0.0065 42 159 125 219
chair 0.0062 76 183 116 212
chair 0.0040 7 133 104 287
chair 0.0036 86 164 178 213
chair 0.0026 46 130 73 216
chair 0.0020 76 186 95 213
chair 0.0019 172 154 199 191
chair 0.0018 101 126 181 243
chair 0.0015 92 245 176 296
chair 0.0012 178 159 237 221
sofa 0.9629 48 188 313 369
sofa 0.5552 349 180 499 357
sofa 0.2608 0 300 68 373
pottedplant 0.6789 0 62 13 83
pottedplant 0.0056 0 62 13 126
pottedplant 0.0055 119 99 161 139
pottedplant 0.0029 135 97 151 134
pottedplant 0.0017 303 65 326 84
diningtable 0.6738 43 150 246 215
diningtable 0.3329 147 247 444 371
diningtable 0.0679 41 160 179 202
diningtable 0.0203 173 153 244 190
diningtable 0.0197 46 162 124 187
diningtable 0.0186 88 146 244 190
diningtable 0.0150 40 147 247 288
diningtable 0.0030 38 134 181 190
diningtable 0.0030 42 162 126 213
diningtable 0.0029 115 134 176 160
diningtable 0.0024 172 154 200 191
diningtable 0.0020 170 169 194 190
diningtable 0.0019 173 150 196 159
diningtable 0.0012 142 159 217 192
