car 0.1558 451 101 499 112
car 0.1197 263 88 332 107
car 0.1044 245 72 292 106
car 0.0900 294 89 353 150
car 0.0837 298 89 340 107
car 0.0756 329 92 354 108
car 0.0559 479 102 499 112
car 0.0329 245 73 293 142
car 0.0324 246 77 330 107
car 0.0147 328 92 354 147
car 0.0103 246 68 345 148
car 0.0087 489 103 499 112
car 0.0073 245 90 258 104
car 0.0048 253 87 332 128
car 0.0047 452 100 499 123
car 0.0044 319 84 417 109
car 0.0036 408 82 418 92
car 0.0033 479 102 499 128
car 0.0029 246 71 276 83
car 0.0024 437 101 499 145
car 0.0020 304 86 418 148
car 0.0019 246 76 260 104
car 0.0016 315 90 334 107
car 0.0013 246 59 357 108
car 0.0011 272 44 315 73
cat 0.0012 0 263 24 287
dog 0.8977 86 159 414 370
dog 0.0041 105 161 410 265
dog 0.0012 124 212 213 258
bottle 0.0018 297 31 312 58
chair 0.1697 292 88 352 150
chair 0.0561 245 105 352 151
chair 0.0263 245 75 292 151
chair 0.0259 245 108 276 153
chair 0.0133 328 92 354 147
chair 0.0105 266 94 290 106
chair 0.0074 83 225 413 370
chair 0.0035 244 105 292 177
chair 0.0033 264 89 298 106
chair 0.0026 317 110 352 148
chair 0.0020 292 107 315 150
chair 0.0015 289 90 331 107
chair 0.0014 263 76 293 107
chair 0.0014 244 68 327 155
chair 0.0014 245 103 351 195
chair 0.0010 245 90 262 106
pottedplant 0.0048 246 4 358 146
pottedplant 0.0033 245 5 295 103
diningtable 0.2196 245 104 352 152
diningtable 0.0271 292 107 353 149
diningtable 0.0183 245 106 285 153
diningtable 0.0077 0 259 69 366
diningtable 0.0035 258 88 327 107
diningtable 0.0035 246 106 283 118
diningtable 0.0026 243 58 355 197
diningtable 0.0019 246 103 275 115
