person 0.9069 232 240 312 342
person 0.2180 153 38 225 133
person 0.0111 233 284 275 335
person 0.0019 166 82 287 182
bird 0.0021 336 30 343 46
cat 0.0035 278 82 362 186
dog 0.0195 276 82 361 186
dog 0.0017 231 285 273 331
horse 0.0322 277 82 361 186
horse 0.0130 165 80 363 184
chair 0.0163 143 84 161 146
chair 0.0036 31 238 194 321
chair 0.0029 317 232 470 316
sofa 0.6996 18 235 485 368
sofa 0.0062 5 311 494 368
sofa 0.0018 322 233 493 368
sofa 0.0014 32 235 346 328
diningtable 0.0143 5 313 195 370
tvmonitor 0.0025 0 85 14 298
tvmonitor 0.0015 116 13 378 200
