person 0.0142 34 148 45 170
person 0.0137 219 153 234 177
person 0.0108 122 155 134 176
person 0.0082 110 155 119 176
person 0.0076 470 165 485 185
person 0.0059 111 154 129 176
person 0.0040 219 165 225 177
person 0.0038 432 13 440 22
person 0.0023 261 168 269 175
person 0.0016 470 166 498 186
person 0.0014 225 163 234 177
person 0.0013 189 165 198 177
person 0.0012 54 44 64 88
person 0.0011 431 1 440 22
car 0.0017 112 63 133 87
train 0.9169 100 114 421 246
train 0.8996 0 117 85 234
train 0.8568 417 109 499 257
boat 0.0021 112 63 133 87
