person 0.0128 141 249 151 258
person 0.0110 124 250 133 257
person 0.0092 135 249 145 257
person 0.0070 130 249 139 257
person 0.0021 122 248 135 258
person 0.0013 148 252 157 262
car 0.9354 384 241 423 269
car 0.9239 86 249 115 280
car 0.9189 105 244 168 290
car 0.8652 185 255 204 269
car 0.1527 211 262 218 269
car 0.1486 225 263 232 269
car 0.0216 211 262 233 269
car 0.0180 204 260 218 269
car 0.0119 234 260 242 267
car 0.0099 168 265 180 271
car 0.0096 52 252 61 260
car 0.0085 225 261 240 269
car 0.0076 204 262 212 269
car 0.0041 0 254 15 264
car 0.0032 44 297 105 331
car 0.0027 227 263 237 269
car 0.0024 163 255 176 271
car 0.0021 166 259 187 271
car 0.0017 161 258 167 271
car 0.0017 0 275 106 330
car 0.0014 161 258 168 283
car 0.0013 176 262 185 270
car 0.0013 6 164 492 285
car 0.0012 23 256 34 265
car 0.0010 250 253 260 259
car 0.0010 36 256 59 264
car 0.0010 253 253 267 261
