person 0.6977 102 159 120 179
person 0.6575 0 188 40 273
person 0.2530 45 195 71 260
person 0.1299 0 189 40 231
person 0.0849 304 202 333 233
person 0.0564 317 201 335 232
person 0.0482 282 201 331 235
person 0.0302 100 158 121 195
person 0.0275 318 212 331 232
person 0.0208 90 164 100 177
person 0.0147 185 160 198 173
person 0.0143 281 204 309 235
person 0.0075 129 204 156 233
person 0.0051 177 160 204 174
person 0.0050 3 199 9 206
person 0.0046 13 189 40 216
person 0.0041 302 165 312 177
person 0.0039 0 194 15 220
person 0.0033 48 195 71 225
person 0.0028 0 195 21 271
person 0.0024 0 199 10 207
person 0.0015 185 191 204 225
person 0.0015 56 195 71 210
person 0.0015 185 192 193 225
person 0.0013 0 299 9 357
person 0.0013 154 203 167 229
person 0.0012 97 155 120 226
person 0.0012 181 159 194 173
person 0.0012 171 161 183 173
person 0.0011 140 204 154 227
person 0.0011 233 172 240 185
person 0.0010 144 158 212 175
car 0.9490 109 183 468 328
car 0.6347 103 155 241 197
car 0.0860 148 170 241 196
car 0.0120 138 156 174 175
car 0.0097 105 153 249 243
car 0.0091 138 158 228 185
car 0.0077 102 158 177 196
car 0.0053 101 140 143 192
car 0.0047 62 158 101 199
car 0.0038 135 182 253 229
car 0.0036 193 147 229 170
car 0.0028 21 177 58 205
car 0.0027 115 171 247 207
car 0.0020 2 183 64 217
car 0.0020 494 202 500 208
car 0.0019 104 172 149 195
car 0.0018 183 187 253 226
car 0.0016 3 143 247 236
car 0.0014 29 185 249 253
car 0.0013 492 200 499 208
car 0.0012 110 148 242 177
car 0.0011 110 228 242 328
car 0.0010 157 183 231 195
aeroplane 0.0016 102 140 142 180
boat 0.0020 110 226 161 254
bird 0.0012 460 35 465 43
bird 0.0010 493 26 499 33
bottle 0.0051 37 264 53 287
bottle 0.0013 12 215 21 225
bottle 0.0011 317 167 322 176
bottle 0.0010 34 243 57 288
chair 0.7004 3 224 39 274
chair 0.5632 0 282 34 373
chair 0.3600 45 195 71 260
chair 0.0731 0 275 25 294
chair 0.0578 110 229 143 253
chair 0.0465 103 141 143 176
chair 0.0303 30 209 48 233
chair 0.0276 0 275 27 311
chair 0.0241 29 196 48 221
chair 0.0198 0 227 18 275
chair 0.0181 0 207 14 225
chair 0.0152 0 241 7 276
chair 0.0135 1 225 27 248
chair 0.0103 29 209 54 269
chair 0.0101 0 246 14 276
chair 0.0086 36 196 58 219
chair 0.0082 35 208 54 235
chair 0.0082 0 214 5 226
chair 0.0073 39 208 50 221
chair 0.0073 41 205 69 237
chair 0.0069 0 231 30 296
chair 0.0066 29 195 54 240
chair 0.0061 30 195 45 209
chair 0.0060 0 275 24 344
chair 0.0059 110 231 123 252
chair 0.0052 33 264 57 287
chair 0.0049 41 196 55 206
chair 0.0048 30 226 59 285
chair 0.0044 31 196 40 206
chair 0.0040 37 230 52 260
chair 0.0040 87 196 119 235
chair 0.0038 110 208 156 254
chair 0.0029 99 210 118 235
chair 0.0027 84 197 101 235
chair 0.0026 45 217 58 237
chair 0.0026 48 195 71 225
chair 0.0025 25 188 56 205
chair 0.0024 2 248 24 276
chair 0.0023 0 190 45 273
chair 0.0020 46 233 61 260
chair 0.0019 131 225 155 235
chair 0.0018 59 211 71 245
chair 0.0018 192 147 226 168
chair 0.0017 0 320 8 350
chair 0.0016 0 217 53 320
chair 0.0016 25 177 33 191
chair 0.0014 32 234 47 268
chair 0.0013 69 196 88 235
chair 0.0013 20 290 36 365
chair 0.0013 108 228 169 253
chair 0.0012 113 229 154 244
chair 0.0012 45 200 60 233
chair 0.0011 66 210 75 235
chair 0.0011 105 194 124 235
chair 0.0011 0 326 31 374
chair 0.0010 0 235 47 372
chair 0.0010 0 197 19 242
chair 0.0010 33 227 51 251
chair 0.0010 62 158 101 198
diningtable 0.0935 0 212 39 274
diningtable 0.0545 0 223 22 275
diningtable 0.0528 0 223 23 236
diningtable 0.0417 0 275 25 294
diningtable 0.0405 0 224 24 246
diningtable 0.0224 0 207 13 225
diningtable 0.0150 0 207 13 215
diningtable 0.0103 0 213 10 226
diningtable 0.0093 0 275 24 284
diningtable 0.0085 0 198 10 207
diningtable 0.0077 0 224 6 245
diningtable 0.0060 0 225 6 274
diningtable 0.0056 0 222 11 236
diningtable 0.0042 0 224 7 232
diningtable 0.0037 0 206 19 235
diningtable 0.0028 0 232 4 246
diningtable 0.0023 0 195 19 219
