person 0.6724 10 90 36 125
person 0.0707 0 93 6 119
person 0.0402 14 90 31 108
person 0.0191 0 93 6 104
person 0.0157 50 64 88 115
person 0.0070 55 83 85 120
person 0.0052 0 92 13 126
person 0.0041 41 54 77 114
person 0.0039 46 70 69 113
person 0.0034 8 88 64 126
person 0.0019 16 91 25 104
person 0.0019 0 93 8 137
person 0.0016 44 90 64 117
person 0.0014 55 77 102 128
person 0.0011 81 52 100 80
train 0.7197 0 0 499 361
train 0.0423 1 1 498 90
train 0.0122 2 293 497 367
train 0.0096 1 240 498 354
train 0.0011 1 4 209 66
train 0.0011 0 7 231 352
