person 0.7971 233 191 270 262
person 0.7390 103 208 141 258
person 0.3353 200 212 225 245
person 0.2995 200 213 230 269
person 0.1911 397 191 402 196
person 0.1881 103 208 120 255
person 0.1686 199 212 221 232
person 0.1132 0 224 10 237
person 0.0484 235 190 260 227
person 0.0343 237 210 254 231
person 0.0272 369 205 379 213
person 0.0238 254 199 260 210
person 0.0212 118 220 141 258
person 0.0174 299 223 308 245
person 0.0173 47 49 476 374
person 0.0165 254 199 261 221
person 0.0140 296 147 499 360
person 0.0137 395 190 403 200
person 0.0127 0 224 12 254
person 0.0107 272 223 281 252
person 0.0104 471 212 483 225
person 0.0103 237 192 249 209
person 0.0077 69 215 78 229
person 0.0074 456 207 474 225
person 0.0070 198 215 210 232
person 0.0064 231 219 254 262
person 0.0054 247 191 260 210
person 0.0053 446 207 462 225
person 0.0053 333 215 340 226
person 0.0051 465 209 481 224
person 0.0047 170 208 177 217
person 0.0047 0 224 18 271
person 0.0042 103 209 119 229
person 0.0041 491 285 499 358
person 0.0035 238 198 246 209
person 0.0029 445 41 500 345
person 0.0027 435 283 499 358
person 0.0024 299 224 306 235
person 0.0023 123 217 130 224
person 0.0022 235 198 246 220
person 0.0022 389 191 405 200
person 0.0022 428 190 500 360
person 0.0022 57 171 442 312
person 0.0022 253 191 259 210
person 0.0021 10 231 497 375
person 0.0017 484 218 500 237
person 0.0016 366 205 379 217
person 0.0016 388 6 499 356
person 0.0016 477 215 488 225
person 0.0016 123 202 141 224
person 0.0015 200 218 210 248
person 0.0014 258 278 499 371
person 0.0014 401 210 428 233
person 0.0014 0 209 11 235
person 0.0014 206 212 221 227
person 0.0013 92 245 105 255
person 0.0012 382 195 399 207
person 0.0012 475 213 494 226
person 0.0012 351 194 358 224
person 0.0012 450 209 469 226
person 0.0012 493 220 500 235
person 0.0012 467 187 475 195
person 0.0010 123 208 133 223
person 0.0010 424 212 445 233
person 0.0010 237 190 258 210
person 0.0010 24 217 41 253
person 0.0010 63 214 78 238
bicycle 0.0121 0 231 36 280
bicycle 0.0050 68 250 106 264
bicycle 0.0029 0 220 60 286
bicycle 0.0022 67 250 88 262
bicycle 0.0015 0 249 17 279
car 0.9534 315 199 500 295
car 0.8036 124 206 178 240
car 0.4936 462 188 499 213
car 0.1907 34 224 58 243
car 0.1109 480 203 500 215
car 0.0631 464 200 499 215
car 0.0557 379 194 416 209
car 0.0215 123 202 145 223
car 0.0203 387 196 415 204
car 0.0189 124 198 185 221
car 0.0146 3 209 58 250
car 0.0130 299 219 309 244
car 0.0082 126 204 178 217
car 0.0080 25 208 59 244
car 0.0074 169 202 197 241
car 0.0037 368 194 415 216
car 0.0028 281 219 308 246
car 0.0027 129 201 187 213
car 0.0027 430 225 499 360
car 0.0022 367 194 500 215
car 0.0015 462 183 499 200
car 0.0013 469 203 500 225
car 0.0012 0 230 29 253
car 0.0012 167 207 178 216
car 0.0012 488 204 500 218
car 0.0010 123 216 134 225
car 0.0010 314 194 419 235
car 0.0010 122 215 142 240
bus 0.1320 53 158 99 254
bus 0.0704 301 146 415 235
bus 0.0030 54 158 191 255
bus 0.0010 308 173 380 235
bird 0.0087 420 149 427 156
horse 0.3500 202 231 231 270
horse 0.3078 229 219 260 262
horse 0.0083 214 218 275 266
horse 0.0012 201 214 257 259
chair 0.2928 202 230 230 270
chair 0.0526 202 246 214 270
chair 0.0356 105 227 120 256
chair 0.0091 225 240 238 266
chair 0.0062 106 223 136 257
chair 0.0057 221 247 233 269
chair 0.0044 228 227 253 262
chair 0.0037 207 231 229 251
chair 0.0031 116 236 130 257
chair 0.0027 428 215 499 360
chair 0.0021 255 274 500 372
chair 0.0018 200 224 213 269
chair 0.0016 205 289 276 340
chair 0.0013 491 285 499 358
chair 0.0013 221 229 236 267
chair 0.0013 204 246 225 269
chair 0.0012 214 250 230 269
chair 0.0010 225 236 246 263
pottedplant 0.0223 0 211 82 324
pottedplant 0.0110 0 224 41 281
pottedplant 0.0090 0 230 21 277
pottedplant 0.0053 3 208 58 247
pottedplant 0.0021 0 207 11 235
pottedplant 0.0019 0 224 13 269
pottedplant 0.0017 0 232 35 328
pottedplant 0.0016 0 232 31 262
tvmonitor 0.0015 -3 -8 450 368
