person 0.0012 443 117 500 368
person 0.0010 165 312 319 372
cat 0.0010 0 232 32 273
dog 0.9520 34 141 224 331
dog 0.9056 199 159 499 326
dog 0.6755 269 257 478 372
dog 0.5889 241 93 499 205
dog 0.0058 186 9 501 367
dog 0.0049 250 54 500 275
dog 0.0022 0 232 32 278
dog 0.0020 468 109 499 154
dog 0.0019 0 234 31 341
chair 0.0034 0 14 224 375
chair 0.0010 0 81 8 108
sofa 0.8008 7 3 500 374
sofa 0.0803 -18 55 254 383
sofa 0.0097 7 1 498 89
sofa 0.0069 0 345 53 372
sofa 0.0044 447 272 500 372
sofa 0.0030 0 234 31 347
sofa 0.0016 21 131 226 340
sofa 0.0010 39 311 470 372
sofa 0.0010 253 3 498 375
pottedplant 0.0071 0 80 9 107
