person 0.9373 352 63 499 370
person 0.9338 18 114 238 358
person 0.7881 254 1 459 365
person 0.0115 488 218 499 327
person 0.0086 67 131 113 166
person 0.0059 77 133 98 146
person 0.0030 76 132 99 163
person 0.0017 482 50 499 339
person 0.0012 78 121 97 144
person 0.0011 479 62 500 77
person 0.0011 435 70 500 165
person 0.0010 459 63 499 118
bottle 0.8345 450 22 488 111
bottle 0.7656 252 123 267 175
bottle 0.7353 83 96 90 118
bottle 0.6939 96 98 103 118
bottle 0.6937 232 121 246 173
bottle 0.6856 72 97 79 119
bottle 0.6698 89 98 96 119
bottle 0.6378 104 98 112 118
bottle 0.6111 112 98 119 118
bottle 0.5799 244 122 258 174
bottle 0.5032 210 119 223 172
bottle 0.5007 119 97 127 119
bottle 0.4736 222 122 236 172
bottle 0.3537 205 117 213 136
bottle 0.1940 213 118 220 145
bottle 0.1505 128 102 134 119
bottle 0.1243 203 119 217 171
bottle 0.1119 132 103 139 119
bottle 0.0569 238 121 244 143
bottle 0.0486 223 122 233 144
bottle 0.0372 136 103 142 120
bottle 0.0362 247 123 258 144
bottle 0.0311 124 99 132 119
bottle 0.0253 199 120 205 133
bottle 0.0204 240 118 259 143
bottle 0.0190 468 21 488 75
bottle 0.0180 284 131 294 169
bottle 0.0161 228 121 233 139
bottle 0.0155 241 121 249 144
bottle 0.0134 205 116 214 146
bottle 0.0120 32 116 38 127
bottle 0.0113 138 104 145 120
bottle 0.0092 450 80 466 111
bottle 0.0089 146 123 161 143
bottle 0.0063 196 150 210 171
bottle 0.0062 260 121 266 145
bottle 0.0049 31 116 39 140
bottle 0.0047 138 106 146 138
bottle 0.0046 197 136 215 171
bottle 0.0044 254 122 265 147
bottle 0.0037 265 131 292 176
bottle 0.0035 40 125 53 147
bottle 0.0034 64 98 72 121
bottle 0.0033 209 148 221 172
bottle 0.0030 193 118 289 180
bottle 0.0030 35 122 45 147
bottle 0.0029 196 119 204 132
bottle 0.0028 211 142 225 172
bottle 0.0028 118 100 124 120
bottle 0.0026 241 118 250 169
bottle 0.0025 222 139 232 172
bottle 0.0025 286 131 294 143
bottle 0.0022 449 67 480 111
bottle 0.0022 245 148 253 170
bottle 0.0017 54 118 71 143
bottle 0.0017 71 100 82 139
bottle 0.0017 123 104 128 118
bottle 0.0015 207 151 216 170
bottle 0.0014 193 119 199 129
bottle 0.0013 417 108 425 125
bottle 0.0013 266 148 286 178
bottle 0.0011 471 21 487 49
bottle 0.0011 43 132 52 147
bottle 0.0010 267 138 274 146
bottle 0.0010 205 133 217 156
chair 0.9214 288 234 382 373
chair 0.8874 2 159 60 266
chair 0.0080 2 158 60 212
chair 0.0047 66 133 100 167
chair 0.0038 287 237 498 370
chair 0.0012 455 0 499 69
diningtable 0.7711 0 337 124 372
diningtable 0.0029 0 151 60 209
diningtable 0.0015 1 158 60 181
