person 0.0014 442 196 451 205
car 0.0722 430 203 461 213
car 0.0065 432 212 463 226
car 0.0043 415 193 448 206
car 0.0034 432 206 464 232
boat 0.0041 430 200 463 219
boat 0.0041 431 207 463 231
chair 0.8295 178 201 470 371
chair 0.0016 196 136 370 188
chair 0.0012 102 135 401 240
chair 0.0011 200 257 331 333
sofa 0.0012 201 202 481 371
pottedplant 0.0757 343 124 435 175
pottedplant 0.0463 423 158 439 175
pottedplant 0.0040 383 18 451 75
pottedplant 0.0033 440 164 460 185
pottedplant 0.0025 381 18 457 127
pottedplant 0.0015 338 18 473 177
diningtable 0.2420 0 313 163 373
diningtable 0.1179 108 184 396 238
diningtable 0.0045 100 183 401 330
