person 0.9480 302 0 404 125
person 0.9045 0 0 32 180
person 0.8978 24 0 108 142
person 0.7705 173 0 217 64
person 0.7227 19 64 45 132
person 0.2954 30 70 48 126
person 0.1286 144 3 184 34
person 0.0933 30 70 42 96
person 0.0308 29 71 38 81
person 0.0130 21 65 35 94
person 0.0071 19 69 34 112
person 0.0053 144 0 159 21
person 0.0052 18 108 29 133
person 0.0052 21 64 28 74
person 0.0047 143 0 217 106
person 0.0037 21 65 32 81
person 0.0029 73 0 108 42
person 0.0024 18 77 30 134
person 0.0018 338 73 346 99
person 0.0018 21 0 193 145
person 0.0016 0 0 31 34
person 0.0016 21 106 45 132
person 0.0012 330 56 344 84
person 0.0012 145 0 159 11
person 0.0011 33 -3 111 359
car 0.0498 308 52 343 74
car 0.0147 284 55 343 88
car 0.0056 280 54 308 73
car 0.0032 328 55 343 84
car 0.0015 329 56 342 71
dog 0.1441 397 79 430 124
sheep 0.9645 46 22 500 371
sheep 0.8845 292 58 343 133
sheep 0.8294 442 0 499 133
sheep 0.1725 397 79 429 124
sheep 0.0425 331 119 498 156
sheep 0.0180 464 144 499 169
sheep 0.0143 281 54 343 76
sheep 0.0123 416 124 500 166
sheep 0.0066 459 128 499 150
sheep 0.0062 338 77 346 125
sheep 0.0046 411 121 476 149
sheep 0.0045 462 93 499 137
sheep 0.0029 308 117 464 143
sheep 0.0026 461 113 499 143
sheep 0.0025 433 140 499 170
sheep 0.0020 466 140 499 153
sheep 0.0016 495 115 499 139
sheep 0.0016 135 -71 566 284
sheep 0.0015 278 53 441 139
sheep 0.0015 339 78 346 100
sheep 0.0014 496 124 500 140
sheep 0.0013 231 109 498 178
sheep 0.0013 478 148 500 171
sheep 0.0012 229 135 502 365
sheep 0.0010 486 113 499 141
sheep 0.0010 330 118 409 139
sheep 0.0010 329 124 498 196
cow 0.0425 441 0 499 133
bottle 0.0020 306 51 315 61
