person 0.1918 202 71 215 88
person 0.0113 124 113 169 164
person 0.0050 127 140 165 164
person 0.0019 238 123 279 153
person 0.0011 158 107 202 158
car 0.9512 54 88 429 349
car 0.0020 346 146 370 164
car 0.0014 351 153 501 197
car 0.0013 336 138 371 169
bird 0.0010 54 195 62 220
pottedplant 0.0390 3 104 69 202
pottedplant 0.0292 378 85 400 156
pottedplant 0.0047 382 116 399 158
pottedplant 0.0028 486 107 499 147
pottedplant 0.0014 455 123 498 154
pottedplant 0.0013 488 105 499 216
pottedplant 0.0013 368 120 398 157
pottedplant 0.0010 32 155 67 200
