person 0.7991 263 100 491 369
person 0.7523 86 126 325 371
person 0.3274 3 22 350 371
person 0.0874 0 113 24 203
person 0.0065 54 25 232 383
person 0.0065 264 116 370 158
person 0.0065 262 104 484 160
person 0.0044 88 312 255 372
person 0.0034 0 162 17 207
person 0.0031 393 112 493 370
person 0.0015 0 140 22 238
person 0.0014 0 138 10 166
person 0.0013 0 139 11 191
person 0.0012 261 108 371 201
person 0.0012 0 113 86 376
person 0.0012 20 25 457 243
person 0.0011 0 165 6 200
person 0.0010 1 20 127 372
bottle 0.0020 432 71 441 102
bottle 0.0015 492 220 499 300
bottle 0.0012 162 344 253 375
chair 0.0565 288 161 331 190
chair 0.0190 394 247 490 371
chair 0.0100 0 169 5 205
chair 0.0073 0 168 11 206
chair 0.0068 283 159 332 231
chair 0.0057 282 143 351 173
chair 0.0037 0 114 24 184
chair 0.0037 263 122 367 207
chair 0.0036 487 185 499 300
chair 0.0035 263 114 371 167
chair 0.0031 117 109 496 370
chair 0.0025 0 206 84 371
chair 0.0020 476 163 499 321
chair 0.0018 263 107 493 230
chair 0.0018 290 144 358 191
chair 0.0017 279 245 490 371
chair 0.0017 1 172 18 207
chair 0.0017 470 66 499 319
chair 0.0016 489 243 500 328
chair 0.0015 266 137 329 248
chair 0.0013 434 65 481 109
chair 0.0013 0 283 12 372
chair 0.0011 492 234 499 299
chair 0.0010 326 142 360 199
sofa 0.0156 394 246 490 371
sofa 0.0141 69 112 492 370
sofa 0.0100 0 168 5 205
sofa 0.0038 107 236 491 370
sofa 0.0028 0 203 84 371
sofa 0.0013 -5 170 330 370
pottedplant 0.2305 158 0 300 131
pottedplant 0.0066 23 109 56 163
pottedplant 0.0034 19 69 61 166
pottedplant 0.0020 159 0 270 65
diningtable 0.0018 0 107 24 192
