person 0.1542 119 328 175 374
person 0.0631 119 323 234 373
person 0.0308 186 328 235 374
person 0.0012 213 345 234 374
bird 0.8326 121 204 179 291
bird 0.4948 177 190 241 246
bird 0.1715 29 189 86 207
bird 0.1051 179 189 271 267
bird 0.0965 207 215 270 269
bird 0.0366 220 187 307 266
bird 0.0338 334 260 384 302
bird 0.0334 177 192 239 370
bird 0.0333 334 282 379 302
bird 0.0289 236 185 271 236
bird 0.0286 330 263 353 275
bird 0.0225 235 152 308 237
bird 0.0103 87 148 157 204
bird 0.0103 149 159 223 204
bird 0.0089 125 295 148 311
bird 0.0061 288 271 331 286
bird 0.0060 358 287 382 304
bird 0.0055 367 261 383 295
bird 0.0044 100 286 149 311
bird 0.0036 127 193 243 294
bird 0.0033 235 149 273 231
bird 0.0029 116 163 160 200
bird 0.0027 208 274 382 336
bird 0.0025 218 216 261 252
bird 0.0021 186 345 234 374
bird 0.0020 92 156 223 207
bird 0.0018 359 294 373 304
bird 0.0017 207 280 263 338
bird 0.0017 459 201 499 248
bird 0.0016 0 96 38 162
bird 0.0014 219 218 318 284
bird 0.0014 210 345 234 374
bird 0.0013 167 122 214 169
bird 0.0013 261 269 332 288
bird 0.0013 459 202 487 226
bird 0.0012 221 249 267 282
bird 0.0011 222 259 333 287
bird 0.0011 260 214 308 242
bird 0.0010 89 118 186 201
bird 0.0010 227 239 267 266
