bicycle 0.0090 455 253 499 317
bicycle 0.0027 480 254 500 304
bicycle 0.0010 362 272 442 317
motorbike 0.0678 351 199 442 316
motorbike 0.0013 207 196 454 317
motorbike 0.0012 357 261 500 318
bird 0.0519 100 184 150 292
bird 0.0013 100 182 192 310
bottle 0.0010 149 119 156 141
chair 0.0310 352 200 443 317
chair 0.0208 484 285 499 304
chair 0.0146 455 253 499 316
chair 0.0078 482 255 500 304
chair 0.0028 483 284 499 318
chair 0.0014 468 254 500 290
chair 0.0013 444 176 496 254
chair 0.0011 456 283 499 318
chair 0.0011 489 255 499 288
pottedplant 0.7536 391 199 496 314
pottedplant 0.2103 0 0 90 142
pottedplant 0.0939 352 198 445 316
pottedplant 0.0790 0 -1 88 281
pottedplant 0.0366 99 183 150 292
pottedplant 0.0150 0 185 10 279
pottedplant 0.0131 0 297 24 318
pottedplant 0.0117 27 264 144 317
pottedplant 0.0115 128 62 153 89
pottedplant 0.0083 0 182 7 243
pottedplant 0.0081 0 265 24 318
pottedplant 0.0078 100 183 200 296
pottedplant 0.0071 0 264 5 280
pottedplant 0.0053 443 178 498 283
pottedplant 0.0047 165 263 199 286
pottedplant 0.0046 0 186 32 316
pottedplant 0.0044 2 182 164 314
pottedplant 0.0037 0 48 39 145
pottedplant 0.0033 453 253 499 314
pottedplant 0.0033 481 253 500 288
pottedplant 0.0033 0 85 34 292
pottedplant 0.0030 146 233 179 296
pottedplant 0.0025 464 250 499 289
pottedplant 0.0024 11 239 201 316
pottedplant 0.0022 421 113 440 138
pottedplant 0.0021 0 182 19 278
pottedplant 0.0017 0 232 6 286
pottedplant 0.0017 131 254 204 317
pottedplant 0.0015 0 263 6 298
pottedplant 0.0014 81 282 113 317
pottedplant 0.0011 0 187 5 226
pottedplant 0.0011 0 160 5 231
pottedplant 0.0010 0 264 50 316
diningtable 0.0139 484 285 499 304
