person 0.9043 57 151 80 191
person 0.4382 12 138 29 186
person 0.2325 323 153 328 164
person 0.0605 258 156 267 174
person 0.0453 331 153 336 164
person 0.0152 57 154 66 178
person 0.0045 472 160 479 177
person 0.0042 338 150 344 161
person 0.0033 157 149 162 154
person 0.0027 342 150 347 158
person 0.0018 202 148 208 159
person 0.0018 335 153 345 163
bicycle 0.8900 287 214 399 336
bicycle 0.0183 226 286 287 332
bicycle 0.0078 288 216 498 342
bicycle 0.0018 337 226 387 267
bicycle 0.0016 325 218 372 272
car 0.0015 353 163 367 175
car 0.0010 332 153 346 163
bus 0.0026 311 126 369 150
train 0.0032 311 126 369 150
cat 0.0011 308 320 349 339
dog 0.0259 174 288 258 329
pottedplant 0.0032 257 326 309 374
pottedplant 0.0018 267 330 361 374
pottedplant 0.0014 222 323 266 373
pottedplant 0.0011 320 345 359 374
