person 0.0017 490 320 499 368
bird 0.0027 249 120 271 166
bottle 0.3756 397 263 422 329
bottle 0.0270 490 322 499 374
bottle 0.0201 379 267 426 337
chair 0.0254 491 198 499 288
chair 0.0235 7 263 173 372
chair 0.0053 353 127 474 281
chair 0.0029 487 201 500 363
chair 0.0026 480 320 499 374
sofa 0.9650 8 174 346 370
sofa 0.0109 8 265 172 371
pottedplant 0.4700 359 12 419 91
pottedplant 0.4142 358 12 441 131
pottedplant 0.0145 386 57 441 132
pottedplant 0.0103 392 99 441 132
pottedplant 0.0040 386 59 421 109
pottedplant 0.0021 374 59 417 87
pottedplant 0.0014 371 47 392 86
pottedplant 0.0013 360 13 411 54
diningtable 0.3146 271 265 498 371
