person 0.9609 96 33 294 309
bottle 0.0195 99 240 149 272
bottle 0.0039 0 213 23 249
chair 0.0278 122 284 133 305
chair 0.0062 69 279 108 304
chair 0.0045 251 288 329 354
chair 0.0037 123 284 148 308
chair 0.0016 328 337 356 370
chair 0.0013 104 282 134 306
diningtable 0.3653 -1 288 378 500
diningtable 0.0092 336 459 374 500
diningtable 0.0086 0 291 376 395
diningtable 0.0052 322 425 374 500
diningtable 0.0040 0 417 58 499
diningtable 0.0027 272 375 375 435
diningtable 0.0026 1 375 188 433
diningtable 0.0025 2 394 369 499
diningtable 0.0023 1 381 187 498
diningtable 0.0022 6 280 376 345
diningtable 0.0018 337 490 372 499
diningtable 0.0014 302 456 374 500
diningtable 0.0013 328 396 375 435
diningtable 0.0011 0 380 102 432
