person 0.8908 198 54 333 415
person 0.8439 20 46 221 376
person 0.1002 0 1 30 80
person 0.0142 1 0 41 16
person 0.0094 257 113 333 423
person 0.0072 1 0 42 46
person 0.0042 211 77 287 393
person 0.0029 7 0 92 80
person 0.0027 70 51 335 392
person 0.0024 25 43 50 80
person 0.0023 317 205 333 238
person 0.0019 0 34 38 81
person 0.0018 107 0 150 63
person 0.0016 0 33 13 79
person 0.0010 265 141 308 340
bicycle 0.8710 43 214 194 499
bicycle 0.8616 198 196 301 462
bicycle 0.0018 39 213 200 353
bicycle 0.0014 40 113 215 430
bicycle 0.0012 127 363 190 499
bicycle 0.0011 38 158 316 486
car 0.0029 289 75 332 107
car 0.0010 162 58 330 111
bus 0.0017 290 73 332 107
bottle 0.0078 277 224 302 264
bottle 0.0016 164 274 194 303
chair 0.0124 13 0 82 80
chair 0.0028 9 0 150 80
