person 0.6899 81 138 259 370
person 0.1775 114 108 354 370
person 0.1297 223 109 333 256
person 0.0553 224 110 396 367
person 0.0019 69 325 154 374
dog 0.8941 325 279 499 372
dog 0.3065 233 222 394 370
dog 0.0041 489 236 499 256
dog 0.0028 84 217 412 371
bottle 0.0035 0 24 43 70
bottle 0.0017 415 157 436 237
bottle 0.0011 0 24 17 53
chair 0.6398 210 47 408 225
chair 0.0296 211 46 357 146
chair 0.0065 320 120 408 264
chair 0.0040 85 38 415 307
chair 0.0020 0 238 28 294
sofa 0.7247 210 47 409 226
sofa 0.0053 209 47 368 144
sofa 0.0049 321 121 407 264
sofa 0.0041 58 48 411 367
sofa 0.0028 0 237 27 293
sofa 0.0011 0 221 45 291
pottedplant 0.0454 0 70 94 234
pottedplant 0.0025 1 171 87 235
pottedplant 0.0017 0 137 67 230
pottedplant 0.0017 0 22 45 71
pottedplant 0.0011 0 105 89 328
diningtable 0.0113 0 293 32 372
diningtable 0.0019 0 286 91 372
diningtable 0.0015 3 225 152 371
