sheep 0.9079 302 136 499 316
sheep 0.9074 0 184 318 324
sheep 0.8430 27 14 239 131
sheep 0.8262 209 80 396 191
sheep 0.7899 0 106 118 249
sheep 0.7883 2 74 180 190
sheep 0.6364 332 26 468 105
sheep 0.5545 363 70 499 151
sheep 0.5381 128 142 318 249
sheep 0.3703 172 127 275 168
sheep 0.3585 407 265 499 312
sheep 0.2075 0 246 77 297
sheep 0.1770 333 26 494 161
sheep 0.1042 18 218 102 255
sheep 0.0959 300 308 496 326
sheep 0.0569 304 264 498 322
sheep 0.0149 121 140 277 203
sheep 0.0114 343 135 494 177
sheep 0.0112 8 130 306 257
sheep 0.0071 0 88 181 280
sheep 0.0066 0 246 119 319
sheep 0.0050 31 122 285 178
sheep 0.0048 0 217 109 295
sheep 0.0047 25 15 390 181
sheep 0.0047 220 26 477 184
sheep 0.0044 27 15 159 101
sheep 0.0037 482 138 500 155
sheep 0.0036 112 144 348 321
sheep 0.0025 428 265 500 288
sheep 0.0024 7 147 496 322
sheep 0.0023 148 107 284 196
sheep 0.0022 300 188 339 225
sheep 0.0020 0 100 4 110
sheep 0.0019 9 66 292 225
sheep 0.0018 214 154 319 252
sheep 0.0017 14 180 118 254
sheep 0.0017 343 137 417 176
sheep 0.0014 335 71 500 205
sheep 0.0010 483 112 500 155
sheep 0.0010 5 248 75 262
