person 0.0197 151 114 163 139
person 0.0067 117 127 137 175
person 0.0030 14 97 44 118
person 0.0012 82 125 102 172
car 0.0043 356 187 374 208
cow 0.9571 159 127 308 397
chair 0.0110 116 129 137 176
chair 0.0010 175 117 196 137
pottedplant 0.4199 0 197 47 234
pottedplant 0.3512 131 194 149 223
pottedplant 0.3401 121 200 133 224
pottedplant 0.2256 110 203 124 225
pottedplant 0.0966 112 193 135 224
pottedplant 0.0409 132 209 142 223
pottedplant 0.0358 342 241 374 368
pottedplant 0.0295 107 188 125 225
pottedplant 0.0218 142 210 150 222
pottedplant 0.0205 57 140 72 161
pottedplant 0.0175 28 197 43 215
pottedplant 0.0172 24 197 46 233
pottedplant 0.0170 106 174 149 225
pottedplant 0.0159 141 195 150 222
pottedplant 0.0122 111 213 123 225
pottedplant 0.0103 123 212 133 224
pottedplant 0.0079 0 154 35 185
pottedplant 0.0056 0 198 44 216
pottedplant 0.0055 57 107 80 123
pottedplant 0.0049 0 157 13 186
pottedplant 0.0047 113 170 141 188
pottedplant 0.0046 0 149 61 233
pottedplant 0.0041 0 204 11 217
pottedplant 0.0039 96 96 145 126
pottedplant 0.0032 0 157 14 219
pottedplant 0.0028 100 124 119 174
pottedplant 0.0023 14 199 26 214
pottedplant 0.0020 0 203 15 224
pottedplant 0.0019 57 138 81 171
pottedplant 0.0017 100 103 120 124
pottedplant 0.0016 81 127 101 172
pottedplant 0.0015 0 148 68 184
pottedplant 0.0015 133 169 152 223
pottedplant 0.0012 56 171 154 230
pottedplant 0.0011 107 167 150 190
pottedplant 0.0010 87 115 108 127
pottedplant 0.0010 134 124 151 174
pottedplant 0.0010 0 218 25 237
