person 0.9180 200 54 314 229
person 0.8933 28 96 45 141
person 0.8726 459 107 481 159
person 0.6573 63 98 76 138
person 0.5829 73 96 86 134
person 0.4971 312 117 322 139
person 0.1947 490 103 499 118
person 0.1717 449 110 458 129
person 0.1033 430 111 444 127
person 0.0890 421 111 426 118
person 0.0727 458 109 464 119
person 0.0718 450 110 458 120
person 0.0695 436 111 441 118
person 0.0677 420 111 427 125
person 0.0538 344 119 353 135
person 0.0379 482 111 489 122
person 0.0352 63 98 75 120
person 0.0321 453 110 461 138
person 0.0299 457 109 463 129
person 0.0294 334 119 350 139
person 0.0286 233 118 242 139
person 0.0271 312 117 321 127
person 0.0213 325 114 338 140
person 0.0162 432 111 439 119
person 0.0146 405 112 413 119
person 0.0138 322 115 333 135
person 0.0131 484 111 496 121
person 0.0123 480 116 499 140
person 0.0108 405 114 416 123
person 0.0105 390 113 400 123
person 0.0101 407 114 418 128
person 0.0099 414 112 419 118
person 0.0098 75 95 85 107
person 0.0097 437 112 447 127
person 0.0083 394 115 407 125
person 0.0079 317 117 325 126
person 0.0070 479 112 491 140
person 0.0068 121 111 134 125
person 0.0066 295 124 314 140
person 0.0065 66 98 74 107
person 0.0051 45 116 61 137
person 0.0050 125 110 133 121
person 0.0045 70 110 89 138
person 0.0044 494 129 500 140
person 0.0040 296 104 331 131
person 0.0037 388 117 406 127
person 0.0036 417 114 428 129
person 0.0030 457 107 469 119
person 0.0028 399 112 406 119
person 0.0025 222 95 237 112
person 0.0020 475 113 483 122
person 0.0020 443 111 453 118
person 0.0019 344 95 351 101
person 0.0018 79 95 85 105
person 0.0018 217 95 239 128
person 0.0017 142 89 151 97
person 0.0016 479 120 490 134
person 0.0012 325 103 340 133
person 0.0012 305 117 320 139
bicycle 0.0481 380 122 407 141
bicycle 0.0240 323 119 349 140
bicycle 0.0183 308 123 330 140
bicycle 0.0155 320 122 334 140
bicycle 0.0095 434 127 459 138
bicycle 0.0075 405 118 422 138
bicycle 0.0030 409 117 432 140
bicycle 0.0029 432 118 449 138
bicycle 0.0029 327 127 340 140
bicycle 0.0029 343 119 356 140
bicycle 0.0022 331 128 337 140
bicycle 0.0016 413 118 424 140
bicycle 0.0015 346 126 358 141
bicycle 0.0012 434 129 448 139
bicycle 0.0012 380 127 390 141
bicycle 0.0010 336 124 353 140
car 0.6087 325 102 390 127
car 0.4974 291 99 338 118
car 0.0539 289 100 303 109
car 0.0315 382 101 403 118
car 0.0220 407 118 419 129
car 0.0087 292 106 336 130
car 0.0062 389 114 407 126
car 0.0042 404 112 417 120
car 0.0038 488 124 499 140
car 0.0031 290 102 303 117
car 0.0022 369 101 405 114
car 0.0019 0 44 100 135
car 0.0019 345 103 372 126
car 0.0017 292 103 318 118
car 0.0016 372 103 391 120
car 0.0014 289 98 314 109
car 0.0011 312 116 329 127
car 0.0011 437 111 454 119
car 0.0010 386 113 400 124
motorbike 0.8857 199 139 319 269
motorbike 0.6902 83 111 128 141
motorbike 0.6801 131 111 155 140
motorbike 0.6712 380 122 408 142
motorbike 0.6303 163 111 184 141
motorbike 0.6295 183 113 215 138
motorbike 0.5774 115 110 140 140
motorbike 0.5576 151 111 168 140
motorbike 0.3894 299 123 332 140
motorbike 0.3749 58 115 99 140
motorbike 0.2908 323 118 353 140
motorbike 0.2447 429 116 448 128
motorbike 0.1927 196 113 220 137
motorbike 0.1536 479 120 499 141
motorbike 0.0837 182 114 200 138
motorbike 0.0792 232 119 242 139
motorbike 0.0549 400 117 418 131
motorbike 0.0413 392 117 413 129
motorbike 0.0385 430 117 459 138
motorbike 0.0336 127 111 141 131
motorbike 0.0302 208 113 222 135
motorbike 0.0283 337 120 355 141
motorbike 0.0240 58 118 81 138
motorbike 0.0208 488 110 500 121
motorbike 0.0185 118 110 137 129
motorbike 0.0160 434 127 459 139
motorbike 0.0154 31 111 97 138
motorbike 0.0151 404 118 427 139
motorbike 0.0144 397 118 409 127
motorbike 0.0103 80 115 103 140
motorbike 0.0097 62 99 77 140
motorbike 0.0095 385 116 408 134
motorbike 0.0091 404 114 418 127
motorbike 0.0091 488 122 500 140
motorbike 0.0085 294 124 315 140
motorbike 0.0078 44 116 65 137
motorbike 0.0074 211 112 221 126
motorbike 0.0072 113 120 129 140
motorbike 0.0070 419 117 440 129
motorbike 0.0068 178 114 193 138
motorbike 0.0051 478 113 491 140
motorbike 0.0045 217 115 242 141
motorbike 0.0045 199 109 236 139
motorbike 0.0042 178 120 187 137
motorbike 0.0037 210 121 220 136
motorbike 0.0037 492 127 500 140
motorbike 0.0024 213 109 226 128
motorbike 0.0024 142 112 160 140
motorbike 0.0019 216 103 239 130
motorbike 0.0019 199 158 226 176
motorbike 0.0019 295 129 307 140
motorbike 0.0019 333 125 350 140
motorbike 0.0018 74 116 85 131
motorbike 0.0018 202 112 220 125
motorbike 0.0017 214 123 223 137
motorbike 0.0015 83 110 108 127
motorbike 0.0014 413 115 428 129
motorbike 0.0013 211 121 228 138
motorbike 0.0012 402 126 417 139
motorbike 0.0012 479 126 488 140
motorbike 0.0011 459 110 499 141
motorbike 0.0010 73 116 94 134
