person 0.9749 165 18 498 328
person 0.9321 4 88 148 251
person 0.4573 0 230 93 329
person 0.1425 0 136 95 329
person 0.0654 0 138 29 242
person 0.0540 0 137 6 176
person 0.0375 0 138 20 205
person 0.0134 0 114 35 175
person 0.0120 0 116 9 179
person 0.0110 1 217 268 331
person 0.0062 0 176 20 205
person 0.0047 0 137 10 197
person 0.0030 0 115 68 201
person 0.0028 0 115 18 179
person 0.0022 155 88 335 255
person 0.0017 0 141 47 328
person 0.0017 0 113 3 120
person 0.0011 0 111 7 154
person 0.0010 0 150 5 181
person 0.0010 0 136 64 251
bottle 0.0110 193 114 211 158
chair 0.2449 409 127 499 234
chair 0.0122 210 121 499 300
chair 0.0112 485 204 499 234
chair 0.0064 251 190 270 214
chair 0.0041 141 204 278 329
chair 0.0015 0 115 70 176
chair 0.0013 256 211 292 258
chair 0.0013 251 180 279 226
chair 0.0013 435 165 499 232
chair 0.0012 106 123 307 334
chair 0.0010 24 115 176 271
chair 0.0010 481 185 499 233
sofa 0.8724 1 114 175 267
sofa 0.3317 410 127 499 233
sofa 0.1005 0 115 67 176
sofa 0.0543 166 114 497 328
sofa 0.0174 4 238 147 329
sofa 0.0165 85 248 142 330
sofa 0.0153 262 129 499 274
sofa 0.0108 0 214 291 331
sofa 0.0087 0 114 35 175
sofa 0.0077 -12 102 346 340
sofa 0.0057 0 156 166 331
sofa 0.0040 25 193 500 329
sofa 0.0018 92 115 177 260
sofa 0.0012 412 128 500 335
sofa 0.0010 481 202 499 235
pottedplant 0.4556 192 34 257 161
pottedplant 0.0064 491 101 500 159
pottedplant 0.0051 213 77 247 160
pottedplant 0.0035 247 171 284 213
pottedplant 0.0018 479 103 499 160
pottedplant 0.0012 192 12 328 163
