person 0.6683 251 126 259 133
person 0.1404 344 100 349 103
person 0.0098 250 126 260 144
person 0.0069 239 129 245 140
person 0.0049 263 116 270 121
person 0.0035 261 126 269 132
person 0.0025 267 124 273 131
person 0.0022 244 128 255 136
person 0.0014 240 127 261 143
person 0.0012 240 122 246 138
person 0.0011 262 117 271 127
person 0.0011 265 117 272 130
boat 0.4162 209 115 274 148
boat 0.2371 217 129 275 148
boat 0.0987 240 115 273 144
boat 0.0719 184 98 218 107
boat 0.0491 80 110 87 114
boat 0.0344 336 99 350 104
boat 0.0302 55 99 68 108
boat 0.0264 343 99 349 103
boat 0.0255 60 99 66 108
boat 0.0219 242 130 275 146
boat 0.0121 241 116 272 121
boat 0.0100 85 101 112 109
boat 0.0089 209 97 219 103
boat 0.0086 309 96 330 100
boat 0.0076 67 103 72 108
boat 0.0071 465 91 499 96
boat 0.0066 241 116 271 131
boat 0.0061 53 105 63 109
boat 0.0060 307 96 313 100
boat 0.0056 218 98 251 105
boat 0.0047 60 104 67 108
boat 0.0044 285 97 306 101
boat 0.0042 102 102 113 108
boat 0.0041 318 96 332 100
boat 0.0041 61 98 66 105
boat 0.0040 287 118 294 127
boat 0.0039 50 98 79 111
boat 0.0038 208 138 273 148
boat 0.0038 157 101 164 106
boat 0.0034 75 106 83 111
boat 0.0034 321 98 349 103
boat 0.0032 151 101 157 106
boat 0.0031 164 101 170 106
boat 0.0030 0 105 48 117
boat 0.0028 143 101 152 106
boat 0.0027 297 97 306 101
boat 0.0025 154 102 160 107
boat 0.0024 148 102 154 107
boat 0.0022 164 100 175 106
boat 0.0021 96 104 109 110
boat 0.0020 202 98 217 104
boat 0.0019 306 96 349 102
boat 0.0015 213 99 228 105
boat 0.0014 169 101 181 105
boat 0.0014 78 107 87 115
boat 0.0014 62 98 75 109
boat 0.0013 276 96 343 103
boat 0.0013 325 97 342 101
boat 0.0013 75 104 88 113
boat 0.0012 0 106 10 111
boat 0.0012 271 118 294 128
boat 0.0011 137 102 147 107
boat 0.0010 219 97 271 105
boat 0.0010 49 102 64 108
boat 0.0010 239 115 293 133
boat 0.0010 205 97 236 105
