person 0.9211 373 130 416 267
person 0.8962 185 125 242 278
person 0.8941 327 136 375 277
person 0.8671 66 139 99 228
person 0.8301 95 131 131 227
person 0.7747 317 131 344 259
person 0.7557 228 112 270 242
person 0.0620 316 131 344 193
person 0.0104 212 124 231 162
person 0.0085 84 139 99 173
person 0.0077 321 128 335 142
person 0.0074 114 140 130 225
person 0.0062 0 158 7 222
person 0.0054 324 129 335 138
person 0.0039 221 138 245 213
person 0.0025 233 165 273 242
person 0.0024 96 132 131 171
person 0.0024 321 180 338 256
person 0.0021 329 185 339 253
person 0.0018 363 182 375 226
person 0.0015 318 129 337 158
person 0.0014 85 153 97 171
person 0.0013 228 114 265 172
person 0.0013 282 98 299 112
person 0.0011 0 159 4 196
person 0.0010 52 156 76 185
bicycle 0.9256 367 191 474 263
bicycle 0.8685 127 171 205 234
bicycle 0.8643 254 164 328 247
bicycle 0.8004 49 170 131 226
bicycle 0.6667 468 186 496 259
bicycle 0.1001 416 149 455 173
bicycle 0.0619 92 175 137 227
bicycle 0.0461 365 190 389 255
bicycle 0.0431 49 177 73 222
bicycle 0.0269 52 169 69 185
bicycle 0.0183 89 174 115 227
bicycle 0.0180 147 163 318 222
bicycle 0.0144 369 190 383 232
bicycle 0.0142 64 151 98 227
bicycle 0.0103 251 163 312 195
bicycle 0.0083 170 171 193 199
bicycle 0.0080 417 191 452 210
bicycle 0.0078 411 148 456 200
bicycle 0.0072 472 147 495 176
bicycle 0.0052 435 150 456 173
bicycle 0.0050 410 148 435 167
bicycle 0.0043 470 214 495 243
bicycle 0.0041 484 212 496 240
bicycle 0.0038 365 194 381 243
bicycle 0.0037 471 186 495 214
bicycle 0.0032 50 169 70 206
bicycle 0.0032 253 163 285 189
bicycle 0.0031 417 190 486 260
bicycle 0.0030 284 173 318 191
bicycle 0.0029 57 183 72 209
bicycle 0.0029 140 171 197 210
bicycle 0.0029 242 162 497 255
bicycle 0.0027 227 158 304 191
bicycle 0.0027 483 193 495 218
bicycle 0.0026 445 147 495 176
bicycle 0.0024 118 191 127 225
bicycle 0.0021 419 149 435 162
bicycle 0.0021 134 172 164 191
bicycle 0.0018 282 175 380 254
bicycle 0.0018 443 185 497 241
bicycle 0.0017 365 201 375 235
bicycle 0.0017 375 184 413 266
bicycle 0.0017 87 173 105 215
bicycle 0.0016 410 149 422 165
bicycle 0.0016 367 190 377 223
bicycle 0.0016 366 238 389 255
bicycle 0.0015 472 186 495 200
bicycle 0.0015 487 183 499 322
bicycle 0.0014 470 188 498 325
bicycle 0.0014 468 250 495 265
bicycle 0.0014 118 189 135 227
bicycle 0.0013 449 152 456 172
bicycle 0.0012 198 161 330 259
bicycle 0.0011 173 213 206 234
bicycle 0.0011 482 151 496 173
bicycle 0.0010 490 199 499 250
car 0.6495 269 91 340 143
car 0.3091 191 99 248 119
car 0.1940 277 91 339 113
car 0.1486 0 156 12 173
car 0.1200 190 97 277 133
car 0.0654 189 99 233 136
car 0.0409 0 159 5 219
car 0.0283 198 100 229 118
car 0.0278 260 101 297 145
car 0.0161 189 93 327 142
car 0.0081 0 157 5 173
car 0.0073 141 98 236 171
car 0.0071 318 90 360 108
car 0.0065 148 147 313 191
car 0.0057 259 103 277 121
car 0.0049 320 92 340 107
car 0.0046 257 164 307 189
car 0.0032 342 88 362 97
car 0.0030 280 91 337 102
car 0.0018 272 114 295 145
car 0.0018 259 103 279 138
car 0.0016 278 97 301 113
car 0.0016 319 87 395 144
car 0.0012 284 95 334 128
car 0.0012 341 80 363 98
car 0.0011 260 119 295 151
car 0.0010 51 157 78 184
car 0.0010 0 156 12 165
bottle 0.0527 158 191 169 205
bottle 0.0421 282 197 294 216
bottle 0.0401 168 190 174 208
bottle 0.0054 277 183 294 217
bottle 0.0035 157 191 171 213
bottle 0.0033 288 196 299 217
bottle 0.0030 272 172 299 217
bottle 0.0028 157 192 164 199
bottle 0.0021 164 190 176 213
