person 0.1075 398 147 411 168
person 0.0028 387 147 412 169
person 0.0016 0 125 7 183
person 0.0014 172 74 178 85
car 0.0063 0 212 15 223
car 0.0014 417 102 439 132
train 0.9123 193 84 282 215
train 0.8989 321 79 423 212
train 0.8841 13 86 165 218
train 0.0146 0 45 35 219
train 0.0092 417 103 440 188
train 0.0075 179 138 202 199
train 0.0061 417 102 439 132
train 0.0052 0 124 6 159
train 0.0045 0 45 14 167
train 0.0045 0 127 34 221
train 0.0012 0 175 34 220
train 0.0010 0 120 10 191
bird 0.0139 95 285 100 290
bird 0.0047 76 274 85 285
bird 0.0047 116 268 122 273
bird 0.0043 121 276 125 281
bird 0.0024 110 276 120 281
bird 0.0019 122 275 128 279
