person 0.0978 223 347 304 374
person 0.0385 0 213 11 251
person 0.0300 0 212 8 230
person 0.0207 0 218 16 287
car 0.0333 375 214 426 229
car 0.0127 371 212 431 245
car 0.0028 373 190 430 238
boat 0.0134 4 23 495 374
bird 0.0065 253 210 264 251
bottle 0.5713 228 225 240 254
bottle 0.0222 228 231 240 272
bottle 0.0171 254 210 265 251
bottle 0.0021 256 227 264 251
bottle 0.0018 229 231 240 247
chair 0.9251 64 322 174 374
chair 0.9067 29 252 108 373
chair 0.8931 108 287 173 328
chair 0.8924 425 274 499 372
chair 0.8681 12 223 58 321
chair 0.7949 0 226 16 289
chair 0.2778 22 238 93 320
chair 0.1613 223 347 304 374
chair 0.1475 35 244 93 267
chair 0.1007 36 255 100 292
chair 0.0893 13 223 58 255
chair 0.0705 0 213 8 226
chair 0.0586 487 177 499 212
chair 0.0346 489 197 499 213
chair 0.0252 38 244 91 254
chair 0.0245 460 364 494 374
chair 0.0228 72 189 82 204
chair 0.0226 129 217 173 231
chair 0.0131 431 274 500 291
chair 0.0105 492 351 499 374
chair 0.0082 460 354 499 374
chair 0.0060 439 274 498 283
chair 0.0058 64 176 76 201
chair 0.0050 439 347 500 374
chair 0.0048 72 189 91 205
chair 0.0047 54 177 78 205
chair 0.0043 4 175 48 204
chair 0.0043 18 258 40 321
chair 0.0043 0 187 18 204
chair 0.0037 0 259 8 286
chair 0.0035 10 227 23 290
chair 0.0033 29 304 58 373
chair 0.0030 430 320 499 371
chair 0.0029 427 274 500 323
chair 0.0025 69 322 173 343
chair 0.0023 82 254 101 288
chair 0.0023 123 304 173 329
chair 0.0018 72 189 96 216
chair 0.0017 56 229 67 245
chair 0.0016 108 290 174 363
chair 0.0015 39 193 49 204
chair 0.0014 0 267 5 287
chair 0.0014 10 227 37 316
chair 0.0014 484 195 493 212
chair 0.0013 482 181 494 211
chair 0.0012 492 297 499 328
chair 0.0012 109 216 125 226
chair 0.0011 486 185 499 250
chair 0.0011 90 212 171 234
chair 0.0010 63 286 109 328
chair 0.0010 63 253 101 288
pottedplant 0.0596 487 177 499 197
pottedplant 0.0099 384 109 421 147
pottedplant 0.0020 89 132 119 204
pottedplant 0.0018 0 110 42 143
pottedplant 0.0015 485 149 500 198
pottedplant 0.0012 94 136 117 174
pottedplant 0.0012 380 130 425 192
pottedplant 0.0011 0 44 44 144
diningtable 0.0890 489 197 499 212
diningtable 0.0840 13 223 57 321
diningtable 0.0362 79 223 132 235
diningtable 0.0284 -3 211 189 233
diningtable 0.0259 0 202 100 227
diningtable 0.0132 39 244 92 263
diningtable 0.0098 0 225 16 258
diningtable 0.0095 3 174 60 205
diningtable 0.0082 71 213 172 232
diningtable 0.0070 0 224 16 229
diningtable 0.0049 13 223 58 250
diningtable 0.0047 425 273 499 371
diningtable 0.0045 -4 203 94 213
diningtable 0.0038 4 173 61 183
diningtable 0.0036 77 215 131 228
diningtable 0.0034 52 217 137 236
diningtable 0.0025 0 226 8 245
diningtable 0.0023 -1 195 191 225
diningtable 0.0022 371 205 498 243
diningtable 0.0017 54 213 361 372
diningtable 0.0017 47 213 167 272
diningtable 0.0015 0 229 5 251
diningtable 0.0014 39 193 77 204
diningtable 0.0011 0 213 19 251
diningtable 0.0011 52 215 138 253
