person 0.7726 142 43 392 124
person 0.0063 213 44 309 124
bird 0.0010 292 94 387 121
pottedplant 0.7690 64 54 157 243
pottedplant 0.7149 19 82 95 275
pottedplant 0.6565 138 94 403 322
pottedplant 0.4937 0 135 41 266
pottedplant 0.4661 0 54 59 268
pottedplant 0.0763 24 173 94 276
pottedplant 0.0475 148 1 223 109
pottedplant 0.0402 261 0 316 76
pottedplant 0.0372 8 54 150 276
pottedplant 0.0274 0 180 30 263
pottedplant 0.0208 311 1 489 150
pottedplant 0.0187 142 34 392 120
pottedplant 0.0174 0 55 65 124
pottedplant 0.0082 310 0 433 108
pottedplant 0.0080 390 58 499 152
pottedplant 0.0051 188 0 224 107
pottedplant 0.0048 16 1 109 68
pottedplant 0.0045 81 145 156 243
pottedplant 0.0044 24 0 222 110
pottedplant 0.0038 0 59 39 216
pottedplant 0.0036 310 2 426 212
pottedplant 0.0032 0 138 20 166
pottedplant 0.0028 99 1 183 65
pottedplant 0.0024 0 60 37 131
pottedplant 0.0023 148 51 219 110
pottedplant 0.0021 364 108 404 212
pottedplant 0.0021 149 170 173 203
pottedplant 0.0018 200 0 222 18
pottedplant 0.0016 197 1 222 58
pottedplant 0.0014 0 61 16 128
pottedplant 0.0014 57 11 223 244
pottedplant 0.0014 0 60 10 88
pottedplant 0.0013 61 55 155 139
pottedplant 0.0012 0 15 64 110
pottedplant 0.0011 0 18 35 66
pottedplant 0.0011 138 45 397 214
