person 0.8542 299 0 426 164
person 0.5650 480 115 499 171
person 0.1026 0 16 26 273
person 0.0175 479 115 499 242
person 0.0048 482 44 499 174
person 0.0045 421 95 489 164
person 0.0032 1 13 90 262
person 0.0012 -19 -16 270 287
bottle 0.5165 17 127 82 286
bottle 0.2690 19 128 74 194
bottle 0.0113 19 127 63 165
bottle 0.0014 59 186 88 266
chair 0.0867 421 95 488 164
chair 0.0232 420 105 453 136
chair 0.0204 482 352 499 374
chair 0.0025 396 54 410 84
chair 0.0021 480 117 499 171
chair 0.0020 389 54 414 101
chair 0.0014 392 102 451 143
sofa 0.5901 2 9 498 184
sofa 0.0211 82 6 498 321
sofa 0.0132 3 92 499 200
sofa 0.0064 -9 29 330 345
sofa 0.0027 2 1 368 124
sofa 0.0010 3 0 498 66
pottedplant 0.0016 172 129 278 220
diningtable 0.6450 0 114 503 376
diningtable 0.0065 1 274 499 370
diningtable 0.0048 422 246 500 298
diningtable 0.0027 248 111 497 366
diningtable 0.0026 126 80 513 304
diningtable 0.0020 283 164 498 289
diningtable 0.0016 412 174 499 287
diningtable 0.0012 -1 236 63 294
