bottle 0.0247 353 21 379 75
chair 0.6814 374 2 499 175
chair 0.0049 306 0 382 27
chair 0.0022 306 0 383 74
chair 0.0016 28 158 105 263
chair 0.0014 368 6 499 337
chair 0.0011 0 243 24 301
chair 0.0010 0 233 42 301
sofa 0.0477 373 2 499 176
tvmonitor 0.6594 95 154 407 329
tvmonitor 0.4533 0 0 72 172
tvmonitor 0.1223 0 89 40 259
tvmonitor 0.0119 306 0 379 28
tvmonitor 0.0100 42 2 77 109
tvmonitor 0.0092 45 16 74 60
tvmonitor 0.0064 0 92 18 188
tvmonitor 0.0041 28 158 104 263
tvmonitor 0.0024 0 57 42 175
tvmonitor 0.0021 0 134 16 184
tvmonitor 0.0011 150 58 354 133
tvmonitor 0.0010 -1 0 95 262
