person 0.0969 2 179 255 358
person 0.0020 1 281 210 359
person 0.0010 95 89 258 341
cat 0.0029 202 30 244 72
cat 0.0018 145 354 213 359
cat 0.0011 111 350 225 360
dog 0.7784 10 85 230 327
dog 0.0154 102 83 224 235
dog 0.0081 61 112 246 267
dog 0.0031 0 228 50 298
dog 0.0031 8 129 114 302
dog 0.0010 9 175 176 317
chair 0.6111 0 166 30 209
chair 0.0055 0 124 31 209
chair 0.0010 0 135 14 208
sofa 0.0299 0 204 52 296
sofa 0.0289 6 89 273 305
sofa 0.0072 184 177 269 234
sofa 0.0069 41 124 262 253
sofa 0.0028 0 203 182 359
sofa 0.0013 0 203 53 231
pottedplant 0.0660 0 134 11 164
pottedplant 0.0295 0 46 14 160
pottedplant 0.0168 0 47 13 61
pottedplant 0.0117 0 126 30 209
pottedplant 0.0066 0 48 27 206
pottedplant 0.0046 0 133 12 204
pottedplant 0.0026 0 114 12 162
pottedplant 0.0013 0 12 13 61
diningtable 0.0014 184 200 269 233
diningtable 0.0010 15 143 78 189
tvmonitor 0.8571 25 62 111 138
tvmonitor 0.0326 40 60 97 77
tvmonitor 0.0019 34 63 110 106
