person 0.9364 42 118 124 323
person 0.9284 189 68 283 354
person 0.9144 336 104 472 333
person 0.0082 18 168 42 185
person 0.0079 412 104 435 123
person 0.0056 375 108 394 155
person 0.0050 276 145 308 273
person 0.0039 0 181 13 237
person 0.0036 277 170 294 189
person 0.0035 0 149 6 202
person 0.0035 7 112 54 185
person 0.0033 0 182 8 216
person 0.0033 0 122 18 185
person 0.0030 375 103 434 158
person 0.0027 277 153 308 202
person 0.0020 0 124 13 236
person 0.0019 0 181 5 198
person 0.0015 258 178 296 288
person 0.0015 392 103 437 124
person 0.0012 276 167 294 214
person 0.0012 0 177 39 244
person 0.0011 189 155 275 263
bicycle 0.1443 291 153 346 292
bicycle 0.1370 224 238 276 288
bicycle 0.0770 282 102 331 156
bicycle 0.0389 236 157 350 293
bicycle 0.0198 257 232 275 287
bicycle 0.0163 257 226 293 289
bicycle 0.0128 297 139 339 195
bicycle 0.0057 280 136 339 216
bicycle 0.0053 256 190 284 288
bicycle 0.0046 283 168 331 271
bicycle 0.0044 300 161 363 202
bicycle 0.0041 180 183 208 257
bicycle 0.0039 225 188 281 288
bicycle 0.0028 298 143 365 244
bicycle 0.0027 276 161 309 279
bicycle 0.0023 191 110 283 348
bicycle 0.0020 267 227 290 268
bicycle 0.0018 270 191 321 292
bicycle 0.0017 300 161 332 195
bicycle 0.0014 301 206 339 294
bicycle 0.0011 407 1 499 107
bicycle 0.0010 308 175 376 201
bottle 0.0014 154 269 165 289
bottle 0.0014 335 184 356 192
chair 0.0355 2 323 150 373
chair 0.0041 460 198 499 328
chair 0.0036 0 215 17 269
chair 0.0026 0 215 18 239
chair 0.0021 0 181 19 250
chair 0.0020 98 204 127 316
chair 0.0018 0 181 11 240
chair 0.0017 0 180 37 260
chair 0.0015 0 216 13 229
chair 0.0014 75 258 81 287
chair 0.0012 0 215 20 226
tvmonitor 0.0435 0 244 75 321
tvmonitor 0.0142 104 111 144 156
tvmonitor 0.0056 375 103 433 158
tvmonitor 0.0014 0 60 59 189
