person 0.9458 0 14 142 498
person 0.8966 180 110 262 210
person 0.8890 131 163 330 475
person 0.8568 255 122 333 349
person 0.7931 208 166 331 404
person 0.3576 132 163 164 232
person 0.1832 114 163 165 304
person 0.1601 0 185 44 501
person 0.0646 0 336 46 499
person 0.0633 291 48 332 185
person 0.0465 314 47 332 189
person 0.0305 111 177 141 305
person 0.0184 300 114 334 351
person 0.0112 0 336 106 500
person 0.0081 321 48 332 84
person 0.0080 299 120 332 189
person 0.0076 0 95 25 485
person 0.0075 0 181 12 276
person 0.0052 103 180 113 224
person 0.0048 0 14 56 497
person 0.0044 114 171 158 454
person 0.0040 320 121 332 188
person 0.0036 133 163 163 194
person 0.0028 0 182 20 337
person 0.0021 3 190 109 488
person 0.0020 108 124 141 483
person 0.0019 -18 63 246 382
person 0.0017 174 97 332 210
person 0.0015 319 47 333 143
person 0.0014 255 130 327 230
person 0.0013 118 163 245 306
person 0.0012 0 227 44 385
person 0.0011 53 165 250 473
bicycle 0.1764 287 96 332 159
bicycle 0.1171 231 98 333 174
bicycle 0.0136 281 93 333 211
bicycle 0.0040 116 110 329 193
bicycle 0.0034 297 121 332 189
bicycle 0.0014 288 106 313 153
bicycle 0.0012 252 126 332 186
bottle 0.0013 178 318 221 346
chair 0.0191 246 159 272 171
chair 0.0102 109 180 141 260
chair 0.0070 246 159 273 206
chair 0.0055 217 98 333 169
chair 0.0049 246 153 332 206
chair 0.0046 243 156 311 180
chair 0.0018 219 159 271 209
chair 0.0016 237 104 261 125
chair 0.0013 300 134 328 181
chair 0.0010 226 157 271 180
chair 0.0010 234 142 326 173
chair 0.0010 109 119 199 170
chair 0.0010 103 189 112 250
sofa 0.0064 108 118 327 201
sofa 0.0034 87 116 279 172
sofa 0.0029 138 149 269 215
sofa 0.0017 113 120 199 170
sofa 0.0015 128 162 282 248
sofa 0.0011 117 94 334 384
pottedplant 0.0050 236 100 260 124
