person 0.7937 276 135 283 157
person 0.7937 476 129 483 152
person 0.7804 141 135 150 159
person 0.7532 99 138 113 163
person 0.7176 305 131 317 153
person 0.7122 115 137 126 162
person 0.0510 141 136 150 147
person 0.0405 134 142 148 160
person 0.0255 112 140 119 163
person 0.0203 303 136 311 153
person 0.0167 104 139 112 146
person 0.0130 272 140 285 159
person 0.0109 112 142 116 150
person 0.0082 111 140 117 155
person 0.0050 117 137 125 149
person 0.0041 134 141 139 152
person 0.0040 118 137 124 144
person 0.0021 367 122 382 134
person 0.0020 134 143 141 157
person 0.0016 112 139 117 146
person 0.0015 495 141 500 158
person 0.0011 304 134 309 144
person 0.0010 283 133 492 169
person 0.0010 299 132 306 137
bird 0.0013 358 293 362 296
bird 0.0012 239 252 300 298
bird 0.0010 88 228 93 232
dog 0.0055 323 153 337 167
horse 0.9051 458 134 499 165
horse 0.8832 261 142 292 168
horse 0.8683 134 143 155 173
horse 0.7893 303 140 323 166
horse 0.7440 100 147 114 174
horse 0.6721 113 146 125 174
horse 0.0582 239 123 253 134
horse 0.0138 239 126 246 133
horse 0.0125 324 153 336 166
horse 0.0119 133 142 145 159
horse 0.0082 112 145 120 165
horse 0.0049 303 139 312 165
horse 0.0020 118 140 126 160
horse 0.0016 440 135 459 156
horse 0.0015 253 133 265 141
horse 0.0013 490 141 499 160
horse 0.0012 366 123 382 134
horse 0.0011 120 148 125 162
horse 0.0010 444 135 459 145
cow 0.0013 399 152 416 158
cow 0.0013 324 153 335 164
