person 0.0647 211 170 216 180
person 0.0512 195 169 206 181
person 0.0311 203 169 211 180
person 0.0074 375 250 381 258
person 0.0072 293 166 303 175
person 0.0067 130 181 136 191
person 0.0054 226 195 239 204
person 0.0050 142 136 148 148
person 0.0039 207 159 225 181
person 0.0034 139 136 144 148
person 0.0030 220 169 227 179
person 0.0026 435 277 440 284
person 0.0020 429 245 443 257
person 0.0019 182 179 187 184
person 0.0018 135 181 141 190
person 0.0017 275 117 284 177
person 0.0016 117 181 122 193
person 0.0016 407 255 414 263
person 0.0016 220 193 239 205
person 0.0016 10 278 16 294
person 0.0016 432 277 438 284
person 0.0016 69 93 82 107
person 0.0015 379 250 385 257
person 0.0015 140 134 151 149
person 0.0015 150 178 160 188
person 0.0014 306 187 325 203
person 0.0014 113 82 116 90
person 0.0013 301 166 307 173
person 0.0012 383 196 395 210
person 0.0012 129 180 140 191
person 0.0010 188 177 193 182
car 0.0036 321 268 338 283
car 0.0012 0 259 25 278
car 0.0012 468 270 493 279
bus 0.0010 0 259 24 275
train 0.0032 0 259 25 279
train 0.0029 0 259 29 296
boat 0.7940 8 45 400 332
boat 0.5040 341 149 492 289
boat 0.4580 0 302 60 343
boat 0.2819 342 268 400 282
boat 0.0947 341 258 499 290
boat 0.0303 311 268 349 292
boat 0.0216 311 281 340 292
boat 0.0155 430 278 499 288
boat 0.0134 314 267 402 290
boat 0.0105 316 269 339 287
boat 0.0082 312 280 366 292
boat 0.0044 341 218 463 288
boat 0.0042 2 299 50 314
boat 0.0036 468 269 499 280
boat 0.0034 342 264 439 289
boat 0.0029 0 249 59 342
boat 0.0024 0 260 31 306
boat 0.0019 0 301 19 313
boat 0.0018 335 283 359 290
boat 0.0018 424 270 500 289
boat 0.0016 316 274 373 291
boat 0.0015 332 281 372 291
boat 0.0014 4 163 341 328
boat 0.0012 460 269 500 287
bird 0.0486 235 222 257 248
bird 0.0013 314 146 330 159
bird 0.0013 117 149 125 154
bird 0.0010 384 149 396 159
