bird 0.8615 163 167 209 219
bird 0.7221 206 153 235 211
bird 0.3471 155 126 238 168
bird 0.2736 114 126 158 221
bird 0.1603 232 162 265 196
bird 0.1524 206 153 263 210
bird 0.0963 114 184 151 221
bird 0.0318 247 177 265 198
bird 0.0244 195 0 229 47
bird 0.0208 202 126 242 157
bird 0.0173 179 128 208 142
bird 0.0160 195 0 332 56
bird 0.0129 304 41 332 64
bird 0.0081 121 132 133 147
bird 0.0079 259 188 266 198
bird 0.0077 219 150 258 193
bird 0.0060 200 132 228 158
bird 0.0053 121 127 157 168
bird 0.0048 304 42 332 90
bird 0.0038 236 308 250 321
bird 0.0029 258 281 269 297
bird 0.0028 117 121 243 210
bird 0.0018 195 0 269 50
bird 0.0017 122 155 157 194
bird 0.0016 162 156 190 169
bird 0.0016 44 13 157 53
bird 0.0015 195 0 332 219
bird 0.0012 178 125 235 145
bird 0.0012 14 0 227 54
bird 0.0011 155 134 186 168
dog 0.0840 213 368 298 470
sheep 0.6789 119 389 237 458
sheep 0.6308 212 368 297 470
sheep 0.0452 290 444 332 463
sheep 0.0264 73 458 331 499
sheep 0.0177 310 343 332 396
sheep 0.0019 119 398 143 442
sheep 0.0011 295 344 333 408
sheep 0.0010 252 369 300 467
cow 0.0673 213 368 298 470
cow 0.0158 117 389 236 472
cow 0.0014 92 376 297 486
chair 0.0034 90 53 331 457
chair 0.0014 112 257 306 363
chair 0.0013 103 261 145 394
chair 0.0012 304 42 332 63
