person 0.9381 254 128 301 204
person 0.9029 214 125 247 204
person 0.7579 167 137 180 158
person 0.5657 0 141 8 168
person 0.5532 185 146 194 158
person 0.5394 29 140 37 162
person 0.5172 45 147 51 161
person 0.3302 13 142 22 163
person 0.3294 21 142 29 162
person 0.1658 3 141 11 165
person 0.1058 8 137 19 163
person 0.0604 59 120 70 159
person 0.0544 8 137 15 148
person 0.0425 24 142 31 157
person 0.0378 52 147 60 161
person 0.0333 7 143 14 167
person 0.0287 7 138 14 158
person 0.0240 48 138 56 161
person 0.0212 359 141 373 154
person 0.0197 60 142 68 159
person 0.0164 15 141 22 150
person 0.0135 0 141 6 147
person 0.0134 47 146 53 161
person 0.0127 21 149 27 162
person 0.0079 34 142 42 154
person 0.0078 5 155 14 170
person 0.0073 175 139 184 158
person 0.0073 9 151 14 164
person 0.0070 48 138 53 147
person 0.0068 35 144 43 160
person 0.0059 0 156 4 169
person 0.0056 53 137 62 159
person 0.0049 0 7 9 25
person 0.0042 31 139 36 147
person 0.0040 54 153 61 161
person 0.0039 18 141 24 148
person 0.0032 25 141 31 149
person 0.0025 214 128 229 192
person 0.0021 43 140 48 148
person 0.0019 217 129 230 157
person 0.0019 21 148 33 162
person 0.0016 56 139 60 148
person 0.0014 0 142 6 154
person 0.0011 173 138 182 147
person 0.0010 13 141 23 153
car 0.0043 36 141 44 154
car 0.0018 196 147 214 155
car 0.0014 206 146 215 153
car 0.0013 0 119 10 129
bird 0.0028 183 193 188 201
dog 0.0967 139 185 235 259
sheep 0.8537 138 185 235 259
cow 0.0585 138 185 234 259
