person 0.0181 403 238 420 263
person 0.0108 287 222 308 244
person 0.0032 432 223 449 260
person 0.0026 134 213 144 221
person 0.0019 403 226 411 241
person 0.0013 467 224 494 261
person 0.0011 277 242 290 257
person 0.0010 497 218 500 223
person 0.0010 446 226 468 264
person 0.0010 0 208 14 261
car 0.0940 53 197 136 261
car 0.0067 0 205 17 234
car 0.0052 0 204 19 260
car 0.0045 489 227 499 259
car 0.0040 470 224 498 260
car 0.0032 0 228 6 261
car 0.0032 133 213 147 222
car 0.0018 7 199 55 231
car 0.0017 0 207 9 259
car 0.0012 15 204 33 231
car 0.0012 0 205 13 218
car 0.0011 0 200 20 215
car 0.0011 0 197 37 215
car 0.0011 0 206 7 216
car 0.0010 0 198 60 258
chair 0.0038 363 233 381 257
chair 0.0015 446 238 468 265
pottedplant 0.0385 282 222 309 257
pottedplant 0.0316 403 238 420 263
pottedplant 0.0155 316 232 367 267
pottedplant 0.0098 274 243 290 258
pottedplant 0.0068 290 222 309 244
pottedplant 0.0064 335 232 344 242
pottedplant 0.0031 362 231 382 256
pottedplant 0.0016 181 207 195 222
pottedplant 0.0012 273 224 295 257
