person 0.2223 233 188 240 208
person 0.1363 230 190 235 202
person 0.0606 234 187 240 199
person 0.0519 86 208 94 225
person 0.0261 212 190 220 207
person 0.0123 118 210 124 221
person 0.0055 243 187 249 197
person 0.0042 117 206 123 218
person 0.0030 491 241 499 302
person 0.0029 117 208 125 228
person 0.0026 174 197 186 224
person 0.0021 174 198 180 222
person 0.0020 114 212 118 220
person 0.0020 88 210 95 222
person 0.0017 346 197 353 207
person 0.0017 175 198 180 208
person 0.0014 88 207 93 219
car 0.0147 493 241 499 260
car 0.0045 493 240 499 278
car 0.0033 432 229 446 234
train 0.9525 25 146 428 248
train 0.0074 490 240 499 302
train 0.0047 25 179 241 236
train 0.0010 492 240 499 279
