person 0.7367 70 1 186 188
person 0.7003 0 6 105 177
person 0.1115 0 5 105 62
person 0.0089 -2 1 188 64
person 0.0086 0 18 18 172
person 0.0063 280 17 313 45
person 0.0059 0 19 14 69
person 0.0041 0 19 13 45
person 0.0022 247 18 269 41
person 0.0017 220 42 247 55
person 0.0013 0 123 20 171
person 0.0011 220 18 265 57
person 0.0010 228 15 265 42
car 0.9410 177 0 498 157
car 0.0093 99 162 498 327
car 0.0020 301 159 499 326
car 0.0011 490 16 500 26
motorbike 0.9542 0 15 236 233
motorbike 0.3829 5 161 499 327
motorbike 0.0204 0 20 17 159
motorbike 0.0047 0 19 13 59
motorbike 0.0042 0 19 14 100
motorbike 0.0018 4 247 385 327
