person 0.4525 184 82 218 138
person 0.2120 131 80 174 138
person 0.0340 423 155 429 166
person 0.0279 430 154 434 164
person 0.0271 423 138 434 165
person 0.0201 228 82 262 122
person 0.0164 236 80 276 134
person 0.0142 215 91 240 121
person 0.0067 142 80 172 113
person 0.0058 422 155 426 165
person 0.0051 247 85 284 146
person 0.0035 495 154 499 162
person 0.0034 223 98 255 121
person 0.0033 427 142 433 164
person 0.0033 207 79 236 120
person 0.0029 238 94 263 121
person 0.0028 149 82 219 140
person 0.0024 459 144 467 151
person 0.0017 418 158 422 166
person 0.0017 73 174 80 183
person 0.0014 461 150 478 163
person 0.0013 215 83 278 148
person 0.0010 175 80 249 138
person 0.0010 189 82 216 109
car 0.7421 451 162 492 191
car 0.2934 442 156 456 170
car 0.0132 371 150 390 171
car 0.0039 459 149 486 164
car 0.0039 485 134 500 161
car 0.0028 493 146 499 161
car 0.0028 492 136 499 161
car 0.0023 423 156 432 166
car 0.0022 439 148 484 171
car 0.0015 485 160 499 187
car 0.0012 488 144 499 162
bus 0.9631 66 12 391 269
bus 0.1039 458 148 486 165
bus 0.0179 371 150 390 171
bus 0.0012 486 134 499 161
bus 0.0010 12 77 66 114
