bicycle 0.0752 375 162 409 223
chair 0.2728 247 133 284 206
chair 0.0973 248 155 310 206
chair 0.0625 281 133 315 201
chair 0.0518 284 167 300 206
chair 0.0479 253 162 278 206
chair 0.0391 375 163 408 223
chair 0.0368 285 159 316 197
chair 0.0253 301 159 315 197
chair 0.0202 248 132 312 160
chair 0.0167 277 135 306 158
chair 0.0162 409 154 424 199
chair 0.0115 247 127 314 190
chair 0.0083 395 160 424 224
chair 0.0061 399 187 423 224
chair 0.0034 376 162 407 184
chair 0.0022 411 194 423 225
chair 0.0020 248 134 279 161
chair 0.0017 417 180 423 196
chair 0.0017 298 169 309 197
chair 0.0016 410 154 423 177
chair 0.0016 408 176 423 222
chair 0.0012 398 180 411 199
chair 0.0010 394 154 409 178
pottedplant 0.8783 314 198 355 279
pottedplant 0.8466 187 198 225 269
pottedplant 0.0380 375 162 408 222
pottedplant 0.0198 375 163 407 189
pottedplant 0.0130 338 152 364 193
pottedplant 0.0115 156 183 176 209
pottedplant 0.0023 142 235 162 260
pottedplant 0.0013 316 238 354 280
diningtable 0.0503 248 156 310 206
diningtable 0.0101 243 158 325 169
diningtable 0.0032 247 136 314 161
diningtable 0.0030 250 153 316 163
diningtable 0.0021 275 156 318 179
diningtable 0.0013 281 148 315 199
