person 0.9570 101 41 262 369
person 0.9138 225 69 362 370
person 0.0144 146 92 322 331
bottle 0.0057 385 318 407 359
chair 0.9091 0 269 116 368
chair 0.0067 285 100 324 144
chair 0.0039 114 335 130 374
chair 0.0035 0 268 13 362
chair 0.0025 0 257 29 359
chair 0.0023 53 246 85 274
chair 0.0020 0 294 6 361
chair 0.0014 101 268 126 371
chair 0.0014 0 302 35 362
chair 0.0011 0 245 8 271
chair 0.0010 53 232 88 336
pottedplant 0.6103 0 219 85 277
pottedplant 0.0910 0 221 87 362
pottedplant 0.0785 325 0 491 296
pottedplant 0.0120 350 232 438 358
pottedplant 0.0070 53 221 85 275
pottedplant 0.0070 350 224 438 298
pottedplant 0.0064 0 221 34 277
pottedplant 0.0035 0 247 15 283
pottedplant 0.0020 232 2 487 373
pottedplant 0.0019 415 1 492 233
pottedplant 0.0017 0 219 27 248
pottedplant 0.0014 0 253 16 309
pottedplant 0.0011 52 255 83 275
pottedplant 0.0011 0 240 7 266
pottedplant 0.0011 270 84 466 270
diningtable 0.1875 0 346 126 372
diningtable 0.0623 1 237 123 369
diningtable 0.0235 0 230 85 336
diningtable 0.0035 2 268 96 303
diningtable 0.0035 0 318 127 373
diningtable 0.0010 0 244 17 352
