person 0.9344 54 73 158 354
person 0.9237 470 98 494 162
person 0.9213 322 46 471 353
person 0.7349 487 102 500 164
person 0.6748 25 121 31 135
person 0.4815 53 121 59 134
person 0.4311 28 121 34 134
person 0.4276 36 120 41 133
person 0.1374 65 121 70 131
person 0.0951 32 118 39 134
person 0.0729 67 121 74 130
person 0.0444 57 120 60 133
person 0.0385 66 122 77 142
person 0.0298 75 122 83 147
person 0.0167 65 121 76 134
person 0.0154 76 122 89 154
person 0.0150 51 111 56 126
person 0.0136 75 122 81 139
person 0.0089 369 95 374 107
person 0.0086 73 121 78 129
person 0.0086 52 115 58 128
person 0.0068 495 101 500 111
person 0.0049 74 107 93 153
person 0.0046 466 103 471 115
person 0.0045 304 214 328 252
person 0.0044 53 112 58 124
person 0.0037 46 119 54 130
person 0.0033 2 37 80 302
person 0.0031 490 122 499 164
person 0.0030 297 96 303 110
person 0.0030 51 120 56 129
person 0.0028 45 114 52 126
person 0.0027 64 124 70 140
person 0.0025 303 212 338 302
person 0.0024 468 104 474 119
person 0.0022 267 102 273 110
person 0.0020 86 73 139 112
person 0.0020 313 277 336 302
person 0.0020 450 99 457 115
person 0.0020 251 103 255 111
person 0.0018 470 104 478 127
person 0.0018 484 103 494 122
person 0.0018 486 106 494 118
person 0.0017 449 99 455 118
person 0.0017 137 60 144 71
person 0.0016 299 105 303 112
person 0.0015 346 98 351 112
person 0.0015 90 109 97 121
person 0.0014 193 108 200 114
person 0.0013 255 104 259 111
person 0.0013 32 113 41 132
person 0.0011 51 112 61 125
person 0.0010 337 96 342 108
person 0.0010 82 125 91 142
person 0.0010 89 110 98 128
person 0.0010 37 267 72 341
person 0.0010 37 125 41 132
car 0.0582 61 120 69 128
car 0.0313 57 118 71 128
car 0.0229 46 118 52 127
car 0.0132 31 112 40 120
car 0.0114 27 106 34 114
car 0.0085 59 116 68 123
car 0.0025 32 101 41 107
car 0.0024 50 106 64 111
car 0.0022 40 97 46 104
car 0.0020 17 118 27 128
car 0.0018 27 111 34 117
car 0.0012 90 110 97 120
car 0.0012 42 96 48 103
car 0.0011 53 120 63 134
car 0.0010 50 108 57 114
bus 0.0635 0 6 51 368
bus 0.0018 0 -4 28 252
bird 0.0052 99 66 108 74
bottle 0.3142 46 266 81 297
bottle 0.0031 0 203 5 229
bottle 0.0022 45 268 63 296
bottle 0.0017 45 266 68 328
bottle 0.0015 37 264 80 338
bottle 0.0011 20 175 81 347
chair 0.4655 248 118 264 137
chair 0.2280 207 116 220 133
chair 0.1010 234 118 250 133
chair 0.0323 214 112 225 131
chair 0.0114 270 119 285 133
chair 0.0094 214 111 224 123
chair 0.0087 190 112 207 134
chair 0.0078 219 113 227 130
chair 0.0048 179 115 204 136
chair 0.0046 261 117 272 131
chair 0.0035 285 120 298 132
chair 0.0032 196 111 206 117
chair 0.0030 254 118 272 135
chair 0.0021 191 117 202 134
chair 0.0020 193 110 202 116
chair 0.0018 234 118 259 148
chair 0.0013 150 111 169 130
chair 0.0012 18 176 80 272
chair 0.0011 249 123 265 152
chair 0.0010 250 113 257 120
chair 0.0010 248 119 256 131
diningtable 0.0212 214 111 225 124
diningtable 0.0198 18 176 81 341
diningtable 0.0143 208 112 224 133
diningtable 0.0051 270 119 286 133
diningtable 0.0031 179 114 209 137
diningtable 0.0024 -2 57 78 352
diningtable 0.0023 235 118 251 130
diningtable 0.0016 154 111 203 135
diningtable 0.0011 237 112 252 118
