person 0.1302 142 25 165 103
person 0.0342 233 101 248 121
person 0.0325 244 102 263 127
person 0.0155 136 128 144 140
person 0.0142 204 86 234 125
person 0.0055 265 109 277 125
person 0.0017 376 76 385 91
bird 0.0067 97 39 121 63
dog 0.0201 97 39 121 63
dog 0.0017 13 288 63 328
horse 0.0155 98 39 121 63
bottle 0.0102 424 306 440 334
bottle 0.0073 425 315 433 333
bottle 0.0021 136 128 145 142
bottle 0.0010 67 177 101 203
chair 0.1341 0 230 6 279
chair 0.0049 285 181 398 231
chair 0.0037 0 229 5 247
sofa 0.9745 35 169 390 369
sofa 0.0632 0 229 7 280
sofa 0.0030 0 229 15 280
sofa 0.0015 0 183 9 277
pottedplant 0.2513 430 -1 499 346
pottedplant 0.1987 403 287 481 373
pottedplant 0.0121 403 330 451 374
pottedplant 0.0117 403 119 499 371
pottedplant 0.0102 401 328 494 374
pottedplant 0.0038 339 3 497 371
pottedplant 0.0030 442 340 498 374
pottedplant 0.0017 472 344 500 374
diningtable 0.0028 348 268 470 372
