person 0.9629 328 13 499 326
person 0.8891 31 43 150 219
person 0.1783 0 211 33 327
person 0.0121 0 210 32 241
person 0.0087 0 156 29 238
person 0.0056 0 46 155 321
person 0.0031 0 296 27 330
person 0.0020 0 162 12 213
person 0.0016 0 209 65 329
person 0.0013 0 168 11 193
dog 0.0226 0 210 33 241
dog 0.0057 0 185 33 281
bottle 0.0188 101 33 111 54
bottle 0.0030 0 32 14 49
bottle 0.0023 0 36 6 49
bottle 0.0016 53 31 64 47
bottle 0.0010 39 29 67 49
bottle 0.0010 88 19 100 53
chair 0.9586 263 96 379 146
chair 0.5902 0 129 38 227
chair 0.1615 0 138 36 329
chair 0.1028 398 185 419 213
chair 0.0921 16 180 39 222
chair 0.0261 397 187 409 212
chair 0.0220 0 296 27 331
chair 0.0202 0 212 54 329
chair 0.0156 374 172 413 212
chair 0.0152 0 210 108 330
chair 0.0112 369 259 499 330
chair 0.0080 437 264 500 330
chair 0.0046 0 125 132 227
chair 0.0045 0 130 36 172
chair 0.0040 22 301 108 331
chair 0.0039 1 154 25 220
chair 0.0035 374 187 499 328
chair 0.0032 0 211 33 241
chair 0.0031 1 102 139 330
chair 0.0029 1 187 35 223
chair 0.0029 389 151 431 212
chair 0.0026 0 158 13 216
chair 0.0020 398 165 422 214
chair 0.0019 371 104 392 125
chair 0.0018 0 269 107 331
chair 0.0017 366 171 478 220
chair 0.0015 268 113 375 138
chair 0.0015 336 174 413 209
chair 0.0014 357 115 475 251
chair 0.0014 433 135 499 328
chair 0.0014 393 172 451 219
chair 0.0013 396 169 410 211
chair 0.0010 0 169 12 194
pottedplant 0.0024 21 1 94 51
diningtable 0.8526 1 126 393 327
diningtable 0.0331 0 47 50 93
diningtable 0.0092 0 52 51 142
diningtable 0.0088 0 42 115 98
diningtable 0.0035 98 51 122 63
diningtable 0.0027 0 28 27 49
diningtable 0.0018 372 104 392 126
diningtable 0.0017 0 84 43 136
diningtable 0.0014 0 46 46 221
diningtable 0.0012 0 222 65 314
diningtable 0.0012 1 49 51 67
