person 0.9452 12 262 82 440
person 0.9287 332 270 374 386
person 0.8952 116 276 149 357
person 0.8014 141 279 159 336
person 0.7878 99 281 118 333
person 0.7737 69 276 90 342
person 0.6765 312 278 334 327
person 0.5876 260 278 285 313
person 0.5790 165 280 176 311
person 0.4913 182 281 193 310
person 0.3272 158 282 167 312
person 0.2926 218 201 247 297
person 0.2382 280 281 292 312
person 0.1950 175 280 182 303
person 0.1734 95 280 106 315
person 0.1623 60 280 69 291
person 0.1514 136 278 145 290
person 0.1020 192 281 198 301
person 0.0923 260 278 291 338
person 0.0710 112 282 121 298
person 0.0660 119 280 127 292
person 0.0590 97 280 107 300
person 0.0410 157 279 165 299
person 0.0396 113 284 124 329
person 0.0342 197 281 204 301
person 0.0240 179 281 186 301
person 0.0171 281 281 303 318
person 0.0149 370 280 374 302
person 0.0140 308 281 315 303
person 0.0083 59 279 74 302
person 0.0081 151 279 158 294
person 0.0080 145 275 151 286
person 0.0070 366 282 374 313
person 0.0070 100 282 116 303
person 0.0046 307 281 317 320
person 0.0046 180 280 185 292
person 0.0044 280 280 316 327
person 0.0042 331 279 342 297
person 0.0041 267 278 279 295
person 0.0041 152 278 156 285
person 0.0040 281 281 291 296
person 0.0039 167 277 172 285
person 0.0036 186 275 192 283
person 0.0036 185 281 193 292
person 0.0031 336 278 343 288
person 0.0029 159 280 165 293
person 0.0028 141 278 147 289
person 0.0028 170 282 175 293
person 0.0025 371 279 374 294
person 0.0024 339 269 347 287
person 0.0024 315 281 324 300
person 0.0022 70 277 89 303
person 0.0022 201 281 206 301
person 0.0022 193 282 198 293
person 0.0019 309 300 319 320
person 0.0019 114 284 124 308
person 0.0019 312 283 321 307
person 0.0018 367 291 374 307
person 0.0016 129 276 138 289
person 0.0016 174 273 179 282
person 0.0016 158 278 163 284
person 0.0016 179 274 185 283
person 0.0016 12 267 80 346
person 0.0016 341 269 346 278
person 0.0014 105 281 112 290
person 0.0014 330 283 339 298
person 0.0013 309 298 331 327
person 0.0013 96 279 104 295
person 0.0012 97 294 105 320
person 0.0011 271 279 283 295
person 0.0011 341 281 346 290
person 0.0011 316 279 322 291
person 0.0011 140 278 159 303
person 0.0010 68 278 79 301
bicycle 0.0075 190 296 196 305
bicycle 0.0030 183 285 192 310
bicycle 0.0029 185 300 191 310
bicycle 0.0020 184 296 191 309
car 0.0032 195 276 205 284
car 0.0023 197 281 204 290
car 0.0014 333 285 343 296
motorbike 0.0193 309 299 321 322
motorbike 0.0178 310 298 330 327
bus 0.0085 255 247 360 307
bus 0.0015 256 248 294 294
train 0.0061 254 247 361 305
pottedplant 0.0019 35 2 150 108
