person 0.9249 416 86 499 329
person 0.9032 0 70 53 308
person 0.8956 251 61 322 313
person 0.8083 369 66 420 219
person 0.2565 490 104 499 177
person 0.1790 97 57 125 91
person 0.0472 490 105 499 140
person 0.0402 0 67 6 80
person 0.0383 399 58 421 81
person 0.0197 276 38 289 58
person 0.0168 388 37 420 79
person 0.0127 493 126 499 180
person 0.0122 124 54 144 90
person 0.0119 442 85 482 115
person 0.0090 130 51 152 88
person 0.0061 140 75 152 90
person 0.0054 125 71 143 91
person 0.0053 0 208 17 307
person 0.0052 440 85 496 129
person 0.0052 386 59 406 80
person 0.0049 180 46 201 102
person 0.0047 477 157 500 284
person 0.0047 494 150 500 177
person 0.0041 63 58 75 77
person 0.0034 138 55 156 90
person 0.0032 440 87 450 122
person 0.0027 42 59 65 90
person 0.0027 0 66 12 86
person 0.0026 488 100 500 124
person 0.0024 487 102 500 234
person 0.0024 484 103 499 150
person 0.0024 437 85 498 179
person 0.0024 146 94 170 140
person 0.0020 284 5 293 13
person 0.0020 143 75 159 90
person 0.0019 190 46 202 105
person 0.0018 190 44 201 79
person 0.0018 57 59 76 89
person 0.0018 30 60 50 88
person 0.0017 368 68 438 302
person 0.0015 97 58 112 90
person 0.0015 136 52 146 62
person 0.0014 108 64 126 89
person 0.0014 268 37 291 71
person 0.0014 156 68 175 94
person 0.0013 386 38 402 56
person 0.0012 143 70 175 144
person 0.0011 386 36 405 77
person 0.0011 49 76 66 92
person 0.0011 489 74 500 125
person 0.0010 0 67 108 306
bicycle 0.0136 337 116 374 152
bicycle 0.0065 342 134 374 152
bicycle 0.0058 327 119 350 142
bicycle 0.0016 326 120 341 137
car 0.0042 339 108 374 152
car 0.0016 353 84 376 128
car 0.0016 317 96 374 150
car 0.0016 326 120 341 137
car 0.0013 326 118 352 140
bus 0.7181 351 2 499 146
bus 0.0417 306 12 360 91
bus 0.0052 0 3 131 21
bus 0.0026 309 56 358 94
bus 0.0016 481 41 499 123
train 0.8085 0 4 303 164
train 0.1982 350 2 500 151
bird 0.0011 368 1 377 14
bottle 0.0034 424 222 440 248
bottle 0.0010 303 166 322 197
chair 0.0021 131 0 197 17
