person 0.3290 419 233 428 244
person 0.1902 183 235 188 241
person 0.1610 178 235 182 241
person 0.0900 388 221 392 233
person 0.0628 187 237 194 244
person 0.0621 0 335 8 362
person 0.0513 378 238 385 246
person 0.0437 405 221 416 238
person 0.0275 373 238 385 247
person 0.0162 264 229 271 239
person 0.0146 325 205 331 220
person 0.0132 0 335 7 349
person 0.0128 176 235 190 242
person 0.0120 216 210 221 216
person 0.0118 166 235 174 241
person 0.0117 202 240 208 256
person 0.0104 324 208 329 220
person 0.0104 407 221 414 228
person 0.0101 331 204 339 219
person 0.0100 300 202 307 212
person 0.0094 302 203 308 211
person 0.0094 387 239 407 246
person 0.0093 367 225 377 234
person 0.0067 187 234 193 242
person 0.0065 405 233 429 246
person 0.0063 282 205 288 213
person 0.0060 327 226 334 239
person 0.0056 330 209 335 220
person 0.0050 276 205 282 213
person 0.0050 172 235 185 242
person 0.0046 338 204 345 216
person 0.0045 386 221 396 233
person 0.0040 190 239 199 244
person 0.0039 297 202 309 218
person 0.0037 323 204 334 220
person 0.0033 338 203 345 210
person 0.0032 346 203 351 211
person 0.0032 279 229 288 239
person 0.0029 297 203 302 215
person 0.0029 215 206 222 216
person 0.0029 322 204 326 217
person 0.0024 136 249 141 257
person 0.0023 199 238 205 245
person 0.0022 385 222 414 245
person 0.0022 0 350 7 363
person 0.0020 161 234 173 243
person 0.0019 276 210 281 222
person 0.0018 162 239 170 252
person 0.0018 404 225 430 242
person 0.0018 168 237 191 250
person 0.0017 386 222 391 234
person 0.0017 337 210 342 219
person 0.0017 395 222 409 232
person 0.0015 364 237 384 249
person 0.0015 330 204 338 210
person 0.0014 167 237 178 254
person 0.0013 300 202 314 214
person 0.0013 344 203 352 218
person 0.0013 326 203 331 210
person 0.0013 298 210 305 221
person 0.0013 284 204 290 213
person 0.0012 306 203 313 212
person 0.0011 141 250 150 257
person 0.0011 355 198 362 205
person 0.0011 398 235 419 246
person 0.0011 239 230 243 240
person 0.0011 172 241 181 256
person 0.0011 335 202 347 219
person 0.0011 272 204 283 214
person 0.0010 163 234 180 242
person 0.0010 344 211 348 219
person 0.0010 308 203 315 216
boat 0.8946 135 193 429 258
boat 0.1882 361 240 427 249
boat 0.0890 361 232 430 250
boat 0.0523 406 215 432 238
boat 0.0340 363 216 432 249
boat 0.0135 135 230 160 247
boat 0.0128 135 229 150 238
boat 0.0127 385 221 417 245
boat 0.0110 384 241 409 247
boat 0.0076 134 229 203 258
boat 0.0070 396 242 410 247
boat 0.0058 404 233 430 246
boat 0.0043 363 239 386 249
boat 0.0040 419 232 429 243
boat 0.0035 134 229 167 256
boat 0.0028 361 242 380 249
boat 0.0025 417 217 432 234
boat 0.0024 398 239 429 247
boat 0.0020 403 225 433 242
boat 0.0019 414 236 429 247
boat 0.0016 379 236 421 247
boat 0.0014 158 236 203 256
boat 0.0013 158 234 173 242
boat 0.0012 0 323 8 360
boat 0.0012 391 221 416 233
boat 0.0011 174 196 387 221
bird 0.0402 0 335 8 363
bird 0.0157 0 335 7 348
bird 0.0019 496 134 499 141
bird 0.0018 361 243 373 249
pottedplant 0.0492 42 326 56 336
pottedplant 0.0019 260 204 282 222
pottedplant 0.0011 262 204 279 213
