person 0.9422 236 124 321 292
person 0.0044 256 125 273 164
bottle 0.8338 407 256 419 297
bottle 0.0011 461 283 481 313
pottedplant 0.9046 266 244 362 354
pottedplant 0.5997 461 270 495 337
pottedplant 0.4166 432 265 462 286
pottedplant 0.2273 425 274 467 303
pottedplant 0.1032 471 303 494 337
pottedplant 0.0293 431 245 462 288
pottedplant 0.0204 397 242 429 263
pottedplant 0.0175 395 243 433 292
pottedplant 0.0041 279 300 334 353
pottedplant 0.0033 334 126 384 252
pottedplant 0.0021 412 223 467 296
pottedplant 0.0019 422 247 469 306
pottedplant 0.0019 4 363 34 412
pottedplant 0.0015 460 283 481 313
pottedplant 0.0014 318 227 348 249
pottedplant 0.0012 394 208 430 263
pottedplant 0.0012 485 282 494 311
