car 0.0209 192 20 305 64
car 0.0016 58 9 434 81
cat 0.8795 15 57 298 370
cat 0.0176 202 54 274 86
chair 0.2632 0 2 135 98
chair 0.2521 195 0 346 62
chair 0.0386 201 21 312 60
chair 0.0308 0 1 77 62
chair 0.0307 21 5 143 55
chair 0.0275 0 12 95 152
chair 0.0211 200 20 261 47
chair 0.0202 99 21 143 54
chair 0.0143 198 1 298 47
chair 0.0125 54 20 144 52
chair 0.0110 52 19 146 96
chair 0.0095 0 32 18 151
chair 0.0083 267 0 350 57
chair 0.0028 100 47 147 91
chair 0.0023 0 22 25 67
chair 0.0023 164 19 282 67
chair 0.0021 268 0 298 29
chair 0.0021 0 24 74 81
chair 0.0015 99 24 166 91
chair 0.0013 0 29 38 153
chair 0.0011 0 179 140 371
chair 0.0011 110 3 336 73
diningtable 0.0107 8 17 145 60
diningtable 0.0036 42 58 122 100
diningtable 0.0030 -2 8 151 100
diningtable 0.0014 64 47 126 61
