person 0.0305 76 232 238 336
person 0.0050 39 38 458 338
person 0.0031 75 234 154 335
person 0.0025 67 12 262 335
chair 0.1636 438 147 498 334
chair 0.0010 149 241 217 267
pottedplant 0.8249 129 4 440 334
pottedplant 0.0792 323 84 497 333
pottedplant 0.0496 202 170 325 335
pottedplant 0.0134 434 92 498 330
pottedplant 0.0062 309 125 429 327
pottedplant 0.0034 49 159 432 337
pottedplant 0.0033 372 87 446 329
pottedplant 0.0014 402 86 496 173
pottedplant 0.0010 401 88 436 172
pottedplant 0.0010 38 49 217 313
diningtable 0.0088 3 285 496 369
diningtable 0.0031 -9 214 496 346
tvmonitor 0.0014 2 -37 86 327
