person 0.6854 350 8 380 93
person 0.3843 444 4 499 71
person 0.1383 265 0 300 78
person 0.0328 456 69 480 102
person 0.0120 266 12 285 77
person 0.0108 156 122 199 161
person 0.0086 473 13 500 71
person 0.0058 195 1 210 45
person 0.0049 444 3 499 36
person 0.0020 260 110 319 156
person 0.0020 471 39 498 71
person 0.0020 11 352 43 402
person 0.0012 493 7 499 68
person 0.0011 352 0 386 44
person 0.0010 159 4 193 42
person 0.0010 357 0 386 26
car 0.9403 96 70 436 326
car 0.0028 291 22 352 47
car 0.0023 294 20 324 46
car 0.0018 276 1 356 47
