chair 0.0011 0 252 20 269
pottedplant 0.6835 344 199 360 219
pottedplant 0.5419 86 192 101 204
pottedplant 0.3126 167 191 186 201
pottedplant 0.1685 132 200 226 238
pottedplant 0.0529 34 193 43 209
pottedplant 0.0517 48 57 152 198
pottedplant 0.0302 7 73 36 139
pottedplant 0.0192 49 79 152 146
pottedplant 0.0154 210 5 359 210
pottedplant 0.0129 210 57 304 210
pottedplant 0.0049 350 209 360 218
pottedplant 0.0048 0 60 36 263
pottedplant 0.0044 207 127 231 207
pottedplant 0.0042 1 103 25 140
pottedplant 0.0042 251 197 264 204
pottedplant 0.0039 106 146 117 164
pottedplant 0.0038 355 200 360 210
pottedplant 0.0027 -1 72 35 114
pottedplant 0.0025 121 183 144 206
pottedplant 0.0015 23 111 34 122
pottedplant 0.0015 80 127 120 154
pottedplant 0.0014 153 195 201 214
pottedplant 0.0014 21 188 40 211
pottedplant 0.0014 89 204 114 216
pottedplant 0.0013 313 92 359 208
pottedplant 0.0011 137 197 217 221
pottedplant 0.0010 315 106 359 153
pottedplant 0.0010 12 187 32 215
pottedplant 0.0010 319 183 349 211
