bottle 0.0097 425 32 431 63
bottle 0.0049 418 32 426 64
bottle 0.0021 47 293 130 373
bottle 0.0021 407 31 415 64
bottle 0.0013 419 33 426 49
bottle 0.0010 413 38 420 63
chair 0.9097 387 154 482 304
chair 0.5286 170 201 339 331
chair 0.0419 405 158 424 180
chair 0.0113 459 208 500 312
chair 0.0064 392 154 448 255
chair 0.0055 192 202 262 230
chair 0.0036 459 290 500 311
chair 0.0031 405 160 481 250
chair 0.0024 171 201 261 276
chair 0.0013 391 154 417 260
chair 0.0012 404 155 431 206
chair 0.0012 41 290 130 374
chair 0.0011 406 158 424 168
sofa 0.7677 170 201 339 331
sofa 0.0014 170 203 263 261
diningtable 0.0174 40 288 364 372
diningtable 0.0038 47 331 134 374
diningtable 0.0022 421 122 499 195
diningtable 0.0013 409 149 499 308
diningtable 0.0012 41 290 130 374
diningtable 0.0011 348 333 500 371
tvmonitor 0.8800 449 115 500 168
tvmonitor 0.0813 319 198 361 234
tvmonitor 0.0196 489 137 499 184
tvmonitor 0.0137 479 207 499 285
tvmonitor 0.0097 492 137 500 168
