person 0.9502 22 0 142 244
person 0.8873 150 0 198 42
person 0.5652 296 1 394 72
person 0.1615 484 0 499 22
person 0.0388 475 0 499 66
person 0.0357 479 0 499 35
person 0.0117 300 0 484 74
person 0.0036 140 0 155 44
person 0.0018 293 16 358 71
cat 0.0013 0 70 17 84
dog 0.9608 89 83 373 280
bottle 0.0036 141 0 155 44
bottle 0.0023 136 22 143 44
chair 0.0257 16 18 36 83
chair 0.0209 494 42 500 76
chair 0.0078 0 6 16 56
chair 0.0073 284 53 298 69
chair 0.0060 130 67 216 89
chair 0.0047 296 1 392 73
chair 0.0028 135 39 253 73
chair 0.0022 478 18 499 78
chair 0.0020 131 47 161 74
chair 0.0019 300 2 482 75
chair 0.0019 0 7 36 83
chair 0.0016 57 146 267 287
chair 0.0011 0 45 19 84
sofa 0.0269 124 66 214 117
sofa 0.0179 16 59 225 107
sofa 0.0136 16 19 36 83
sofa 0.0083 15 36 238 87
sofa 0.0063 129 67 216 89
sofa 0.0036 19 38 220 165
sofa 0.0034 0 79 43 216
sofa 0.0034 0 52 19 84
sofa 0.0030 0 39 37 98
sofa 0.0025 0 76 37 98
sofa 0.0024 15 5 252 104
sofa 0.0023 0 71 17 84
diningtable 0.6036 132 38 251 72
diningtable 0.0094 15 35 251 80
diningtable 0.0091 134 8 248 71
diningtable 0.0062 0 82 46 219
diningtable 0.0053 36 45 502 270
diningtable 0.0039 132 38 239 56
diningtable 0.0017 162 49 239 68
diningtable 0.0013 42 135 502 313
diningtable 0.0011 -11 0 316 77
