person 0.0429 473 269 484 293
person 0.0254 151 222 157 230
person 0.0237 480 278 485 289
person 0.0112 483 272 492 291
person 0.0099 414 265 420 281
person 0.0084 480 274 490 290
person 0.0056 6 199 17 209
person 0.0052 150 222 159 235
person 0.0044 324 186 330 198
person 0.0043 137 217 146 227
person 0.0034 125 220 132 226
person 0.0028 99 223 106 237
person 0.0028 474 270 479 279
person 0.0024 472 269 479 291
person 0.0022 142 221 148 228
person 0.0020 94 222 106 241
person 0.0020 10 202 17 210
person 0.0019 157 227 161 238
person 0.0015 323 224 332 234
person 0.0015 153 226 160 239
person 0.0014 439 272 444 281
person 0.0014 170 269 176 275
person 0.0011 395 265 437 289
car 0.0820 73 194 96 208
car 0.0675 50 199 68 209
car 0.0216 132 237 160 252
car 0.0178 39 203 49 210
car 0.0134 16 203 37 211
car 0.0133 481 265 499 299
car 0.0126 80 202 91 208
car 0.0113 3 194 15 202
car 0.0106 14 193 38 211
car 0.0094 5 199 17 209
car 0.0072 50 199 60 209
car 0.0051 39 200 56 208
car 0.0036 0 198 6 207
car 0.0020 130 219 137 226
car 0.0019 121 227 134 249
car 0.0018 1 188 15 196
car 0.0014 55 191 76 208
car 0.0013 129 241 140 250
car 0.0012 149 229 159 238
car 0.0012 122 240 132 249
car 0.0010 39 192 64 204
aeroplane 0.9220 130 108 435 211
aeroplane 0.0243 12 181 76 198
aeroplane 0.0028 133 164 358 214
aeroplane 0.0021 324 110 434 184
aeroplane 0.0019 281 155 315 165
aeroplane 0.0014 -3 229 196 298
aeroplane 0.0013 369 169 438 184
aeroplane 0.0012 400 170 436 177
bus 0.8411 309 212 414 244
bus 0.7625 188 215 309 249
bus 0.0791 314 188 410 215
bus 0.0547 190 211 416 248
bus 0.0512 16 182 76 200
bus 0.0302 127 227 160 252
bus 0.0200 312 195 457 228
bus 0.0080 310 198 398 214
bus 0.0023 298 214 342 244
bus 0.0015 188 219 201 244
bus 0.0011 262 213 323 247
bus 0.0010 189 217 212 246
boat 0.0017 216 48 257 91
