person 0.8667 397 60 464 173
person 0.8516 442 40 471 113
person 0.8285 152 40 179 78
person 0.8242 311 69 379 167
person 0.7408 264 70 321 160
person 0.7231 423 38 449 64
person 0.6813 151 72 210 202
person 0.4881 67 34 81 64
person 0.3968 123 73 174 111
person 0.2897 205 38 217 67
person 0.1559 21 33 31 50
person 0.1513 439 37 452 54
person 0.1254 297 37 311 54
person 0.1220 265 70 320 114
person 0.0764 257 35 265 46
person 0.0331 153 72 209 136
person 0.0317 63 34 75 57
person 0.0232 204 38 217 51
person 0.0227 276 35 292 53
person 0.0204 152 74 173 109
person 0.0196 67 34 76 47
person 0.0194 100 75 200 197
person 0.0126 0 40 9 51
person 0.0125 496 86 499 121
person 0.0117 0 40 14 66
person 0.0113 155 73 173 94
person 0.0096 122 89 155 109
person 0.0095 59 43 69 57
person 0.0090 490 49 499 121
person 0.0081 290 33 311 55
person 0.0081 123 74 184 139
person 0.0056 202 40 209 54
person 0.0052 124 23 134 37
person 0.0033 202 41 211 66
person 0.0033 316 27 330 85
person 0.0030 169 47 176 60
person 0.0030 411 40 458 95
person 0.0026 317 28 330 50
person 0.0025 423 26 431 37
person 0.0023 101 17 121 45
person 0.0022 164 74 210 112
person 0.0022 410 48 472 118
person 0.0021 255 33 265 62
person 0.0021 98 41 110 60
person 0.0016 155 41 176 62
person 0.0016 494 66 499 121
person 0.0015 270 57 295 88
person 0.0015 0 37 7 47
person 0.0014 21 33 29 44
person 0.0013 66 34 73 44
person 0.0012 97 39 121 62
person 0.0012 132 72 325 198
person 0.0012 292 36 314 79
person 0.0011 98 27 119 57
person 0.0011 278 42 480 176
person 0.0011 152 88 172 121
person 0.0010 210 38 217 46
person 0.0010 443 40 469 78
person 0.0010 445 46 453 55
bicycle 0.0087 61 45 80 64
car 0.0623 153 30 203 69
car 0.0265 191 84 208 103
car 0.0154 495 37 500 62
car 0.0138 251 8 459 98
car 0.0132 494 46 499 76
car 0.0097 204 75 253 109
car 0.0068 0 40 14 58
car 0.0065 0 38 10 52
car 0.0063 0 17 31 65
car 0.0057 127 73 220 103
car 0.0051 495 82 500 121
car 0.0030 153 30 194 44
car 0.0028 490 57 499 80
car 0.0026 351 3 497 97
car 0.0026 154 30 193 37
car 0.0022 0 44 31 66
car 0.0019 0 67 18 96
car 0.0018 261 13 361 95
car 0.0016 423 37 449 63
car 0.0016 54 7 157 82
car 0.0014 216 73 239 83
car 0.0013 495 31 499 46
car 0.0012 205 73 240 91
car 0.0011 187 52 253 96
car 0.0011 0 45 33 95
car 0.0010 491 36 500 76
car 0.0010 257 27 320 87
motorbike 0.9089 384 99 461 196
motorbike 0.8959 295 104 379 196
motorbike 0.8628 255 96 315 183
motorbike 0.8054 101 103 199 206
motorbike 0.1021 59 42 80 63
motorbike 0.0779 99 104 140 190
motorbike 0.0525 59 43 74 58
motorbike 0.0213 99 138 133 188
motorbike 0.0204 444 76 470 113
motorbike 0.0087 123 73 215 106
motorbike 0.0066 303 115 317 155
motorbike 0.0062 111 137 176 206
motorbike 0.0035 192 84 208 104
motorbike 0.0034 146 73 174 93
motorbike 0.0027 122 92 150 108
motorbike 0.0026 172 127 201 160
motorbike 0.0025 462 73 480 86
motorbike 0.0018 398 70 422 96
motorbike 0.0015 292 96 464 200
motorbike 0.0011 186 130 201 158
bus 0.0627 252 1 463 96
bus 0.0477 354 1 498 95
bus 0.0292 256 8 361 92
bus 0.0288 86 7 157 76
bus 0.0258 153 30 203 68
bus 0.0078 463 0 499 47
bus 0.0059 490 0 499 39
chair 0.0033 82 63 126 105
