person 0.9220 251 83 359 184
person 0.9173 0 158 160 372
person 0.9110 294 92 410 216
person 0.8928 24 87 153 310
person 0.8398 149 87 224 159
person 0.8360 445 292 499 373
person 0.7751 370 105 491 272
person 0.7409 474 200 499 278
person 0.6442 93 86 135 188
person 0.1869 142 362 177 375
person 0.0268 24 86 124 226
person 0.0181 156 49 181 72
person 0.0153 444 201 499 277
person 0.0057 0 83 13 107
person 0.0048 82 92 111 211
person 0.0047 109 362 177 376
person 0.0031 29 271 151 316
person 0.0024 94 85 132 140
person 0.0023 4 277 159 370
person 0.0022 0 159 84 335
person 0.0021 453 197 499 367
person 0.0020 394 284 501 372
person 0.0019 22 44 29 57
person 0.0017 356 91 409 211
person 0.0017 99 145 135 177
person 0.0016 29 37 45 59
person 0.0013 0 22 11 68
person 0.0013 23 215 115 319
person 0.0011 415 236 499 337
person 0.0010 111 334 176 375
person 0.0010 156 49 181 123
bottle 0.7155 207 50 215 77
bottle 0.6319 198 50 207 77
bottle 0.1734 219 178 229 193
bottle 0.1279 292 261 306 287
bottle 0.0638 338 75 345 97
bottle 0.0582 237 64 243 76
bottle 0.0464 211 182 221 193
bottle 0.0432 344 81 352 98
bottle 0.0311 190 56 200 74
bottle 0.0311 492 136 499 158
bottle 0.0276 360 82 371 101
bottle 0.0145 331 78 339 96
bottle 0.0135 30 36 45 59
bottle 0.0112 353 84 361 100
bottle 0.0109 182 52 189 76
bottle 0.0096 216 53 222 76
bottle 0.0080 188 59 193 75
bottle 0.0073 245 259 259 286
bottle 0.0059 185 60 190 77
bottle 0.0049 341 64 353 98
bottle 0.0046 234 64 239 76
bottle 0.0043 180 50 187 75
bottle 0.0043 22 28 29 57
bottle 0.0029 273 59 278 71
bottle 0.0027 243 64 251 75
bottle 0.0025 361 70 379 102
bottle 0.0024 246 61 256 74
bottle 0.0023 369 68 379 94
bottle 0.0022 199 50 206 62
bottle 0.0020 267 67 289 84
bottle 0.0019 340 63 351 81
bottle 0.0018 489 136 500 169
bottle 0.0016 477 148 488 165
bottle 0.0016 218 58 224 76
bottle 0.0015 347 71 360 99
bottle 0.0014 246 63 252 73
bottle 0.0012 32 35 39 45
bottle 0.0011 362 82 369 93
bottle 0.0010 167 50 249 84
bottle 0.0010 253 64 264 77
chair 0.2181 133 114 163 154
chair 0.1939 0 348 24 374
chair 0.0543 474 203 499 276
chair 0.0525 27 273 74 315
chair 0.0202 357 145 364 161
chair 0.0195 454 95 480 134
chair 0.0140 481 161 500 218
chair 0.0139 315 100 367 153
chair 0.0137 453 95 482 171
chair 0.0118 0 301 35 374
chair 0.0111 32 338 104 374
chair 0.0072 485 190 499 217
chair 0.0066 133 112 144 142
chair 0.0064 142 130 161 152
chair 0.0060 489 199 500 219
chair 0.0056 145 130 177 161
chair 0.0050 141 121 162 134
chair 0.0048 145 135 161 161
chair 0.0041 461 158 476 175
chair 0.0034 136 87 225 159
chair 0.0034 476 151 488 189
chair 0.0034 24 272 149 315
chair 0.0034 147 127 221 161
chair 0.0032 100 111 140 171
chair 0.0031 386 193 493 269
chair 0.0030 163 95 182 115
chair 0.0025 103 331 120 374
chair 0.0025 0 277 57 373
chair 0.0020 124 116 149 163
chair 0.0020 0 277 142 373
chair 0.0019 252 143 271 160
chair 0.0017 493 198 500 215
chair 0.0016 293 93 408 215
chair 0.0016 447 259 499 283
chair 0.0015 138 133 238 171
chair 0.0015 355 107 368 158
chair 0.0015 133 121 146 156
chair 0.0014 475 163 490 219
chair 0.0013 491 163 499 217
chair 0.0011 477 170 486 187
chair 0.0011 135 112 143 131
pottedplant 0.0065 481 95 500 166
pottedplant 0.0055 488 98 500 193
pottedplant 0.0021 0 54 15 108
pottedplant 0.0020 0 36 15 89
pottedplant 0.0016 247 62 291 88
pottedplant 0.0015 340 64 360 99
pottedplant 0.0013 402 89 431 108
pottedplant 0.0010 458 95 495 172
diningtable 0.7660 97 150 486 371
diningtable 0.0560 483 135 499 197
diningtable 0.0168 487 157 499 168
diningtable 0.0090 161 89 277 115
diningtable 0.0080 157 80 366 133
diningtable 0.0065 150 89 277 155
diningtable 0.0056 480 161 500 218
diningtable 0.0052 489 147 499 168
diningtable 0.0052 210 92 272 109
diningtable 0.0033 130 242 449 372
diningtable 0.0029 461 96 498 196
diningtable 0.0026 170 77 397 177
diningtable 0.0026 102 153 340 307
diningtable 0.0026 367 347 449 374
diningtable 0.0022 180 83 327 111
diningtable 0.0021 112 154 277 196
diningtable 0.0021 238 83 360 174
diningtable 0.0019 403 91 460 113
diningtable 0.0019 488 160 499 183
diningtable 0.0018 479 99 499 211
diningtable 0.0017 408 93 434 107
diningtable 0.0012 156 149 237 188
