person 0.8416 1 12 213 376
person 0.0080 167 16 264 353
person 0.0023 36 231 190 371
person 0.0017 138 15 223 371
person 0.0011 81 18 427 355
cat 0.1209 278 234 417 314
dog 0.9566 25 153 259 332
dog 0.0860 277 234 417 314
dog 0.0024 23 158 126 336
bottle 0.7421 390 158 405 210
bottle 0.0279 392 158 404 183
bottle 0.0089 479 293 500 372
bottle 0.0070 270 83 283 112
bottle 0.0051 390 185 404 209
bottle 0.0042 405 167 425 217
bottle 0.0022 489 297 499 372
bottle 0.0015 491 301 499 345
bottle 0.0015 259 110 272 130
bottle 0.0013 298 120 304 132
bottle 0.0011 404 166 417 207
bottle 0.0010 175 70 193 107
chair 0.0211 185 202 267 349
chair 0.0019 0 272 48 371
chair 0.0013 0 137 10 165
sofa 0.0062 0 270 49 372
pottedplant 0.0015 0 137 10 164
diningtable 0.0238 202 311 482 372
diningtable 0.0060 226 265 484 360
