person 0.0107 31 30 59 49
person 0.0103 32 30 81 53
person 0.0095 126 38 143 51
person 0.0059 0 40 8 49
person 0.0028 1 28 74 50
person 0.0023 84 41 90 47
person 0.0022 8 30 81 64
person 0.0022 48 31 82 100
person 0.0017 159 26 177 66
person 0.0016 32 33 49 49
person 0.0016 112 37 145 95
person 0.0014 193 122 206 143
person 0.0014 114 38 145 65
person 0.0014 95 202 112 256
person 0.0013 111 42 124 58
person 0.0013 174 17 208 72
person 0.0012 63 238 94 269
person 0.0011 159 17 184 47
person 0.0010 15 89 32 109
person 0.0010 0 187 30 237
person 0.0010 112 37 144 53
person 0.0010 128 15 160 50
person 0.0010 0 9 36 49
car 0.0386 46 31 81 53
car 0.0110 0 40 32 49
car 0.0101 0 29 80 53
car 0.0032 0 32 37 49
car 0.0025 0 40 9 49
car 0.0025 183 43 203 48
car 0.0020 0 37 17 49
car 0.0019 33 30 132 55
car 0.0019 135 31 161 49
car 0.0016 53 31 97 49
car 0.0015 159 23 176 47
car 0.0014 159 17 193 47
car 0.0012 17 19 164 56
car 0.0012 127 26 145 34
car 0.0011 15 32 33 43
car 0.0010 134 18 180 49
car 0.0010 79 30 97 47
aeroplane 0.0027 0 33 37 49
bus 0.0013 13 45 113 111
boat 0.0107 0 40 36 50
boat 0.0023 0 40 8 48
boat 0.0018 4 27 135 56
boat 0.0014 0 43 34 54
boat 0.0013 0 43 7 49
boat 0.0012 0 49 37 60
bird 0.0073 0 41 8 49
bird 0.0027 0 29 80 59
horse 0.8206 5 3 426 267
horse 0.0039 21 29 82 60
horse 0.0022 0 188 97 261
cow 0.0105 21 30 81 53
