person 0.2907 357 103 399 128
person 0.0645 376 105 400 127
person 0.0392 369 69 379 93
person 0.0205 310 109 330 133
person 0.0093 315 109 340 132
person 0.0083 355 109 375 128
person 0.0045 248 116 263 134
person 0.0032 330 110 347 128
person 0.0032 331 111 341 126
person 0.0030 380 116 399 127
person 0.0026 326 110 341 131
person 0.0024 331 109 361 129
person 0.0019 318 110 329 123
person 0.0018 254 119 262 131
person 0.0011 347 103 372 128
person 0.0010 243 108 264 132
car 0.9557 137 91 437 216
car 0.8982 0 114 38 228
car 0.8620 477 129 499 188
car 0.0015 65 101 104 138
car 0.0012 0 112 76 229
car 0.0011 0 53 7 98
car 0.0011 479 131 499 157
dog 0.0263 369 70 380 93
