person 0.1106 224 155 232 162
person 0.0990 268 152 279 162
person 0.0884 242 150 248 160
person 0.0685 272 155 279 162
person 0.0558 206 152 214 162
person 0.0487 249 156 255 162
person 0.0463 109 149 124 172
person 0.0425 150 147 160 162
person 0.0383 287 151 298 163
person 0.0381 159 149 165 162
person 0.0353 460 167 468 193
person 0.0308 198 148 205 162
person 0.0283 321 151 331 164
person 0.0179 223 154 233 168
person 0.0142 175 148 180 160
person 0.0132 186 152 191 161
person 0.0110 262 153 267 162
person 0.0100 220 155 230 162
person 0.0097 195 149 201 161
person 0.0082 78 193 83 202
person 0.0079 190 150 199 162
person 0.0071 7 164 12 175
person 0.0071 169 150 177 161
person 0.0051 185 151 197 161
person 0.0049 254 150 261 162
person 0.0048 263 150 268 162
person 0.0046 199 154 206 162
person 0.0039 463 184 468 193
person 0.0037 246 152 256 162
person 0.0035 351 159 354 170
person 0.0031 239 158 254 169
person 0.0027 250 153 257 162
person 0.0025 284 152 290 163
person 0.0024 180 152 191 161
person 0.0021 304 165 317 197
person 0.0021 258 152 269 162
person 0.0021 245 156 254 166
person 0.0018 171 152 179 160
person 0.0017 123 151 133 171
person 0.0013 308 158 319 198
person 0.0011 68 147 71 159
person 0.0010 80 150 86 161
car 0.0965 0 181 160 369
bus 0.9463 56 122 350 223
bus 0.0449 56 123 110 212
