bottle 0.6842 294 271 309 312
bottle 0.0463 290 275 300 310
bottle 0.0292 310 269 322 290
bottle 0.0094 291 279 297 299
bottle 0.0057 321 247 350 307
bottle 0.0034 338 271 348 308
bottle 0.0020 310 257 343 299
bottle 0.0010 356 109 359 117
chair 0.9487 143 316 319 499
chair 0.9190 154 250 229 288
chair 0.9029 290 308 374 497
chair 0.4906 64 337 146 500
chair 0.4598 52 260 134 305
chair 0.3255 48 262 136 406
chair 0.0267 35 232 146 501
chair 0.0252 231 262 272 278
chair 0.0145 320 247 350 308
chair 0.0042 229 262 297 295
chair 0.0038 21 242 73 422
chair 0.0036 52 269 67 305
chair 0.0034 123 320 313 394
chair 0.0028 269 316 320 495
chair 0.0028 259 302 350 351
chair 0.0024 299 54 375 167
chair 0.0020 142 339 224 496
chair 0.0019 55 267 84 374
chair 0.0019 37 286 275 427
chair 0.0018 197 138 247 160
chair 0.0017 363 369 374 495
chair 0.0016 343 297 374 312
chair 0.0015 139 276 263 311
chair 0.0014 118 473 145 499
chair 0.0013 49 261 221 314
chair 0.0012 224 284 291 325
chair 0.0010 34 285 175 348
pottedplant 0.0437 220 112 238 139
pottedplant 0.0274 225 47 258 59
pottedplant 0.0196 255 114 270 139
pottedplant 0.0108 220 87 264 114
pottedplant 0.0088 220 86 268 139
pottedplant 0.0027 219 47 263 116
diningtable 0.5861 40 275 353 395
diningtable 0.0483 31 293 349 498
diningtable 0.0169 151 277 277 309
diningtable 0.0119 145 275 350 352
diningtable 0.0114 260 302 351 355
diningtable 0.0113 123 319 314 394
diningtable 0.0042 -2 107 392 432
diningtable 0.0038 40 290 188 333
diningtable 0.0024 37 269 345 334
diningtable 0.0021 309 339 342 356
tvmonitor 0.0011 298 55 375 165
