person 0.0615 91 231 96 244
person 0.0415 101 231 107 242
person 0.0344 84 232 90 244
person 0.0144 354 197 361 206
person 0.0113 58 235 65 246
person 0.0071 58 235 67 258
person 0.0064 350 225 355 233
car 0.0125 7 208 20 214
car 0.0091 495 208 500 213
car 0.0067 415 197 488 230
car 0.0025 276 206 298 214
car 0.0021 481 206 499 214
car 0.0016 476 201 484 211
aeroplane 0.9502 5 70 469 240
aeroplane 0.4665 320 195 372 215
aeroplane 0.0163 277 204 304 215
aeroplane 0.0114 0 195 39 212
aeroplane 0.0107 335 200 370 215
aeroplane 0.0071 320 191 431 214
aeroplane 0.0052 0 184 59 206
aeroplane 0.0046 4 205 28 214
aeroplane 0.0046 6 209 20 214
aeroplane 0.0041 0 193 35 203
aeroplane 0.0032 320 197 353 211
aeroplane 0.0031 0 208 20 215
aeroplane 0.0024 277 209 294 214
aeroplane 0.0023 332 193 373 206
aeroplane 0.0018 276 195 377 217
aeroplane 0.0018 341 197 364 210
aeroplane 0.0013 319 201 336 211
aeroplane 0.0011 278 203 326 215
aeroplane 0.0011 369 191 435 209
