person 0.7719 351 175 363 208
person 0.1227 436 182 442 196
person 0.0361 435 182 443 203
person 0.0020 360 165 367 180
person 0.0017 412 185 418 192
person 0.0014 356 173 364 205
person 0.0013 404 164 411 175
person 0.0012 160 139 166 148
bicycle 0.0019 349 192 360 207
car 0.9456 367 180 442 212
car 0.0038 433 182 442 195
car 0.0026 49 171 70 201
car 0.0014 50 177 69 192
car 0.0013 0 187 5 194
car 0.0012 367 194 374 207
train 0.8553 48 114 498 215
train 0.0167 368 139 499 196
train 0.0010 219 126 496 204
