person 0.5431 210 123 225 148
person 0.4911 189 126 210 151
person 0.2707 200 123 224 151
person 0.1831 329 189 340 205
person 0.0812 266 122 281 139
person 0.0619 189 127 204 143
person 0.0376 241 124 256 142
person 0.0106 230 118 256 144
person 0.0103 246 128 256 141
person 0.0058 201 135 213 150
person 0.0049 425 175 430 185
person 0.0047 77 168 84 181
person 0.0045 434 176 439 188
person 0.0039 261 121 274 140
person 0.0034 189 129 198 143
person 0.0031 216 134 224 146
person 0.0021 437 172 447 188
person 0.0020 172 123 200 151
person 0.0020 450 176 456 189
person 0.0019 318 237 329 256
person 0.0019 210 124 220 136
person 0.0019 217 116 264 147
person 0.0019 331 237 337 250
person 0.0018 435 173 441 188
person 0.0017 77 165 90 191
person 0.0015 243 117 272 144
person 0.0012 329 191 341 235
person 0.0012 460 175 464 189
person 0.0010 253 116 286 143
person 0.0010 176 124 193 142
aeroplane 0.9603 35 19 479 243
aeroplane 0.0023 475 11 500 18
