person 0.9562 45 132 120 337
person 0.9560 191 97 334 371
person 0.9449 116 126 224 372
person 0.9067 0 150 34 350
person 0.8969 438 253 499 373
person 0.6955 125 129 167 203
person 0.2905 103 128 167 276
person 0.2116 38 358 102 374
person 0.0221 102 189 141 274
person 0.0074 102 232 126 275
person 0.0037 0 196 6 227
person 0.0030 101 161 157 349
person 0.0015 436 61 499 374
bottle 0.1782 38 206 44 228
bottle 0.0806 99 197 108 216
bottle 0.0447 37 194 45 227
bottle 0.0444 33 193 39 229
bottle 0.0419 45 239 55 258
bottle 0.0222 43 197 48 227
bottle 0.0130 42 208 47 227
bottle 0.0013 33 209 38 228
bottle 0.0012 45 219 55 255
bottle 0.0010 97 202 102 215
chair 0.9292 396 307 459 374
chair 0.0026 439 307 499 373
chair 0.0021 33 192 52 228
