person 0.5707 4 9 497 328
person 0.0086 469 185 499 328
person 0.0064 155 125 498 328
person 0.0036 366 145 499 325
person 0.0027 130 26 498 237
person 0.0019 52 0 258 344
cat 0.2809 143 116 280 277
cat 0.2624 141 111 390 325
cat 0.0015 149 106 281 196
dog 0.0281 144 115 493 329
chair 0.2137 0 134 65 282
chair 0.0034 53 133 65 218
chair 0.0015 0 139 16 279
sofa 0.3940 7 9 497 329
sofa 0.3239 0 133 65 282
sofa 0.0107 7 4 499 156
sofa 0.0040 0 123 283 308
sofa 0.0035 242 44 499 204
sofa 0.0028 2 270 498 330
sofa 0.0019 -1 170 501 331
sofa 0.0013 0 133 107 327
sofa 0.0013 341 146 499 328
sofa 0.0012 265 4 500 320
tvmonitor 0.0025 0 2 75 135
