person 0.9518 71 115 133 201
person 0.8775 202 75 252 205
person 0.5652 288 102 309 129
person 0.5487 368 156 383 197
person 0.1944 287 102 317 147
person 0.0309 281 110 318 203
person 0.0100 211 75 252 149
person 0.0099 369 156 383 176
person 0.0050 82 114 115 160
person 0.0040 206 82 317 207
person 0.0030 244 106 313 204
person 0.0025 402 162 409 178
person 0.0023 229 77 252 139
person 0.0021 306 123 319 153
person 0.0015 355 156 375 206
person 0.0013 273 159 309 205
person 0.0012 74 122 108 191
boat 0.0059 266 93 278 96
horse 0.9526 146 122 318 277
horse 0.8839 84 130 119 235
horse 0.7994 270 137 371 248
horse 0.7751 340 171 413 215
horse 0.0605 338 167 372 214
horse 0.0126 398 181 412 212
horse 0.0108 337 169 362 193
horse 0.0061 221 157 318 245
horse 0.0035 306 123 319 153
horse 0.0034 321 170 364 213
horse 0.0031 338 154 372 196
horse 0.0030 148 145 243 267
horse 0.0014 353 171 374 215
horse 0.0013 225 196 312 244
