person 0.9120 458 0 500 109
person 0.8974 407 12 438 105
person 0.8885 314 7 340 57
person 0.8579 60 22 95 122
person 0.7977 176 18 199 47
person 0.7676 380 14 396 43
person 0.4165 209 27 220 39
person 0.3703 63 13 82 32
person 0.3380 44 16 64 44
person 0.1114 437 31 456 50
person 0.0860 178 58 237 111
person 0.0595 313 15 321 41
person 0.0512 44 16 53 29
person 0.0430 44 16 65 77
person 0.0250 44 16 54 42
person 0.0174 263 56 325 109
person 0.0172 455 31 462 50
person 0.0130 75 15 82 35
person 0.0101 60 11 84 60
person 0.0082 441 33 452 44
person 0.0054 31 16 40 20
person 0.0054 44 16 61 31
person 0.0048 194 58 220 81
person 0.0047 374 19 494 102
person 0.0043 486 53 499 107
person 0.0031 298 15 321 40
person 0.0031 211 18 222 38
person 0.0030 282 65 339 110
person 0.0029 64 13 76 25
person 0.0028 487 0 499 19
person 0.0028 230 20 239 37
person 0.0021 15 21 94 122
person 0.0021 60 28 78 52
person 0.0016 179 18 190 32
person 0.0016 197 31 203 41
person 0.0016 219 14 239 38
person 0.0014 431 14 438 25
person 0.0013 229 12 241 36
person 0.0012 419 11 438 27
person 0.0012 230 28 238 38
person 0.0012 167 18 205 71
person 0.0011 59 22 88 79
person 0.0011 432 26 495 98
bicycle 0.5439 152 40 177 73
bicycle 0.4541 117 37 134 87
bicycle 0.4126 95 38 134 87
bicycle 0.1719 15 87 49 120
bicycle 0.1545 15 73 69 120
bicycle 0.0391 95 45 110 70
bicycle 0.0322 143 40 167 74
bicycle 0.0195 155 40 177 59
bicycle 0.0137 14 49 107 120
bicycle 0.0135 152 57 161 73
bicycle 0.0079 12 20 56 120
bicycle 0.0054 120 56 134 87
bicycle 0.0037 118 39 173 80
bicycle 0.0023 15 90 100 121
bicycle 0.0014 116 36 125 55
bicycle 0.0012 154 41 166 58
bicycle 0.0011 4 62 125 154
bicycle 0.0011 60 63 94 117
bicycle 0.0010 65 70 80 98
car 0.9281 76 34 430 321
car 0.8640 363 25 500 104
car 0.0101 435 29 463 51
car 0.0027 142 36 339 110
car 0.0012 377 29 480 48
chair 0.0212 485 71 499 109
chair 0.0011 486 97 499 109
