person 0.9541 208 37 332 370
person 0.9354 315 78 432 371
person 0.1735 493 164 500 195
person 0.0986 488 321 499 373
person 0.0040 0 248 2 263
person 0.0040 487 269 499 371
person 0.0034 494 164 499 181
person 0.0018 0 249 11 285
person 0.0012 483 162 500 198
person 0.0010 490 177 499 196
person 0.0010 0 248 4 275
bicycle 0.0313 411 224 456 343
bicycle 0.0077 122 236 172 273
bicycle 0.0025 194 240 212 290
bicycle 0.0022 72 260 156 365
bicycle 0.0019 163 240 217 368
bicycle 0.0012 97 237 218 365
car 0.0185 0 248 6 285
car 0.0092 0 249 12 285
car 0.0040 0 250 46 285
car 0.0034 0 203 7 211
car 0.0031 28 198 43 206
car 0.0029 0 268 4 285
car 0.0025 0 166 10 173
car 0.0021 0 287 26 304
car 0.0020 0 266 11 285
car 0.0017 107 194 134 200
car 0.0017 0 274 6 285
car 0.0011 180 129 191 134
car 0.0011 155 154 162 158
aeroplane 0.0244 110 179 204 200
aeroplane 0.0082 156 179 203 198
aeroplane 0.0020 125 179 174 199
aeroplane 0.0014 129 181 145 199
aeroplane 0.0013 157 180 180 198
aeroplane 0.0011 106 180 146 200
aeroplane 0.0010 90 164 204 200
boat 0.0044 70 125 86 139
boat 0.0014 197 123 231 143
boat 0.0010 397 128 418 138
boat 0.0010 206 181 211 188
horse 0.0023 0 249 45 284
cow 0.0015 0 248 3 263
chair 0.2274 411 224 456 343
chair 0.0197 197 326 219 374
chair 0.0115 430 229 456 289
chair 0.0053 163 240 218 366
chair 0.0034 189 239 243 369
chair 0.0028 488 324 499 370
chair 0.0018 428 233 451 320
chair 0.0012 411 287 448 342
chair 0.0011 195 264 221 371
diningtable 0.0015 451 183 499 371
diningtable 0.0013 420 217 460 230
