person 0.9399 186 134 257 269
person 0.0376 494 159 499 170
person 0.0264 97 178 131 202
person 0.0249 103 178 126 193
person 0.0141 494 159 500 220
person 0.0102 494 158 499 188
person 0.0089 94 177 107 196
person 0.0084 169 152 190 178
person 0.0072 339 154 352 188
person 0.0046 179 152 188 162
person 0.0042 155 178 175 186
person 0.0042 300 147 305 156
person 0.0026 152 179 176 199
person 0.0026 123 177 142 184
person 0.0016 257 178 277 238
person 0.0015 145 174 176 185
person 0.0015 161 176 177 186
person 0.0015 143 195 160 203
person 0.0015 108 175 131 191
person 0.0014 94 193 123 203
person 0.0014 334 151 359 190
person 0.0013 245 178 257 204
person 0.0012 416 173 427 193
person 0.0012 463 171 482 203
person 0.0011 142 174 164 184
person 0.0010 94 178 116 201
person 0.0010 187 142 221 218
car 0.9596 39 162 205 297
car 0.0147 269 145 296 163
car 0.0097 168 153 190 178
car 0.0084 359 146 383 161
car 0.0072 242 143 296 162
car 0.0061 243 142 269 161
car 0.0045 478 256 499 270
car 0.0024 222 142 266 163
car 0.0021 303 188 313 194
car 0.0019 280 147 296 164
car 0.0017 414 170 459 193
car 0.0015 322 144 384 166
car 0.0012 227 142 256 151
