person 0.9268 1 71 367 500
person 0.0188 322 416 374 499
person 0.0130 323 243 374 499
person 0.0030 93 54 240 260
person 0.0028 36 36 124 168
person 0.0010 327 242 374 349
person 0.0010 0 358 20 500
dog 0.0161 342 241 374 332
dog 0.0011 346 241 375 281
bottle 0.0853 280 292 344 342
bottle 0.0216 285 329 326 362
chair 0.3134 128 71 276 254
chair 0.0482 0 354 7 414
chair 0.0177 204 307 238 342
chair 0.0091 36 63 295 276
chair 0.0051 0 354 16 417
chair 0.0041 0 183 62 416
chair 0.0029 322 155 374 238
chair 0.0015 0 352 13 496
chair 0.0013 0 481 6 500
sofa 0.1607 128 71 276 254
sofa 0.0152 345 242 375 332
sofa 0.0117 0 68 262 491
sofa 0.0077 12 35 267 258
sofa 0.0038 0 218 376 499
sofa 0.0030 0 183 60 336
sofa 0.0023 0 1 63 189
sofa 0.0019 198 257 374 497
sofa 0.0016 322 154 374 239
sofa 0.0012 0 187 65 495
sofa 0.0011 171 399 371 500
pottedplant 0.0015 180 0 198 5
diningtable 0.0472 203 294 375 422
diningtable 0.0030 202 244 376 499
diningtable 0.0011 322 188 374 239
