person 0.8158 37 69 54 104
person 0.8013 332 79 357 114
person 0.7230 146 72 166 93
person 0.6269 51 69 74 94
person 0.3721 175 78 190 88
person 0.3625 208 79 217 97
person 0.2558 0 103 14 123
person 0.2129 66 99 103 126
person 0.1173 60 72 75 93
person 0.1107 89 102 111 127
person 0.0340 237 109 276 141
person 0.0241 119 120 128 129
person 0.0173 100 105 112 125
person 0.0166 119 104 137 126
person 0.0164 272 118 291 148
person 0.0114 210 113 234 135
person 0.0066 113 85 117 92
person 0.0059 236 110 259 139
person 0.0054 64 83 74 93
person 0.0054 5 77 10 85
person 0.0051 247 118 291 149
person 0.0050 48 68 74 123
person 0.0046 189 79 197 87
person 0.0041 0 104 6 117
person 0.0034 50 68 66 110
person 0.0033 195 111 211 124
person 0.0031 353 85 364 96
person 0.0029 332 86 342 105
person 0.0028 346 100 372 115
person 0.0028 61 100 72 110
person 0.0028 186 79 191 87
person 0.0027 322 91 340 106
person 0.0027 51 79 63 95
person 0.0026 97 79 103 84
person 0.0024 215 100 279 144
person 0.0023 107 78 113 83
person 0.0022 64 100 76 112
person 0.0022 137 105 153 122
person 0.0022 119 119 133 148
person 0.0022 239 108 253 134
person 0.0022 295 89 313 105
person 0.0021 90 117 103 127
person 0.0020 66 87 73 92
person 0.0020 117 106 130 129
person 0.0018 217 113 251 137
person 0.0018 212 80 221 97
person 0.0017 427 103 440 112
person 0.0016 145 80 153 94
person 0.0016 121 104 134 118
person 0.0015 215 112 229 131
person 0.0015 46 99 76 122
person 0.0011 145 88 151 95
person 0.0011 30 77 34 82
person 0.0010 317 88 324 95
person 0.0010 94 78 98 84
person 0.0010 147 105 158 122
car 0.9330 0 91 182 215
car 0.9127 0 167 61 329
car 0.9105 328 93 429 170
car 0.9096 41 95 360 291
car 0.8885 146 88 211 114
car 0.8581 439 94 478 129
car 0.8556 0 94 39 125
car 0.8036 407 95 458 144
car 0.5814 456 89 486 117
car 0.5776 241 84 323 114
car 0.4992 316 90 340 118
car 0.1483 317 103 340 119
car 0.1157 491 183 499 202
car 0.1059 477 98 486 116
car 0.0881 317 90 338 104
car 0.0515 402 89 435 97
car 0.0359 328 97 390 141
car 0.0350 443 100 459 137
car 0.0339 346 94 392 114
car 0.0224 238 85 313 101
car 0.0175 367 91 391 98
car 0.0149 402 90 437 106
car 0.0135 308 89 321 100
car 0.0133 0 102 17 125
car 0.0112 333 93 424 116
car 0.0112 360 90 456 141
car 0.0099 496 101 500 106
car 0.0092 457 89 484 100
car 0.0069 491 156 499 202
car 0.0063 171 86 320 107
car 0.0061 355 91 391 99
car 0.0058 343 98 375 115
car 0.0053 211 86 245 97
car 0.0053 354 88 365 96
car 0.0047 491 182 499 232
car 0.0047 373 91 435 106
car 0.0039 496 97 500 106
car 0.0036 469 99 483 120
car 0.0035 367 91 414 100
car 0.0035 0 94 39 165
car 0.0033 418 90 437 96
car 0.0033 343 91 409 106
car 0.0028 355 91 377 97
car 0.0027 242 84 332 144
car 0.0027 437 93 479 108
car 0.0023 458 97 479 124
car 0.0023 308 88 319 95
car 0.0021 378 88 440 96
car 0.0021 496 90 500 100
car 0.0016 489 97 494 104
car 0.0015 291 88 340 120
car 0.0014 183 86 332 124
car 0.0013 141 72 155 83
car 0.0013 495 122 499 133
car 0.0013 189 84 211 96
car 0.0012 95 69 202 95
car 0.0011 299 85 322 105
car 0.0010 0 94 37 105
motorbike 0.0053 469 181 500 293
