person 0.0692 0 0 46 65
person 0.0048 314 0 381 19
person 0.0043 0 0 22 64
person 0.0033 0 1 47 137
person 0.0028 313 0 339 19
person 0.0016 0 329 52 373
person 0.0011 467 180 500 356
bottle 0.6803 283 20 323 118
bottle 0.4336 338 22 369 75
bottle 0.3873 239 62 276 134
bottle 0.3606 367 0 411 88
bottle 0.0958 331 10 341 49
bottle 0.0614 310 23 332 52
bottle 0.0321 336 70 368 105
bottle 0.0291 319 47 352 81
bottle 0.0050 117 132 155 174
bottle 0.0028 242 62 273 82
bottle 0.0024 310 26 322 70
bottle 0.0017 373 0 392 21
bottle 0.0012 375 0 409 26
chair 0.0253 429 0 499 42
chair 0.0214 0 0 47 66
chair 0.0189 190 0 231 29
chair 0.0158 430 0 498 18
chair 0.0094 0 326 4 370
chair 0.0050 158 0 202 23
chair 0.0047 366 0 440 20
chair 0.0037 219 7 231 27
chair 0.0032 192 0 357 26
chair 0.0030 313 0 339 18
chair 0.0023 160 0 187 12
chair 0.0021 0 327 7 374
chair 0.0021 488 30 499 43
chair 0.0019 0 1 20 63
chair 0.0016 0 3 45 135
chair 0.0016 319 0 385 20
chair 0.0014 403 0 438 19
chair 0.0013 431 0 446 18
chair 0.0011 159 0 168 12
chair 0.0011 364 0 384 19
chair 0.0010 188 0 206 28
sofa 0.0290 0 0 46 65
sofa 0.0021 0 0 22 64
pottedplant 0.0195 287 0 319 22
pottedplant 0.0025 285 0 323 70
diningtable 0.6962 0 13 499 371
diningtable 0.0563 2 4 494 142
diningtable 0.0315 164 113 513 411
diningtable 0.0113 1 2 498 62
diningtable 0.0073 3 36 267 356
diningtable 0.0041 189 0 230 28
diningtable 0.0040 4 268 497 371
diningtable 0.0030 462 32 499 89
diningtable 0.0025 188 -1 345 28
diningtable 0.0013 0 15 265 145
diningtable 0.0013 401 25 485 85
diningtable 0.0011 302 4 544 47
