person 0.9515 155 64 255 332
person 0.9206 27 0 143 371
person 0.8779 83 26 165 367
person 0.7987 0 115 42 271
person 0.6621 0 234 26 371
person 0.1885 6 116 29 153
person 0.1375 160 89 180 111
person 0.0754 81 36 137 131
person 0.0689 153 85 184 233
person 0.0450 0 116 30 187
person 0.0207 82 34 159 198
person 0.0116 155 88 181 153
person 0.0052 107 112 162 358
person 0.0038 0 136 18 184
person 0.0025 102 64 163 250
person 0.0024 0 132 34 369
person 0.0021 0 196 39 271
person 0.0020 23 130 29 154
person 0.0018 0 141 9 181
person 0.0016 0 137 18 155
person 0.0013 0 162 9 189
person 0.0012 -1 234 56 372
person 0.0010 138 56 170 307
bottle 0.6172 120 106 138 139
bottle 0.2113 120 108 142 162
bottle 0.0027 247 194 254 209
bottle 0.0013 243 184 255 210
bottle 0.0013 241 193 255 221
bottle 0.0010 117 71 128 96
chair 0.2064 466 201 500 251
chair 0.0366 156 177 186 278
chair 0.0309 241 189 265 272
chair 0.0252 489 337 499 370
chair 0.0157 457 209 475 220
chair 0.0147 242 207 294 274
chair 0.0142 345 222 395 273
chair 0.0134 457 207 474 257
chair 0.0114 0 185 41 268
chair 0.0097 154 361 258 374
chair 0.0036 0 343 5 374
chair 0.0033 0 188 5 241
chair 0.0026 239 190 255 213
chair 0.0025 489 291 499 370
chair 0.0025 337 219 448 321
chair 0.0024 466 200 499 369
chair 0.0023 0 334 14 374
chair 0.0022 0 205 4 238
chair 0.0022 336 216 363 225
chair 0.0020 152 181 163 235
chair 0.0019 0 189 22 270
chair 0.0017 254 207 294 218
chair 0.0016 159 179 184 239
chair 0.0012 485 200 499 366
chair 0.0010 243 200 294 219
sofa 0.3489 466 201 499 250
sofa 0.0059 457 206 475 257
sofa 0.0021 467 200 499 216
pottedplant 0.0251 156 177 187 279
diningtable 0.0619 243 211 293 274
diningtable 0.0030 168 206 295 274
diningtable 0.0015 252 207 294 220
diningtable 0.0015 241 212 367 280
diningtable 0.0014 243 205 295 228
tvmonitor 0.5149 367 132 441 204
tvmonitor 0.0577 0 92 30 150
tvmonitor 0.0339 0 21 51 99
tvmonitor 0.0108 351 149 376 165
tvmonitor 0.0097 307 72 386 161
tvmonitor 0.0079 367 133 400 193
tvmonitor 0.0013 372 135 398 169
tvmonitor 0.0011 0 91 31 104
tvmonitor 0.0010 473 137 489 156
tvmonitor 0.0010 304 68 337 156
