bird 0.0046 297 295 308 307
bird 0.0018 171 111 196 130
cat 0.0014 297 294 309 307
bottle 0.0089 235 239 243 257
bottle 0.0053 269 263 278 290
chair 0.0886 125 206 133 238
chair 0.0028 124 199 136 217
chair 0.0017 124 199 135 208
chair 0.0013 357 311 457 332
pottedplant 0.9009 71 251 128 299
pottedplant 0.8248 34 142 84 307
pottedplant 0.1750 35 143 73 226
pottedplant 0.0573 269 142 304 184
pottedplant 0.0572 343 250 367 308
pottedplant 0.0159 47 270 83 307
pottedplant 0.0150 270 143 285 184
pottedplant 0.0129 280 142 303 163
pottedplant 0.0065 279 151 292 161
pottedplant 0.0039 288 145 302 161
pottedplant 0.0018 45 198 84 303
pottedplant 0.0011 268 142 299 224
pottedplant 0.0011 288 142 298 151
tvmonitor 0.0100 313 144 336 159
tvmonitor 0.0022 306 131 357 182
