person 0.6457 68 24 478 345
person 0.1251 0 254 159 343
person 0.0200 199 85 236 182
person 0.0067 87 255 158 338
person 0.0063 205 85 232 133
person 0.0060 418 128 499 334
person 0.0049 248 96 264 110
person 0.0046 259 29 277 53
person 0.0033 244 95 268 127
person 0.0030 381 78 421 136
person 0.0026 86 244 242 340
person 0.0017 -5 118 265 326
person 0.0011 479 136 499 248
bottle 0.0040 417 120 428 139
bottle 0.0030 473 125 478 138
bottle 0.0026 466 126 472 137
bottle 0.0016 452 120 462 136
bottle 0.0016 449 121 454 136
bottle 0.0016 428 118 438 136
bottle 0.0016 468 123 476 136
bottle 0.0012 473 123 482 138
bottle 0.0010 434 125 440 136
bottle 0.0010 477 123 483 139
chair 0.0148 414 132 499 340
chair 0.0070 429 113 453 136
chair 0.0036 481 121 499 139
chair 0.0023 471 191 499 317
chair 0.0020 451 120 466 136
chair 0.0018 437 113 453 126
chair 0.0014 428 121 438 136
chair 0.0014 454 121 488 139
chair 0.0013 475 122 490 139
chair 0.0012 151 247 254 343
chair 0.0011 259 29 278 54
chair 0.0010 1 178 168 287
sofa 0.7698 0 177 168 285
sofa 0.0373 1 176 222 341
sofa 0.0323 -1 174 494 341
sofa 0.0061 0 236 162 342
sofa 0.0036 415 127 499 335
sofa 0.0021 105 242 255 341
sofa 0.0018 422 131 500 196
pottedplant 0.0023 431 114 455 136
diningtable 0.0016 422 119 494 138
tvmonitor 0.3516 225 17 279 54
tvmonitor 0.0118 415 45 499 125
