person 0.0103 490 202 499 304
person 0.0038 223 101 231 122
person 0.0029 265 119 294 145
person 0.0013 15 0 24 16
motorbike 0.9344 64 96 371 301
motorbike 0.0024 265 120 294 145
motorbike 0.0021 244 84 381 269
motorbike 0.0017 320 85 381 204
bird 0.0039 44 175 64 191
bird 0.0018 17 141 39 152
chair 0.0415 297 135 323 168
chair 0.0385 324 129 354 183
chair 0.0073 267 137 294 165
chair 0.0058 352 154 410 214
chair 0.0050 388 154 414 213
chair 0.0036 289 132 325 189
chair 0.0035 294 129 352 185
chair 0.0026 316 85 382 203
chair 0.0018 269 134 295 145
chair 0.0013 313 134 327 170
chair 0.0012 404 163 415 183
