person 0.7682 78 117 138 367
person 0.0041 79 116 138 241
bird 0.0207 186 272 197 280
sheep 0.9565 86 235 201 397
sheep 0.9430 218 265 309 406
sheep 0.9280 302 267 374 365
sheep 0.9092 204 248 295 315
sheep 0.5378 360 328 374 358
sheep 0.2285 130 253 174 279
sheep 0.0317 294 309 320 362
sheep 0.0086 86 320 124 369
sheep 0.0083 87 241 310 400
sheep 0.0065 352 279 374 290
sheep 0.0038 88 236 130 272
sheep 0.0024 297 268 314 311
sheep 0.0013 86 236 132 373
sheep 0.0011 161 253 174 278
sheep 0.0011 351 327 376 363
sheep 0.0010 300 268 373 289
bottle 0.0018 281 333 293 349
