person 0.8021 55 138 90 183
person 0.7474 138 57 241 262
person 0.2909 55 138 72 182
person 0.2027 137 57 267 411
person 0.0126 59 159 91 182
person 0.0123 57 162 68 182
person 0.0101 279 134 288 146
person 0.0051 64 147 72 163
person 0.0028 56 139 71 160
person 0.0021 121 139 131 150
person 0.0019 64 142 76 172
person 0.0018 132 140 141 149
person 0.0016 128 139 136 150
person 0.0015 252 146 271 170
person 0.0014 256 143 270 162
bicycle 0.0111 57 162 69 182
car 0.9188 292 133 332 175
car 0.8636 0 142 45 183
car 0.8442 235 127 315 170
car 0.5337 70 134 145 181
car 0.0157 0 145 15 182
car 0.0112 66 154 86 169
car 0.0046 70 152 101 179
car 0.0042 315 132 333 146
car 0.0024 70 151 94 168
car 0.0020 57 138 106 180
car 0.0013 233 150 255 178
car 0.0010 236 127 313 146
car 0.0010 2 143 89 183
dog 0.9596 27 238 275 436
dog 0.0030 232 149 255 183
dog 0.0025 145 369 224 404
dog 0.0012 213 173 276 364
chair 0.9065 256 167 294 216
chair 0.0911 129 241 143 268
chair 0.0072 58 165 68 182
chair 0.0060 134 214 269 380
chair 0.0038 284 181 294 214
chair 0.0037 129 239 177 269
chair 0.0029 215 162 276 352
chair 0.0026 216 282 259 307
chair 0.0024 57 163 90 181
chair 0.0014 256 166 284 175
diningtable 0.3149 265 216 332 379
diningtable 0.0078 183 213 331 379
