person 0.9418 216 71 462 364
person 0.9379 0 102 127 371
person 0.0134 481 280 499 299
person 0.0107 459 280 499 326
person 0.0050 24 19 63 63
person 0.0032 479 280 499 319
person 0.0026 14 18 67 92
person 0.0017 494 279 500 287
bottle 0.0246 276 32 295 64
bottle 0.0084 244 28 264 64
bottle 0.0039 211 18 229 65
bottle 0.0016 224 29 237 65
bottle 0.0011 286 28 305 63
chair 0.4093 469 173 499 314
chair 0.0236 388 172 494 319
chair 0.0019 483 279 499 297
chair 0.0010 0 114 16 163
sofa 0.7174 7 171 496 368
sofa 0.0201 211 163 498 324
sofa 0.0178 468 172 499 312
sofa 0.0145 1 283 495 370
sofa 0.0070 391 172 499 317
sofa 0.0026 0 170 232 370
sofa 0.0025 -2 138 504 279
sofa 0.0010 171 68 486 365
pottedplant 0.0170 320 0 386 61
pottedplant 0.0012 232 0 323 63
pottedplant 0.0011 340 6 373 60
diningtable 0.0946 456 280 499 328
diningtable 0.0858 442 281 499 371
diningtable 0.0745 137 333 499 373
diningtable 0.0206 50 309 383 367
diningtable 0.0192 185 288 499 373
diningtable 0.0106 149 352 294 374
diningtable 0.0104 12 336 376 373
diningtable 0.0090 387 281 499 371
diningtable 0.0079 289 347 447 374
diningtable 0.0059 217 347 388 374
diningtable 0.0036 32 337 159 373
diningtable 0.0029 477 279 499 301
diningtable 0.0029 215 351 302 374
diningtable 0.0026 376 359 443 374
diningtable 0.0019 154 366 246 374
diningtable 0.0013 454 307 475 328
diningtable 0.0013 378 361 500 374
diningtable 0.0012 381 336 500 374
