person 0.6606 388 193 404 223
person 0.1798 111 146 142 195
person 0.1576 297 195 326 215
person 0.1064 336 193 352 214
person 0.0603 88 181 96 205
person 0.0437 372 194 402 223
person 0.0435 335 194 360 219
person 0.0236 490 158 499 224
person 0.0195 367 194 380 222
person 0.0162 416 183 421 189
person 0.0150 301 196 317 211
person 0.0137 352 194 380 222
person 0.0128 87 182 99 218
person 0.0126 75 195 94 220
person 0.0124 244 191 261 208
person 0.0121 312 195 329 215
person 0.0085 341 193 370 215
person 0.0071 63 143 71 163
person 0.0063 318 193 350 221
person 0.0058 346 193 359 205
person 0.0056 300 194 355 224
person 0.0054 40 191 67 215
person 0.0053 81 183 90 198
person 0.0048 252 189 266 209
person 0.0045 315 195 337 219
person 0.0044 235 198 248 209
person 0.0043 238 195 255 209
person 0.0038 95 187 105 220
person 0.0037 111 154 123 191
person 0.0037 491 212 497 224
person 0.0032 297 150 311 160
person 0.0027 407 182 420 190
person 0.0027 416 182 427 190
person 0.0027 388 193 437 225
person 0.0025 290 202 304 217
person 0.0023 16 183 65 215
person 0.0021 245 186 271 210
person 0.0021 101 187 105 212
person 0.0019 24 193 58 215
person 0.0018 256 186 274 210
person 0.0018 418 201 438 223
person 0.0017 422 208 437 223
person 0.0017 254 194 264 210
person 0.0015 322 126 333 138
person 0.0015 112 176 131 194
person 0.0014 47 128 60 138
person 0.0014 97 186 103 200
person 0.0013 407 196 423 218
person 0.0013 388 192 400 211
person 0.0013 126 131 140 139
person 0.0013 407 196 437 223
person 0.0012 416 182 430 199
person 0.0012 128 174 141 194
person 0.0012 317 195 328 207
person 0.0010 65 175 80 195
person 0.0010 320 198 331 220
person 0.0010 31 134 38 140
car 0.9574 238 179 496 298
car 0.9104 2 176 148 312
car 0.8100 207 183 288 259
car 0.0090 32 200 121 310
car 0.0072 374 173 421 189
car 0.0065 67 194 94 220
car 0.0058 421 182 496 224
car 0.0057 83 220 148 289
car 0.0041 397 182 420 190
car 0.0030 3 176 68 219
car 0.0028 332 174 409 187
car 0.0027 65 174 93 197
car 0.0014 91 185 104 220
car 0.0013 472 173 492 182
car 0.0012 437 202 493 224
car 0.0012 65 175 80 195
car 0.0010 376 173 400 184
car 0.0010 80 196 94 221
bus 0.9646 101 112 343 239
bus 0.7679 2 112 95 207
bus 0.0015 88 148 95 169
bus 0.0010 64 171 96 196
dog 0.0050 111 148 141 194
