person 0.0017 417 129 423 137
person 0.0015 482 143 488 149
person 0.0012 364 197 369 205
person 0.0012 367 133 371 143
person 0.0011 394 134 400 143
person 0.0010 456 131 462 138
car 0.0644 0 143 9 148
car 0.0046 492 130 499 135
car 0.0043 469 131 479 137
car 0.0043 495 131 500 135
car 0.0039 221 144 233 149
car 0.0030 495 194 500 201
car 0.0026 458 134 469 138
car 0.0023 351 141 368 148
car 0.0020 471 130 480 136
car 0.0016 488 129 497 135
car 0.0013 228 145 235 150
car 0.0013 15 145 25 151
car 0.0012 483 196 498 206
car 0.0012 235 144 241 149
car 0.0012 486 194 499 204
car 0.0010 234 143 243 149
aeroplane 0.9341 11 86 494 213
aeroplane 0.0592 110 134 149 149
aeroplane 0.0509 188 139 208 149
aeroplane 0.0066 95 117 151 150
aeroplane 0.0055 45 89 148 154
aeroplane 0.0055 483 194 499 206
aeroplane 0.0030 0 143 10 150
aeroplane 0.0027 185 137 220 150
aeroplane 0.0024 213 150 490 214
aeroplane 0.0019 192 193 254 213
aeroplane 0.0014 0 140 9 148
aeroplane 0.0013 178 139 191 148
aeroplane 0.0013 193 193 234 207
boat 0.0033 289 48 315 64
bird 0.0012 30 221 35 225
