person 0.2155 0 245 32 370
person 0.0030 0 63 33 372
person 0.0016 0 22 65 368
person 0.0014 0 243 82 369
bottle 0.0013 344 205 370 232
chair 0.2252 476 32 499 107
chair 0.0130 5 -3 452 351
chair 0.0122 377 0 429 66
chair 0.0068 377 0 499 100
chair 0.0054 489 57 499 98
chair 0.0032 330 0 381 62
chair 0.0025 492 69 499 95
chair 0.0021 409 273 499 371
chair 0.0021 463 0 499 106
chair 0.0019 110 0 217 26
chair 0.0016 0 0 44 57
chair 0.0016 174 24 334 141
chair 0.0015 408 0 459 88
chair 0.0012 0 2 123 56
chair 0.0011 0 3 325 58
chair 0.0010 360 1 379 61
sofa 0.8056 2 2 467 371
sofa 0.0429 105 49 340 313
sofa 0.0168 409 273 499 371
sofa 0.0014 10 1 477 61
sofa 0.0012 1 9 194 350
sofa 0.0010 2 224 478 371
