person 0.0040 337 191 343 198
person 0.0018 255 207 261 215
person 0.0013 272 207 281 215
person 0.0011 0 39 21 366
car 0.0536 259 176 268 182
car 0.0296 33 246 48 256
car 0.0196 39 209 54 216
car 0.0151 59 251 86 267
car 0.0083 64 251 85 261
car 0.0054 250 202 264 209
car 0.0053 211 197 222 204
car 0.0046 128 167 140 174
car 0.0042 259 175 279 182
car 0.0013 23 216 35 221
car 0.0010 154 169 162 174
aeroplane 0.8434 119 104 425 178
aeroplane 0.7826 78 194 476 348
aeroplane 0.0272 368 203 474 349
aeroplane 0.0075 109 105 454 312
aeroplane 0.0052 78 293 473 348
aeroplane 0.0020 117 117 325 169
