person 0.9351 122 41 292 227
person 0.6628 201 18 250 69
person 0.6423 336 59 479 261
person 0.6148 273 19 296 49
person 0.6050 122 25 164 107
person 0.3808 435 23 451 34
person 0.3534 381 19 399 67
person 0.3212 131 26 162 61
person 0.2602 449 25 461 36
person 0.1457 200 35 221 68
person 0.1192 367 19 400 74
person 0.0382 234 46 249 72
person 0.0329 126 33 137 50
person 0.0328 177 33 204 68
person 0.0317 174 51 196 73
person 0.0219 145 39 499 322
person 0.0213 450 25 463 42
person 0.0203 433 24 459 62
person 0.0174 382 20 393 34
person 0.0174 163 40 200 83
person 0.0115 273 20 301 99
person 0.0106 143 69 271 166
person 0.0103 180 33 200 51
person 0.0102 108 38 121 49
person 0.0100 0 49 7 58
person 0.0096 85 31 127 66
person 0.0088 275 19 292 37
person 0.0079 188 48 205 69
person 0.0076 177 50 191 67
person 0.0071 151 48 166 81
person 0.0061 294 24 307 36
person 0.0053 374 19 393 40
person 0.0053 124 33 139 56
person 0.0050 105 46 126 68
person 0.0050 201 35 220 50
person 0.0045 440 34 461 62
person 0.0039 447 27 471 61
person 0.0039 93 32 123 50
person 0.0038 153 48 165 62
person 0.0032 171 36 183 53
person 0.0030 107 35 125 64
person 0.0024 449 26 474 45
person 0.0024 107 40 124 54
person 0.0020 153 32 187 87
person 0.0020 118 141 212 228
person 0.0019 72 32 88 48
person 0.0018 121 49 134 102
person 0.0018 285 23 307 49
person 0.0018 308 196 408 301
person 0.0017 467 38 473 45
person 0.0017 347 17 413 71
person 0.0016 289 25 303 36
person 0.0016 378 51 390 69
person 0.0016 435 34 483 63
person 0.0014 189 34 203 49
person 0.0014 175 73 236 162
person 0.0013 397 39 419 74
person 0.0013 162 32 183 53
person 0.0013 350 110 386 151
person 0.0012 207 42 286 139
person 0.0012 282 45 299 100
person 0.0012 74 46 92 66
person 0.0012 0 58 6 72
person 0.0011 221 46 248 70
person 0.0011 142 26 159 45
person 0.0011 164 49 182 67
person 0.0010 411 29 501 264
person 0.0010 335 103 466 185
person 0.0010 224 18 249 45
car 0.4227 291 18 371 72
car 0.1100 480 32 498 44
car 0.1097 182 19 285 53
car 0.1071 73 31 127 65
car 0.0774 31 45 75 67
car 0.0463 0 53 35 70
car 0.0275 243 23 294 47
car 0.0267 0 48 68 69
car 0.0196 0 50 7 59
car 0.0184 124 36 138 51
car 0.0149 86 32 126 52
car 0.0095 290 18 326 36
car 0.0074 291 20 312 36
car 0.0074 0 50 21 63
car 0.0069 470 32 495 44
car 0.0064 31 35 127 68
car 0.0060 0 51 10 72
car 0.0058 369 26 388 43
car 0.0047 471 33 499 60
car 0.0040 494 32 499 45
car 0.0035 10 44 73 59
car 0.0032 436 36 499 66
car 0.0027 254 19 357 47
car 0.0026 182 27 225 49
car 0.0024 49 48 93 63
car 0.0023 242 39 266 52
car 0.0023 182 18 233 39
car 0.0022 335 31 386 59
car 0.0020 126 37 135 45
car 0.0019 15 43 38 59
car 0.0017 347 19 412 70
car 0.0016 380 11 419 19
car 0.0016 183 26 227 37
car 0.0014 242 26 269 51
car 0.0013 248 24 280 43
car 0.0012 73 32 89 48
car 0.0012 60 49 79 61
car 0.0010 285 23 308 49
car 0.0010 42 48 74 62
car 0.0010 489 28 499 46
motorbike 0.8180 0 58 60 104
motorbike 0.7904 40 136 313 262
motorbike 0.7260 168 140 499 326
motorbike 0.5968 123 55 155 107
motorbike 0.5457 66 54 125 101
motorbike 0.3927 285 72 354 132
motorbike 0.3662 286 36 390 131
motorbike 0.2804 335 28 390 75
motorbike 0.2767 129 83 202 153
motorbike 0.2353 33 48 85 99
motorbike 0.1671 100 51 127 101
motorbike 0.1452 161 52 198 89
motorbike 0.1064 157 63 192 107
motorbike 0.0839 286 33 500 133
motorbike 0.0740 65 62 93 100
motorbike 0.0633 0 52 36 70
motorbike 0.0568 338 33 498 262
motorbike 0.0480 132 50 165 103
motorbike 0.0349 151 53 166 95
motorbike 0.0303 131 55 241 154
motorbike 0.0263 461 247 499 327
motorbike 0.0239 408 33 500 121
motorbike 0.0234 0 48 68 69
motorbike 0.0214 363 30 398 75
motorbike 0.0195 273 23 302 65
motorbike 0.0195 248 161 315 207
motorbike 0.0189 159 83 184 108
motorbike 0.0189 177 40 206 72
motorbike 0.0168 155 48 208 114
motorbike 0.0152 460 159 499 326
motorbike 0.0118 417 35 499 327
motorbike 0.0104 160 64 187 87
motorbike 0.0100 50 61 81 99
motorbike 0.0096 31 49 73 69
motorbike 0.0090 198 36 221 69
motorbike 0.0084 364 49 390 76
motorbike 0.0081 110 70 125 101
motorbike 0.0081 150 51 177 86
motorbike 0.0065 201 130 313 238
motorbike 0.0060 123 83 318 230
motorbike 0.0053 150 65 184 97
motorbike 0.0050 120 54 135 106
motorbike 0.0040 140 78 151 107
motorbike 0.0039 280 37 302 62
motorbike 0.0039 313 25 454 76
motorbike 0.0037 16 54 36 68
motorbike 0.0031 105 76 222 236
motorbike 0.0029 12 47 39 67
motorbike 0.0029 191 52 213 72
motorbike 0.0027 0 58 58 80
motorbike 0.0027 486 151 499 193
motorbike 0.0027 288 45 303 66
motorbike 0.0026 161 72 224 111
motorbike 0.0023 366 27 387 57
motorbike 0.0022 108 53 131 81
motorbike 0.0021 0 55 18 74
motorbike 0.0021 77 75 104 101
motorbike 0.0019 36 58 72 92
motorbike 0.0019 199 95 364 262
motorbike 0.0019 486 150 499 241
motorbike 0.0018 170 54 197 77
motorbike 0.0017 152 68 165 102
motorbike 0.0016 335 38 368 63
motorbike 0.0016 67 62 89 75
motorbike 0.0015 80 84 101 101
motorbike 0.0015 351 110 386 151
motorbike 0.0014 322 35 498 86
motorbike 0.0013 121 54 134 82
motorbike 0.0013 90 57 114 79
motorbike 0.0012 127 79 151 105
motorbike 0.0012 416 34 500 82
motorbike 0.0012 239 131 303 185
motorbike 0.0011 0 84 18 101
motorbike 0.0011 59 59 85 78
motorbike 0.0011 96 47 126 77
motorbike 0.0011 109 60 124 78
motorbike 0.0010 164 53 181 69
motorbike 0.0010 159 77 226 157
motorbike 0.0010 376 41 394 70
motorbike 0.0010 252 183 302 202
