person 0.0599 440 112 447 128
person 0.0213 204 123 240 154
person 0.0127 438 97 448 128
person 0.0106 204 122 231 141
person 0.0043 0 134 15 146
person 0.0024 313 117 346 148
person 0.0021 214 123 240 144
person 0.0020 190 118 218 141
person 0.0017 217 121 258 155
person 0.0016 169 117 210 149
person 0.0013 284 120 347 150
person 0.0013 163 119 193 149
person 0.0013 190 119 230 154
person 0.0012 0 200 16 234
person 0.0010 184 123 210 153
person 0.0010 0 115 17 146
car 0.9339 0 151 391 329
car 0.9032 225 109 484 208
car 0.7839 0 283 198 331
car 0.7329 83 102 453 230
car 0.3034 1 110 213 183
car 0.1821 21 86 103 113
car 0.0894 194 162 421 227
car 0.0571 -1 136 403 221
car 0.0386 0 96 4 110
car 0.0152 0 111 104 146
car 0.0125 77 105 347 179
car 0.0087 148 151 454 303
car 0.0061 226 110 312 151
car 0.0052 223 110 443 167
car 0.0046 -1 132 105 153
car 0.0042 0 114 18 127
car 0.0040 0 96 10 110
car 0.0030 9 128 95 146
car 0.0027 334 124 477 208
car 0.0027 0 275 387 331
car 0.0023 0 147 56 185
car 0.0016 77 104 154 122
car 0.0013 0 110 58 120
car 0.0013 74 104 169 143
car 0.0012 224 110 270 132
car 0.0012 -2 135 239 202
