person 0.0012 25 0 46 23
bird 0.0051 167 371 199 392
cat 0.0162 15 79 104 164
bottle 0.6897 298 243 341 326
bottle 0.0011 153 107 161 132
chair 0.6641 170 25 317 136
chair 0.0212 287 20 374 224
chair 0.0026 162 25 334 255
chair 0.0018 166 85 296 150
pottedplant 0.7712 312 0 371 39
pottedplant 0.1019 294 0 321 24
pottedplant 0.0147 237 0 300 22
pottedplant 0.0132 361 0 374 21
pottedplant 0.0048 349 1 375 54
pottedplant 0.0045 269 0 328 27
pottedplant 0.0045 367 0 374 19
pottedplant 0.0034 353 0 374 28
pottedplant 0.0022 348 0 371 9
pottedplant 0.0013 282 0 301 23
pottedplant 0.0012 364 0 374 39
pottedplant 0.0012 295 0 320 11
pottedplant 0.0012 346 0 372 19
diningtable 0.4811 19 82 375 478
diningtable 0.0029 264 34 373 479
diningtable 0.0014 3 27 321 138
diningtable 0.0011 23 294 374 474
tvmonitor 0.3163 158 140 291 297
tvmonitor 0.1106 56 87 291 299
tvmonitor 0.0034 64 98 169 292
