person 0.6629 3 82 499 324
person 0.1201 244 90 499 327
person 0.1009 11 153 205 284
person 0.0249 10 61 312 289
person 0.0200 10 175 405 330
person 0.0030 411 188 500 330
person 0.0017 336 192 419 329
person 0.0012 53 249 96 288
cat 0.0010 300 198 360 261
chair 0.7242 287 0 499 163
chair 0.0965 191 44 262 102
chair 0.0846 139 44 269 140
chair 0.0463 106 58 309 227
chair 0.0314 279 2 498 318
chair 0.0216 477 282 499 333
chair 0.0112 0 242 61 330
chair 0.0103 192 43 316 110
chair 0.0067 465 193 499 329
chair 0.0063 121 0 498 189
chair 0.0062 7 37 476 245
chair 0.0060 192 1 383 108
chair 0.0041 98 42 370 168
chair 0.0035 410 196 500 331
chair 0.0029 139 63 213 139
chair 0.0027 329 190 500 330
chair 0.0024 216 44 261 82
chair 0.0022 399 0 500 157
chair 0.0020 484 196 500 329
chair 0.0017 289 0 381 62
chair 0.0017 408 261 493 330
chair 0.0015 290 1 496 79
chair 0.0013 466 0 499 34
chair 0.0011 378 0 462 71
chair 0.0011 375 27 500 291
sofa 0.0546 0 243 60 329
sofa 0.0024 408 262 499 331
sofa 0.0022 329 192 417 328
sofa 0.0019 144 60 308 218
sofa 0.0016 0 237 189 329
diningtable 0.0011 387 1 499 86
