person 0.0027 0 267 30 342
cat 0.5433 49 41 480 366
dog 0.1315 53 43 480 367
bottle 0.0017 0 267 31 342
chair 0.1034 0 0 177 261
chair 0.0059 12 4 496 190
chair 0.0019 176 0 254 97
chair 0.0014 303 7 502 160
chair 0.0013 462 0 499 9
chair 0.0012 485 0 500 5
sofa 0.4088 0 0 175 262
sofa 0.4049 38 40 493 370
sofa 0.0173 296 3 499 151
sofa 0.0054 0 6 33 255
sofa 0.0038 0 2 78 261
sofa 0.0032 0 2 20 97
sofa 0.0026 293 3 499 54
sofa 0.0017 280 5 497 371
sofa 0.0014 3 0 261 371
diningtable 0.0020 6 2 498 106
