person 0.9631 189 332 313 498
person 0.8880 60 322 120 434
person 0.8777 135 334 183 447
person 0.8534 290 319 375 499
person 0.7923 0 343 48 440
person 0.7329 164 303 198 371
person 0.6702 14 303 63 431
person 0.6597 188 344 240 437
person 0.6006 57 315 90 396
person 0.4613 191 307 237 367
person 0.3603 147 310 175 340
person 0.3233 166 307 234 439
person 0.0958 321 363 374 500
person 0.0832 0 307 18 338
person 0.0781 166 365 199 440
person 0.0566 213 344 241 389
person 0.0525 286 317 323 350
person 0.0291 82 303 100 323
person 0.0194 209 296 224 319
person 0.0115 7 318 32 344
person 0.0114 285 317 322 399
person 0.0088 177 295 191 314
person 0.0066 64 314 91 357
person 0.0062 0 307 15 326
person 0.0049 100 347 114 381
person 0.0049 10 304 59 355
person 0.0037 207 295 237 340
person 0.0037 157 310 175 329
person 0.0035 192 306 221 337
person 0.0032 74 311 88 324
person 0.0031 138 298 165 327
person 0.0030 49 320 67 377
person 0.0029 70 312 91 336
person 0.0027 179 304 196 324
person 0.0026 1 294 13 307
person 0.0022 294 298 309 313
person 0.0021 168 296 178 309
person 0.0018 140 309 177 370
person 0.0017 287 317 324 495
person 0.0015 134 306 155 342
person 0.0014 100 350 134 393
person 0.0014 207 344 219 364
person 0.0012 191 336 206 368
person 0.0012 173 298 186 319
person 0.0012 100 346 111 365
person 0.0011 165 296 179 318
person 0.0010 189 379 244 465
person 0.0010 197 305 211 315
person 0.0010 283 364 310 403
cat 0.0010 125 44 184 131
bottle 0.0106 287 494 302 499
bottle 0.0026 119 317 129 347
bottle 0.0021 273 492 284 499
bottle 0.0010 344 309 352 329
diningtable 0.2515 1 428 283 499
diningtable 0.0111 86 459 275 499
