person 0.9000 0 0 38 110
person 0.8884 24 0 77 106
person 0.8741 383 0 435 111
person 0.8705 429 0 479 125
person 0.8254 353 0 389 106
person 0.7145 319 0 363 74
person 0.7025 294 0 317 32
person 0.5005 486 2 499 122
person 0.3683 80 0 125 46
person 0.1950 125 0 162 18
person 0.1090 170 0 209 13
person 0.0767 472 0 499 121
person 0.0520 195 0 239 13
person 0.0480 77 0 93 47
person 0.0381 275 1 296 20
person 0.0381 354 0 388 53
person 0.0308 86 0 124 27
person 0.0242 422 29 437 97
person 0.0239 478 0 499 61
person 0.0198 382 0 396 23
person 0.0194 468 0 490 83
person 0.0167 160 0 183 14
person 0.0156 264 0 280 15
person 0.0146 227 0 241 14
person 0.0125 381 0 397 49
person 0.0096 194 0 210 12
person 0.0090 16 0 35 71
person 0.0080 480 0 499 32
person 0.0072 489 10 499 82
person 0.0066 16 0 32 21
person 0.0063 243 0 277 15
person 0.0057 381 4 399 90
person 0.0055 57 0 125 80
person 0.0051 122 0 163 50
person 0.0042 274 0 316 24
person 0.0039 135 0 189 14
person 0.0036 466 10 481 81
person 0.0032 101 0 125 21
person 0.0029 0 68 18 110
person 0.0029 76 1 85 50
person 0.0029 119 0 129 19
person 0.0027 168 -1 210 25
person 0.0025 351 1 369 79
person 0.0021 413 21 429 96
person 0.0021 238 0 260 14
person 0.0020 274 5 297 31
person 0.0019 470 1 482 53
person 0.0018 489 55 500 122
person 0.0017 425 46 443 103
person 0.0016 273 3 318 39
person 0.0016 168 0 240 18
person 0.0016 142 0 162 15
person 0.0016 319 0 357 43
person 0.0015 0 94 4 111
person 0.0013 22 19 33 87
person 0.0012 308 1 319 32
person 0.0011 0 19 20 109
person 0.0011 14 0 33 40
person 0.0010 116 87 148 131
person 0.0010 241 0 298 26
person 0.0010 290 3 318 69
car 0.7211 0 11 497 368
car 0.0343 3 10 496 94
car 0.0180 0 11 497 188
car 0.0071 162 110 254 133
car 0.0044 0 220 498 370
car 0.0013 0 107 39 135
car 0.0012 152 -48 545 212
