person 0.9333 387 188 423 278
person 0.1978 122 152 154 189
person 0.1355 113 164 133 188
person 0.0310 61 174 87 202
person 0.0249 181 156 194 184
person 0.0169 495 320 499 332
person 0.0142 112 157 155 201
person 0.0086 169 153 193 185
person 0.0084 142 0 174 53
person 0.0080 140 0 201 61
person 0.0047 165 156 194 211
person 0.0032 134 176 156 206
person 0.0030 109 151 136 179
person 0.0028 178 159 194 201
person 0.0026 73 150 114 203
person 0.0024 136 146 154 181
person 0.0022 488 243 499 331
person 0.0022 46 168 76 202
person 0.0020 129 146 182 200
person 0.0020 60 159 82 197
person 0.0017 83 152 109 176
person 0.0017 116 165 129 180
person 0.0016 81 192 101 209
person 0.0016 0 165 18 235
person 0.0012 83 152 127 196
person 0.0011 62 152 99 202
person 0.0011 96 153 110 175
car 0.0168 494 320 499 332
car 0.0018 490 313 499 332
car 0.0017 490 276 499 330
motorbike 0.0027 490 262 500 331
bus 0.9767 31 96 429 303
bus 0.0300 0 143 18 237
bus 0.0015 34 239 426 307
