person 0.7584 30 42 442 331
person 0.1581 19 250 67 334
person 0.0736 11 152 100 334
person 0.0338 11 152 207 333
person 0.0140 26 89 292 312
person 0.0107 429 205 449 248
person 0.0033 412 163 449 248
person 0.0015 427 204 449 327
person 0.0014 430 161 450 245
person 0.0012 242 41 449 332
person 0.0010 3 1 230 276
dog 0.8450 70 124 218 298
dog 0.0027 75 165 156 298
dog 0.0017 333 44 449 273
dog 0.0014 375 83 450 232
bottle 0.0027 0 131 32 158
bottle 0.0022 127 72 150 110
chair 0.0232 321 220 449 335
chair 0.0111 429 205 449 248
sofa 0.2230 321 199 449 335
sofa 0.0369 321 51 450 332
sofa 0.0119 429 205 449 248
sofa 0.0077 2 206 452 333
sofa 0.0012 426 204 449 327
pottedplant 0.0023 2 0 229 162
pottedplant 0.0016 113 0 229 139
pottedplant 0.0013 0 77 61 252
