person 0.5052 3 33 441 498
person 0.0355 85 261 459 497
person 0.0057 254 118 426 215
person 0.0044 93 379 452 499
person 0.0013 0 39 272 411
person 0.0010 0 190 35 431
cat 0.0048 261 122 425 212
cat 0.0037 64 244 289 469
cat 0.0013 29 181 398 486
dog 0.4838 69 124 438 493
dog 0.0038 260 122 425 212
bottle 0.5331 416 155 452 228
chair 0.1172 0 196 268 496
chair 0.0757 0 204 26 249
chair 0.0242 347 261 476 503
chair 0.0119 0 203 56 466
chair 0.0068 257 134 431 214
chair 0.0062 274 169 309 213
chair 0.0057 0 454 231 499
chair 0.0032 253 136 314 215
chair 0.0030 0 355 231 499
chair 0.0015 0 460 42 499
sofa 0.2346 0 79 447 496
sofa 0.1349 349 267 475 498
sofa 0.0170 102 265 469 498
sofa 0.0133 0 204 26 250
sofa 0.0064 8 461 232 499
sofa 0.0046 254 136 314 215
sofa 0.0040 0 459 42 500
sofa 0.0038 273 167 312 214
sofa 0.0028 0 393 453 499
sofa 0.0010 230 114 468 493
sofa 0.0010 414 267 474 498
