person 0.0066 142 154 152 160
person 0.0043 117 81 125 87
person 0.0037 167 95 176 101
person 0.0025 179 93 184 98
person 0.0012 482 167 487 172
person 0.0012 112 81 121 87
person 0.0012 156 91 162 96
aeroplane 0.9426 123 228 367 288
aeroplane 0.9209 227 190 479 256
aeroplane 0.9016 78 151 296 208
aeroplane 0.9015 46 77 284 139
aeroplane 0.8820 349 156 499 208
aeroplane 0.8776 193 112 422 172
aeroplane 0.0193 261 190 333 203
aeroplane 0.0154 475 237 500 250
aeroplane 0.0109 383 152 457 163
aeroplane 0.0091 256 115 307 126
aeroplane 0.0064 350 151 451 167
aeroplane 0.0052 195 115 306 134
aeroplane 0.0049 229 190 331 209
aeroplane 0.0045 212 113 308 125
aeroplane 0.0033 467 227 499 250
aeroplane 0.0011 359 143 451 163
