person 0.2996 93 335 110 362
person 0.2524 201 349 209 361
person 0.0995 209 355 216 361
person 0.0693 102 342 113 365
person 0.0692 184 347 191 356
person 0.0464 175 346 182 354
person 0.0432 117 338 125 352
person 0.0406 181 347 187 354
person 0.0388 112 343 118 354
person 0.0205 184 348 190 364
person 0.0141 163 351 169 363
person 0.0112 133 358 139 364
person 0.0091 129 344 137 351
person 0.0078 137 358 143 364
person 0.0071 192 350 200 358
person 0.0071 285 355 290 360
person 0.0070 133 345 140 350
person 0.0067 117 338 138 352
person 0.0063 143 358 150 364
person 0.0057 108 343 119 361
person 0.0055 28 350 37 359
person 0.0049 129 358 135 364
person 0.0044 122 358 129 365
person 0.0044 300 354 309 360
person 0.0043 279 353 285 358
person 0.0042 292 353 301 359
person 0.0040 168 347 174 353
person 0.0036 41 354 52 361
person 0.0034 69 350 78 365
person 0.0031 127 343 141 351
person 0.0028 287 355 293 359
person 0.0027 178 345 191 354
person 0.0026 86 351 92 365
person 0.0022 69 350 86 366
person 0.0021 281 355 292 366
person 0.0018 64 356 68 365
person 0.0016 119 358 126 366
person 0.0016 103 336 110 345
person 0.0014 115 338 125 359
person 0.0012 104 344 120 367
person 0.0011 211 355 224 362
person 0.0010 128 356 141 364
person 0.0010 161 347 169 353
car 0.0034 76 350 90 365
boat 0.9062 64 76 271 398
boat 0.5925 13 278 53 366
boat 0.2261 14 354 41 366
boat 0.1716 64 344 267 398
boat 0.1204 24 357 41 366
boat 0.0669 39 355 52 367
boat 0.0569 22 355 53 367
boat 0.0514 280 342 374 370
boat 0.0423 279 357 357 370
boat 0.0127 13 357 29 366
boat 0.0075 280 360 292 366
boat 0.0060 67 350 91 366
boat 0.0050 29 280 40 364
boat 0.0042 20 350 48 362
boat 0.0039 29 363 38 370
boat 0.0030 281 353 307 362
boat 0.0028 279 359 298 367
boat 0.0026 288 354 304 360
boat 0.0026 80 82 186 382
boat 0.0025 49 355 67 365
boat 0.0021 232 334 278 359
boat 0.0020 0 343 19 355
boat 0.0020 280 359 312 369
boat 0.0019 40 353 52 363
boat 0.0016 266 354 288 360
boat 0.0016 76 350 90 365
boat 0.0013 0 349 18 355
boat 0.0011 289 354 324 363
boat 0.0011 66 350 78 365
bird 0.0150 176 71 184 77
