bottle 0.8387 96 139 108 164
bottle 0.8334 126 133 136 160
bottle 0.8117 61 143 73 170
bottle 0.2272 142 142 151 157
bottle 0.1819 23 157 36 176
bottle 0.0276 211 170 239 207
bottle 0.0258 147 143 153 157
bottle 0.0021 139 146 145 157
bottle 0.0012 141 144 145 156
bottle 0.0010 24 137 152 169
chair 0.9401 246 203 375 372
chair 0.9173 359 176 452 371
chair 0.7709 204 166 255 208
chair 0.4542 77 186 153 367
chair 0.2901 101 294 222 373
chair 0.2218 80 186 148 241
chair 0.2131 65 189 214 372
chair 0.1716 456 310 499 373
chair 0.0975 230 166 255 204
chair 0.0402 204 172 222 208
chair 0.0353 205 110 254 209
chair 0.0116 212 169 238 207
chair 0.0093 301 100 329 206
chair 0.0073 211 171 245 240
chair 0.0051 456 345 499 373
chair 0.0036 74 198 117 363
chair 0.0035 358 187 425 277
chair 0.0030 411 176 452 366
chair 0.0029 47 197 266 315
chair 0.0025 310 200 374 373
chair 0.0024 286 189 427 370
chair 0.0021 99 203 179 358
chair 0.0014 163 84 295 255
chair 0.0014 455 244 500 373
chair 0.0013 79 196 91 242
chair 0.0011 216 181 235 207
chair 0.0011 300 141 307 148
sofa 0.2586 455 310 499 373
pottedplant 0.0420 205 109 253 210
pottedplant 0.0010 41 44 123 99
diningtable 0.8216 47 185 427 369
diningtable 0.0083 252 187 423 228
diningtable 0.0075 276 188 394 210
diningtable 0.0073 370 193 423 229
diningtable 0.0067 61 182 424 283
diningtable 0.0024 30 230 155 371
diningtable 0.0023 364 193 423 259
diningtable 0.0012 1 101 310 378
diningtable 0.0010 300 138 356 152
