person 0.1101 214 123 246 161
person 0.0260 252 131 292 163
person 0.0161 174 123 202 167
person 0.0126 193 123 246 169
person 0.0075 216 123 237 145
person 0.0039 215 122 279 165
person 0.0036 218 142 246 161
person 0.0026 191 133 228 172
person 0.0026 190 129 204 164
person 0.0026 266 137 295 164
person 0.0025 250 134 271 156
person 0.0019 479 140 500 168
person 0.0016 278 130 300 163
person 0.0016 235 130 272 158
person 0.0013 253 128 280 156
person 0.0012 317 139 348 167
car 0.5028 95 69 395 278
bird 0.0027 237 61 246 77
