person 0.0251 448 247 499 369
person 0.0027 456 117 500 367
person 0.0021 390 247 499 370
bird 0.0182 0 198 6 209
bird 0.0020 221 194 237 205
bottle 0.0085 432 224 442 238
bottle 0.0031 302 227 314 246
bottle 0.0027 421 226 429 246
bottle 0.0021 369 222 375 235
bottle 0.0015 302 234 311 245
chair 0.9171 33 245 173 372
chair 0.8658 199 228 254 328
chair 0.8586 368 247 499 372
chair 0.7282 263 218 300 239
chair 0.3796 253 228 300 321
chair 0.2402 195 222 212 252
chair 0.1897 195 222 215 317
chair 0.1337 275 225 307 311
chair 0.0957 262 218 300 279
chair 0.0322 446 247 499 371
chair 0.0320 260 179 304 334
chair 0.0201 368 322 499 373
chair 0.0178 204 228 246 243
chair 0.0148 284 223 333 287
chair 0.0146 94 345 188 374
chair 0.0110 209 219 249 240
chair 0.0081 36 315 176 373
chair 0.0076 184 231 268 248
chair 0.0063 205 234 297 322
chair 0.0061 246 223 301 246
chair 0.0059 252 202 265 238
chair 0.0046 229 220 248 238
chair 0.0043 196 247 211 294
chair 0.0037 201 224 247 287
chair 0.0036 296 225 313 245
chair 0.0029 199 236 220 305
chair 0.0026 0 207 24 257
chair 0.0025 283 223 300 283
chair 0.0025 438 323 499 373
chair 0.0017 213 223 233 232
chair 0.0017 182 228 269 265
chair 0.0017 301 222 317 233
chair 0.0014 483 324 499 369
chair 0.0013 253 279 292 321
chair 0.0012 32 259 59 323
chair 0.0010 369 330 430 374
sofa 0.1554 33 245 176 372
sofa 0.0720 368 247 499 371
sofa 0.0076 368 326 498 374
sofa 0.0023 0 207 24 257
sofa 0.0011 0 200 37 286
pottedplant 0.8300 64 165 178 299
pottedplant 0.3914 299 221 337 248
pottedplant 0.0231 216 191 264 236
pottedplant 0.0169 237 194 258 207
pottedplant 0.0153 0 190 6 210
pottedplant 0.0148 288 224 334 287
pottedplant 0.0093 267 220 333 247
pottedplant 0.0064 300 225 315 247
pottedplant 0.0049 218 194 237 205
pottedplant 0.0049 149 213 178 234
pottedplant 0.0046 216 181 262 210
pottedplant 0.0044 0 196 8 215
pottedplant 0.0040 126 208 179 264
pottedplant 0.0038 241 193 265 238
pottedplant 0.0035 224 194 257 211
pottedplant 0.0031 0 174 6 209
pottedplant 0.0027 133 205 178 235
pottedplant 0.0023 64 165 152 252
pottedplant 0.0019 147 207 179 252
pottedplant 0.0017 164 204 179 234
pottedplant 0.0016 0 195 24 256
pottedplant 0.0013 88 230 132 301
pottedplant 0.0012 0 156 9 209
pottedplant 0.0011 122 229 148 267
pottedplant 0.0011 120 207 138 233
pottedplant 0.0010 165 203 179 221
pottedplant 0.0010 163 220 177 233
pottedplant 0.0010 264 168 321 292
diningtable 0.3313 200 235 296 322
diningtable 0.2247 201 235 296 252
diningtable 0.0323 250 230 298 320
diningtable 0.0221 293 227 455 364
diningtable 0.0184 0 317 33 373
diningtable 0.0135 239 237 294 251
diningtable 0.0085 290 224 454 257
diningtable 0.0050 197 216 295 253
diningtable 0.0044 198 233 296 279
diningtable 0.0036 245 225 301 245
diningtable 0.0032 244 243 260 250
diningtable 0.0024 253 238 302 247
diningtable 0.0018 221 242 274 251
diningtable 0.0014 179 231 288 258
diningtable 0.0012 288 219 454 287
diningtable 0.0011 291 237 396 255
tvmonitor 0.0137 338 190 364 217
tvmonitor 0.0091 149 229 196 265
tvmonitor 0.0012 0 211 25 259
