car 0.2946 83 0 176 48
car 0.0906 0 0 175 51
car 0.0762 75 0 288 49
car 0.0190 77 0 462 55
car 0.0036 0 0 89 55
car 0.0026 178 0 276 45
car 0.0013 171 0 367 43
car 0.0012 181 0 225 41
chair 0.0049 0 227 79 371
pottedplant 0.8699 227 156 337 257
pottedplant 0.0499 163 45 341 259
pottedplant 0.0250 158 49 289 201
pottedplant 0.0093 346 85 497 190
pottedplant 0.0088 346 1 442 64
pottedplant 0.0085 169 0 298 158
pottedplant 0.0080 347 88 432 169
pottedplant 0.0059 290 86 366 152
pottedplant 0.0041 226 120 287 168
pottedplant 0.0035 296 131 333 154
pottedplant 0.0035 340 5 492 170
pottedplant 0.0028 0 20 45 227
pottedplant 0.0027 177 0 277 50
pottedplant 0.0024 388 7 487 115
pottedplant 0.0023 0 20 43 115
pottedplant 0.0019 71 17 421 369
pottedplant 0.0019 403 14 442 53
pottedplant 0.0019 416 0 500 67
pottedplant 0.0018 169 0 449 64
pottedplant 0.0016 180 91 225 144
pottedplant 0.0014 245 85 300 127
pottedplant 0.0013 260 236 363 335
pottedplant 0.0010 265 160 291 192
pottedplant 0.0010 0 20 55 365
