person 0.7740 401 2 499 369
person 0.7393 298 0 361 76
person 0.7162 91 0 202 72
person 0.5898 423 0 487 127
person 0.5496 294 0 324 77
person 0.2572 283 0 295 36
person 0.1930 80 0 139 62
person 0.1575 79 0 130 27
person 0.0722 462 0 492 27
person 0.0479 443 67 473 149
person 0.0451 455 0 500 73
person 0.0438 0 0 11 33
person 0.0342 2 0 22 35
person 0.0266 440 -8 498 250
person 0.0180 0 201 12 220
person 0.0164 25 0 57 19
person 0.0156 423 40 459 124
person 0.0134 293 0 302 34
person 0.0105 24 0 82 26
person 0.0105 440 16 479 143
person 0.0099 39 0 137 77
person 0.0097 32 0 131 26
person 0.0091 424 0 463 88
person 0.0083 316 0 361 44
person 0.0056 450 0 500 137
person 0.0054 57 0 83 16
person 0.0043 0 170 13 221
person 0.0033 0 0 5 5
person 0.0030 17 0 32 30
person 0.0027 375 0 441 47
person 0.0027 101 1 130 22
person 0.0023 433 89 479 363
person 0.0023 485 268 499 371
person 0.0023 376 0 437 16
person 0.0022 449 0 465 26
person 0.0018 466 0 491 12
person 0.0017 441 60 498 175
person 0.0017 432 169 499 288
person 0.0017 213 0 249 9
person 0.0014 476 4 502 384
person 0.0014 79 0 105 26
person 0.0014 442 0 484 32
person 0.0012 78 3 259 99
person 0.0011 398 251 500 370
person 0.0011 240 0 252 7
person 0.0011 0 111 13 220
person 0.0011 276 0 306 72
person 0.0010 0 0 7 8
person 0.0010 436 172 459 294
person 0.0010 80 0 182 24
motorbike 0.8715 60 20 427 352
motorbike 0.8024 0 1 269 181
motorbike 0.4577 0 1 28 90
motorbike 0.1340 0 1 11 45
motorbike 0.0587 0 0 66 90
motorbike 0.0420 45 1 263 76
motorbike 0.0356 194 5 268 72
motorbike 0.0225 1 0 23 36
motorbike 0.0136 0 0 155 89
motorbike 0.0133 0 38 18 90
motorbike 0.0122 0 201 12 220
motorbike 0.0065 0 0 14 70
motorbike 0.0054 167 33 428 162
motorbike 0.0053 0 44 140 182
motorbike 0.0046 15 0 76 26
motorbike 0.0030 149 2 440 252
motorbike 0.0029 0 70 17 224
motorbike 0.0014 0 201 13 252
motorbike 0.0012 23 4 445 154
motorbike 0.0010 214 34 267 71
chair 0.0010 490 268 499 363
