person 0.9252 0 89 111 280
person 0.9142 252 69 316 152
person 0.8817 327 65 380 171
person 0.8756 381 121 445 193
person 0.8652 357 65 429 182
person 0.8622 162 60 231 143
person 0.8257 57 103 257 370
person 0.7902 15 86 63 159
person 0.7755 128 70 164 106
person 0.6154 408 94 499 296
person 0.4966 0 111 17 179
person 0.0342 361 93 499 360
person 0.0279 128 69 195 148
person 0.0239 1 86 62 203
person 0.0208 0 71 18 144
person 0.0179 367 98 375 107
person 0.0094 106 70 164 123
person 0.0052 97 71 165 168
person 0.0045 0 147 42 370
person 0.0043 5 68 166 156
person 0.0039 0 84 10 123
person 0.0029 497 108 500 121
person 0.0029 0 87 4 118
person 0.0026 167 321 256 373
person 0.0018 0 109 17 130
person 0.0018 0 9 19 159
person 0.0010 406 120 444 172
car 0.0027 123 28 192 67
car 0.0022 160 39 192 65
bottle 0.0082 319 117 331 153
bottle 0.0078 323 120 330 137
bottle 0.0022 321 109 330 136
bottle 0.0015 479 70 491 87
chair 0.8814 407 234 499 372
chair 0.8367 0 224 149 372
chair 0.3568 306 100 321 138
chair 0.3348 0 111 17 181
chair 0.3243 0 162 5 190
chair 0.2999 0 277 39 373
chair 0.1361 375 108 392 129
chair 0.0461 0 174 39 372
chair 0.0317 0 185 20 311
chair 0.0315 111 259 149 373
chair 0.0262 440 143 452 172
chair 0.0232 371 109 392 143
chair 0.0216 317 102 331 153
chair 0.0207 300 99 322 152
chair 0.0195 14 139 34 169
chair 0.0181 0 221 20 273
chair 0.0178 319 135 331 153
chair 0.0126 0 146 12 190
chair 0.0123 0 164 4 219
chair 0.0114 216 113 231 130
chair 0.0112 408 234 450 370
chair 0.0099 0 86 19 126
chair 0.0095 373 334 416 374
chair 0.0085 0 84 30 107
chair 0.0079 252 104 264 133
chair 0.0073 437 118 452 171
chair 0.0068 437 140 447 168
chair 0.0064 0 140 25 190
chair 0.0062 427 111 435 125
chair 0.0050 321 102 330 141
chair 0.0049 28 141 52 158
chair 0.0045 296 99 320 128
chair 0.0045 295 99 306 104
chair 0.0040 0 272 19 308
chair 0.0040 0 220 26 372
chair 0.0039 366 105 392 164
chair 0.0038 294 99 314 115
chair 0.0033 0 163 9 219
chair 0.0032 0 275 79 374
chair 0.0032 367 96 383 108
chair 0.0031 376 108 389 114
chair 0.0029 0 173 3 202
chair 0.0029 435 120 446 164
chair 0.0028 251 105 258 133
chair 0.0028 369 235 423 371
chair 0.0027 312 113 320 152
chair 0.0027 377 208 417 218
chair 0.0026 16 130 30 142
chair 0.0025 0 103 18 129
chair 0.0024 254 102 318 151
chair 0.0022 416 329 499 374
chair 0.0020 410 136 499 410
chair 0.0018 0 155 15 269
chair 0.0017 443 157 452 172
chair 0.0015 0 86 3 107
chair 0.0014 0 79 31 92
chair 0.0013 18 139 35 157
chair 0.0013 406 218 417 233
chair 0.0012 487 350 499 374
chair 0.0012 0 83 7 111
chair 0.0011 0 251 10 318
chair 0.0011 210 98 231 126
chair 0.0011 417 233 448 298
chair 0.0010 469 328 499 374
chair 0.0010 375 118 390 149
chair 0.0010 292 96 316 149
chair 0.0010 486 330 499 374
chair 0.0010 149 238 167 303
pottedplant 0.0012 0 13 14 62
diningtable 0.9010 159 134 422 369
diningtable 0.0238 351 178 416 216
diningtable 0.0053 0 69 73 91
diningtable 0.0041 16 132 31 143
diningtable 0.0028 15 138 34 153
diningtable 0.0023 163 253 423 371
diningtable 0.0021 0 103 18 129
diningtable 0.0020 0 59 73 84
diningtable 0.0019 16 130 27 140
diningtable 0.0015 182 135 349 199
