sheep 0.9511 176 115 253 194
sheep 0.9490 241 114 357 206
sheep 0.8900 147 89 164 111
sheep 0.8893 428 88 450 110
sheep 0.8709 206 107 246 131
sheep 0.8503 223 96 256 120
sheep 0.8026 461 89 485 116
sheep 0.4534 485 88 499 108
sheep 0.1635 492 87 500 106
sheep 0.1060 477 88 494 107
sheep 0.0427 468 88 487 108
sheep 0.0183 493 87 499 96
sheep 0.0146 469 88 486 94
sheep 0.0065 461 91 470 105
sheep 0.0062 495 86 500 91
sheep 0.0058 480 88 491 96
sheep 0.0037 461 90 473 116
sheep 0.0029 472 88 492 100
sheep 0.0029 199 105 247 151
sheep 0.0018 462 88 485 99
sheep 0.0016 495 103 500 111
sheep 0.0016 176 108 245 139
cow 0.0130 428 87 450 110
cow 0.0072 460 89 485 116
cow 0.0036 147 89 164 111
