person 0.9325 362 178 400 276
bird 0.0363 259 135 267 145
bird 0.0325 445 201 452 207
bird 0.0286 422 165 427 169
bird 0.0067 436 151 442 156
bird 0.0032 289 141 297 150
bird 0.0014 483 211 489 215
cow 0.9264 290 128 342 176
cow 0.9230 238 170 277 248
cow 0.9070 282 103 317 134
cow 0.8913 374 115 420 156
cow 0.7665 176 136 224 188
cow 0.0816 352 129 363 136
cow 0.0399 219 138 236 148
cow 0.0284 259 136 266 145
cow 0.0053 290 141 297 153
cow 0.0051 413 122 421 132
cow 0.0035 290 114 419 163
cow 0.0020 123 93 493 252
cow 0.0017 171 128 336 186
cow 0.0016 423 123 429 129
cow 0.0016 185 123 393 218
cow 0.0011 248 112 420 241
