person 0.1898 0 1 32 77
cat 0.0011 416 80 499 169
chair 0.0051 1 1 178 53
chair 0.0042 333 0 498 83
chair 0.0016 473 1 499 83
chair 0.0011 335 0 465 28
sofa 0.7973 0 4 497 276
sofa 0.0386 0 0 498 62
sofa 0.0227 3 1 155 52
sofa 0.0051 3 194 498 279
sofa 0.0043 332 0 499 106
sofa 0.0016 0 1 74 53
sofa 0.0015 4 0 300 53
sofa 0.0014 474 1 500 83
pottedplant 0.8608 0 181 153 285
pottedplant 0.0089 0 213 67 286
pottedplant 0.0018 67 219 148 286
pottedplant 0.0011 0 239 47 286
pottedplant 0.0010 0 208 36 281
diningtable 0.0130 114 213 318 285
diningtable 0.0063 2 187 313 283
