person 0.5280 159 149 169 160
person 0.4294 170 149 183 161
person 0.2983 152 147 159 159
person 0.0366 186 157 193 162
person 0.0159 192 157 198 163
person 0.0085 179 155 186 161
person 0.0057 195 155 200 163
person 0.0048 145 147 155 159
person 0.0044 180 155 192 162
person 0.0018 156 149 164 160
car 0.0050 18 243 47 254
car 0.0034 2 249 19 259
aeroplane 0.8875 27 143 451 256
aeroplane 0.6294 61 218 164 257
aeroplane 0.4957 293 226 464 260
aeroplane 0.1881 0 226 50 256
aeroplane 0.1215 366 236 454 259
aeroplane 0.1107 56 233 109 257
aeroplane 0.0856 0 212 161 252
aeroplane 0.0480 0 201 166 231
aeroplane 0.0432 0 101 163 239
aeroplane 0.0292 2 249 27 261
aeroplane 0.0253 289 230 382 261
aeroplane 0.0245 4 241 48 255
aeroplane 0.0213 69 242 112 258
aeroplane 0.0207 46 246 64 254
aeroplane 0.0156 3 228 132 257
aeroplane 0.0122 2 245 50 262
aeroplane 0.0115 0 226 14 262
aeroplane 0.0107 236 222 415 260
aeroplane 0.0098 442 241 464 251
aeroplane 0.0080 48 245 81 255
aeroplane 0.0079 251 222 287 255
aeroplane 0.0078 34 214 257 258
aeroplane 0.0069 56 233 108 244
aeroplane 0.0059 0 175 167 243
aeroplane 0.0054 0 100 15 222
aeroplane 0.0052 96 218 212 257
aeroplane 0.0050 23 242 64 255
aeroplane 0.0043 79 247 110 259
aeroplane 0.0041 62 246 81 254
aeroplane 0.0032 0 223 6 273
aeroplane 0.0031 363 250 393 260
aeroplane 0.0029 0 223 18 248
aeroplane 0.0023 14 244 66 259
aeroplane 0.0021 0 101 58 241
aeroplane 0.0021 416 235 466 251
aeroplane 0.0018 73 237 115 254
aeroplane 0.0017 13 235 67 255
aeroplane 0.0014 0 245 17 258
aeroplane 0.0014 243 144 455 258
aeroplane 0.0013 0 248 36 267
aeroplane 0.0013 0 243 8 271
aeroplane 0.0013 1 208 110 242
aeroplane 0.0013 55 233 81 253
aeroplane 0.0012 0 223 9 253
aeroplane 0.0010 73 240 158 256
