person 0.7249 115 24 396 327
person 0.0087 371 7 456 309
person 0.0063 443 1 499 118
person 0.0031 274 22 399 321
person 0.0028 384 1 488 108
person 0.0019 373 1 496 214
person 0.0017 301 195 381 330
person 0.0015 442 5 500 317
person 0.0014 469 158 500 315
person 0.0010 481 7 499 106
person 0.0010 0 1 47 100
person 0.0010 296 11 485 316
car 0.0027 443 1 499 118
chair 0.0164 109 219 150 304
chair 0.0096 0 55 101 181
chair 0.0017 111 212 196 302
sofa 0.1344 0 54 101 182
sofa 0.0016 0 112 87 180
diningtable 0.0189 0 225 130 327
tvmonitor 0.0023 0 0 27 65
