person 0.0208 117 92 151 152
person 0.0036 107 74 152 269
person 0.0027 120 91 153 197
person 0.0024 105 103 137 153
person 0.0022 40 283 63 328
person 0.0019 126 82 152 115
person 0.0016 123 92 150 129
person 0.0014 105 116 127 152
person 0.0012 449 271 456 285
bicycle 0.0025 76 329 134 373
bicycle 0.0023 174 285 199 353
bicycle 0.0013 71 342 118 374
car 0.0025 121 364 195 374
bus 0.0012 0 17 63 346
train 0.7461 102 44 480 365
train 0.0081 426 63 500 370
train 0.0052 451 69 499 182
train 0.0048 1 6 118 368
train 0.0035 106 81 152 272
train 0.0026 105 154 129 265
train 0.0011 469 192 499 369
pottedplant 0.0012 31 328 81 373
