person 0.1197 22 254 30 269
person 0.0125 216 254 226 265
person 0.0047 317 256 325 265
person 0.0020 29 262 32 269
person 0.0019 27 256 32 269
person 0.0012 22 260 28 269
car 0.9385 295 253 372 288
car 0.9327 201 252 264 286
car 0.8939 138 253 173 273
car 0.8640 115 254 139 271
car 0.8171 246 253 279 280
car 0.7885 82 253 116 271
car 0.3959 80 253 94 270
car 0.1605 0 257 10 268
car 0.1595 96 250 118 263
car 0.0513 0 259 6 268
car 0.0267 0 252 6 266
car 0.0144 11 259 20 268
car 0.0097 133 254 140 261
car 0.0052 0 250 6 258
car 0.0051 11 251 22 267
car 0.0035 2 259 12 269
car 0.0033 99 254 131 270
car 0.0027 105 251 117 262
car 0.0014 260 254 298 271
car 0.0013 135 254 155 271
car 0.0012 101 259 116 271
car 0.0011 29 257 49 268
car 0.0010 23 254 35 269
car 0.0010 2 253 24 268
bus 0.0011 296 241 337 259
