person 0.0092 369 204 372 215
person 0.0092 246 182 260 211
person 0.0031 209 156 219 181
person 0.0023 160 161 171 189
person 0.0022 493 194 499 218
person 0.0014 350 201 362 214
person 0.0013 160 174 169 189
person 0.0012 222 156 234 163
person 0.0011 220 155 235 166
person 0.0011 281 204 286 212
person 0.0011 274 195 283 211
person 0.0010 247 182 257 196
car 0.0614 393 208 420 216
train 0.7822 0 149 261 211
train 0.1849 0 152 129 206
train 0.0111 142 150 261 211
train 0.0040 92 150 224 210
train 0.0018 114 155 179 204
