person 0.9388 94 78 270 370
person 0.7048 359 4 499 318
person 0.1928 369 0 499 167
person 0.1007 361 168 499 318
person 0.0094 235 -2 499 363
person 0.0029 193 59 382 232
person 0.0010 239 156 366 248
cat 0.0022 336 103 381 177
dog 0.9467 380 115 500 235
dog 0.0375 338 102 381 178
dog 0.0029 198 78 381 174
dog 0.0020 368 160 433 209
bottle 0.6023 320 91 338 120
bottle 0.0158 194 72 379 173
bottle 0.0143 337 102 381 178
bottle 0.0061 340 122 369 173
bottle 0.0045 204 116 256 167
bottle 0.0027 319 95 349 123
bottle 0.0027 204 119 220 134
bottle 0.0026 318 112 351 128
bottle 0.0023 321 102 334 119
bottle 0.0013 465 351 499 374
chair 0.4473 397 274 499 372
chair 0.2192 366 167 499 369
chair 0.0369 5 128 369 384
chair 0.0331 124 338 147 373
chair 0.0191 101 296 150 373
chair 0.0142 369 160 427 210
chair 0.0066 1 294 149 372
chair 0.0058 87 134 141 368
chair 0.0055 85 131 122 210
chair 0.0050 0 308 52 349
chair 0.0043 0 229 49 350
chair 0.0038 1 338 147 373
chair 0.0032 107 289 255 374
chair 0.0030 127 336 164 374
chair 0.0027 91 228 242 372
chair 0.0022 7 188 62 234
chair 0.0019 0 233 132 353
chair 0.0017 92 230 147 373
chair 0.0016 92 337 146 374
chair 0.0015 0 305 29 320
chair 0.0015 123 311 160 373
chair 0.0014 59 325 149 373
chair 0.0011 381 -9 499 401
chair 0.0010 134 360 156 374
chair 0.0010 416 321 450 363
chair 0.0010 99 296 135 352
sofa 0.0171 86 130 123 211
sofa 0.0124 0 198 134 359
sofa 0.0121 89 111 377 286
sofa 0.0105 4 133 271 370
sofa 0.0073 0 209 56 348
sofa 0.0032 0 225 32 253
sofa 0.0031 84 138 236 210
sofa 0.0020 0 225 36 330
sofa 0.0020 54 141 443 368
sofa 0.0010 0 232 113 319
pottedplant 0.5159 0 0 80 234
pottedplant 0.0094 0 187 12 234
pottedplant 0.0092 1 121 79 233
pottedplant 0.0021 0 224 32 252
pottedplant 0.0019 0 0 75 118
pottedplant 0.0016 0 151 29 233
pottedplant 0.0010 0 107 16 229
pottedplant 0.0010 0 213 10 234
diningtable 0.2320 228 217 406 370
diningtable 0.0727 362 168 499 370
diningtable 0.0511 226 154 499 369
diningtable 0.0095 234 146 377 253
diningtable 0.0093 0 339 144 373
diningtable 0.0080 0 305 54 349
diningtable 0.0012 0 305 29 321
diningtable 0.0012 0 339 71 369
