person 0.3555 225 178 238 191
person 0.2622 186 172 204 191
person 0.1112 175 166 192 190
person 0.0445 246 176 257 193
person 0.0256 209 176 219 191
person 0.0226 175 173 186 190
person 0.0139 182 166 196 190
person 0.0125 225 166 242 191
person 0.0103 312 182 321 207
person 0.0091 287 182 294 200
person 0.0086 304 178 319 206
person 0.0050 267 177 275 194
person 0.0048 422 229 434 241
person 0.0032 246 164 260 193
person 0.0031 210 165 236 190
person 0.0027 276 177 294 201
person 0.0023 194 170 206 190
person 0.0016 198 166 218 191
person 0.0015 288 175 304 202
person 0.0013 425 226 440 240
person 0.0013 314 180 320 189
person 0.0012 251 178 265 193
person 0.0012 233 178 241 190
car 0.9367 402 220 487 282
car 0.6727 132 215 174 248
car 0.0155 128 215 165 230
car 0.0023 159 230 174 248
car 0.0015 78 198 107 217
car 0.0012 402 232 428 255
car 0.0011 404 228 436 246
bus 0.0338 163 134 343 261
train 0.9360 163 133 343 261
