person 0.8061 90 36 496 283
person 0.0217 419 192 491 281
person 0.0024 10 33 178 135
person 0.0010 96 37 330 240
chair 0.4782 0 260 264 371
chair 0.1043 244 0 301 43
chair 0.1017 82 0 247 114
chair 0.0159 0 0 40 55
chair 0.0109 0 163 9 225
chair 0.0094 245 2 274 19
chair 0.0058 0 148 10 267
chair 0.0050 244 0 299 20
chair 0.0049 237 39 308 116
chair 0.0044 373 53 407 81
chair 0.0034 453 51 499 162
chair 0.0028 291 1 323 18
chair 0.0019 0 130 16 226
chair 0.0012 0 164 19 269
chair 0.0012 0 128 9 205
sofa 0.8643 71 0 247 114
sofa 0.6791 2 34 493 375
sofa 0.4615 0 261 263 371
sofa 0.0315 458 52 499 163
sofa 0.0095 2 231 481 370
sofa 0.0054 0 48 234 264
sofa 0.0015 0 122 267 385
sofa 0.0013 69 33 371 274
sofa 0.0010 481 92 499 163
pottedplant 0.5478 462 15 497 51
pottedplant 0.0664 38 0 85 36
pottedplant 0.0072 477 20 497 51
pottedplant 0.0029 491 26 499 48
pottedplant 0.0020 479 18 496 37
pottedplant 0.0010 491 1 499 43
diningtable 0.0984 374 43 499 162
diningtable 0.0091 0 0 40 55
diningtable 0.0080 451 47 500 162
diningtable 0.0077 237 40 308 116
diningtable 0.0064 0 14 36 29
diningtable 0.0024 0 0 36 29
