person 0.0060 297 298 471 498
bird 0.8767 135 234 255 353
bird 0.0147 295 299 470 499
cat 0.0099 178 301 469 500
dog 0.0132 180 301 468 499
chair 0.0013 294 309 469 498
pottedplant 0.1860 2 422 171 499
pottedplant 0.0395 5 417 321 499
pottedplant 0.0223 264 148 448 339
pottedplant 0.0168 173 413 308 499
pottedplant 0.0140 268 148 412 236
pottedplant 0.0109 5 345 350 496
pottedplant 0.0029 48 142 464 370
pottedplant 0.0025 329 0 470 116
pottedplant 0.0022 166 307 462 501
pottedplant 0.0014 73 395 419 499
pottedplant 0.0014 201 191 350 297
pottedplant 0.0013 170 478 210 500
pottedplant 0.0013 176 440 231 500
pottedplant 0.0010 269 148 340 200
pottedplant 0.0010 0 462 43 499
diningtable 0.0471 6 332 358 498
