person 0.9440 97 42 194 279
person 0.9273 181 68 267 287
person 0.1101 462 55 471 70
person 0.0079 32 163 47 206
person 0.0032 458 88 471 109
person 0.0031 33 116 121 211
person 0.0022 419 67 434 94
person 0.0022 32 135 72 206
person 0.0020 331 71 346 94
person 0.0017 458 57 472 78
person 0.0010 279 98 295 114
car 0.4341 309 69 426 103
car 0.3543 23 74 500 310
car 0.1858 434 64 499 97
car 0.0614 333 70 405 97
car 0.0567 485 78 499 101
car 0.0339 433 68 456 94
car 0.0239 309 70 347 95
car 0.0203 329 70 348 83
car 0.0176 470 78 499 103
car 0.0174 397 69 416 96
car 0.0104 29 92 283 267
car 0.0104 466 68 500 97
car 0.0089 35 115 135 256
car 0.0074 335 69 394 85
car 0.0063 439 68 456 82
car 0.0057 87 67 206 272
car 0.0045 32 114 111 207
car 0.0045 398 67 432 96
car 0.0016 479 66 500 78
car 0.0014 308 71 335 85
car 0.0012 470 65 500 83
car 0.0012 323 68 365 84
car 0.0010 12 84 495 200
chair 0.0195 434 64 499 106
chair 0.0131 451 87 470 110
chair 0.0104 450 87 494 110
chair 0.0068 457 76 499 106
chair 0.0016 485 80 499 103
chair 0.0012 457 88 482 106
chair 0.0011 450 92 462 109
