person 0.0035 1 47 65 121
person 0.0034 0 275 20 303
bird 0.0434 310 80 344 150
bird 0.0041 332 27 342 38
bottle 0.7646 245 119 262 181
bottle 0.2757 222 151 241 180
bottle 0.0623 248 118 260 145
bottle 0.0178 52 77 64 117
bottle 0.0128 250 117 259 130
bottle 0.0058 244 128 251 151
bottle 0.0054 366 131 375 152
bottle 0.0044 460 89 472 108
bottle 0.0020 466 85 480 108
bottle 0.0015 38 79 57 116
bottle 0.0013 59 77 74 124
bottle 0.0012 459 71 474 107
bottle 0.0010 53 75 64 95
chair 0.6654 1 249 203 330
chair 0.1488 148 113 211 128
chair 0.1373 265 248 483 330
chair 0.1303 448 243 500 330
chair 0.0854 6 125 89 146
chair 0.0678 366 130 402 155
chair 0.0617 449 169 500 296
chair 0.0504 373 245 499 330
chair 0.0419 476 235 499 263
chair 0.0330 0 78 21 97
chair 0.0275 230 128 248 147
chair 0.0245 450 234 499 290
chair 0.0235 310 80 351 153
chair 0.0225 150 126 217 147
chair 0.0170 0 79 11 97
chair 0.0156 182 128 220 149
chair 0.0141 474 215 499 276
chair 0.0112 280 310 468 333
chair 0.0102 67 120 95 146
chair 0.0096 365 311 468 332
chair 0.0086 0 79 23 116
chair 0.0082 134 75 162 145
chair 0.0062 470 155 499 268
chair 0.0058 114 120 217 148
chair 0.0055 105 250 203 332
chair 0.0050 480 177 500 262
chair 0.0048 5 108 99 148
chair 0.0047 185 123 211 128
chair 0.0045 223 119 258 149
chair 0.0030 282 285 472 331
chair 0.0029 0 138 107 262
chair 0.0029 0 79 11 88
chair 0.0029 101 118 160 144
chair 0.0028 475 162 499 229
chair 0.0025 0 47 66 141
chair 0.0024 3 118 102 166
chair 0.0024 375 135 498 329
chair 0.0024 353 128 492 165
chair 0.0023 77 124 93 146
chair 0.0021 312 163 346 306
chair 0.0020 52 76 71 125
chair 0.0019 128 104 212 129
chair 0.0018 110 109 191 143
chair 0.0017 151 248 201 330
chair 0.0016 0 276 21 308
chair 0.0015 0 118 16 146
chair 0.0014 493 179 499 232
chair 0.0013 387 250 419 282
chair 0.0013 0 79 19 87
chair 0.0012 455 125 499 182
chair 0.0012 495 190 500 224
chair 0.0011 0 172 209 331
chair 0.0011 220 109 323 130
chair 0.0011 60 120 175 148
chair 0.0011 341 120 354 147
chair 0.0011 253 127 364 149
chair 0.0011 244 121 256 147
chair 0.0011 454 288 500 332
chair 0.0011 478 231 500 312
chair 0.0011 235 281 253 332
chair 0.0011 52 183 89 259
chair 0.0011 62 97 143 125
chair 0.0010 226 121 354 157
chair 0.0010 109 75 165 147
chair 0.0010 216 115 251 128
chair 0.0010 268 164 499 329
sofa 0.0077 282 312 469 332
sofa 0.0061 448 241 499 329
pottedplant 0.0325 455 9 500 107
pottedplant 0.0169 406 78 457 107
pottedplant 0.0129 0 143 26 176
pottedplant 0.0076 383 19 420 105
pottedplant 0.0070 385 80 419 106
pottedplant 0.0066 458 56 499 108
pottedplant 0.0053 131 2 184 104
pottedplant 0.0050 396 4 462 107
pottedplant 0.0042 478 59 500 109
pottedplant 0.0033 73 44 119 98
pottedplant 0.0028 384 58 406 105
pottedplant 0.0027 483 81 499 110
pottedplant 0.0026 477 13 500 106
diningtable 0.7173 0 119 498 329
diningtable 0.0153 2 237 495 329
diningtable 0.0120 3 121 398 249
diningtable 0.0074 107 120 155 147
diningtable 0.0060 417 154 498 223
diningtable 0.0044 361 129 499 231
diningtable 0.0018 0 144 110 210
diningtable 0.0015 4 90 497 165
diningtable 0.0015 0 96 30 120
diningtable 0.0012 243 125 492 245
diningtable 0.0012 0 116 20 125
