person 0.9122 423 117 469 218
person 0.8412 326 119 341 157
person 0.8224 170 117 205 229
person 0.7995 272 124 287 158
person 0.7917 98 133 134 205
person 0.7340 369 121 397 175
person 0.5690 159 127 168 147
person 0.4967 88 128 106 164
person 0.0787 85 154 97 177
person 0.0540 86 147 103 190
person 0.0163 87 131 116 178
person 0.0144 98 128 107 141
person 0.0053 176 124 183 131
person 0.0047 347 122 398 185
person 0.0044 389 153 400 170
person 0.0036 365 153 398 182
person 0.0023 176 120 186 133
person 0.0021 194 155 214 175
person 0.0018 160 127 183 147
person 0.0017 271 140 283 157
person 0.0012 159 127 167 139
person 0.0011 101 133 113 149
person 0.0010 92 137 104 179
person 0.0010 159 127 164 135
horse 0.9543 57 151 172 246
horse 0.9479 112 147 268 273
horse 0.9449 364 156 499 259
horse 0.9257 301 134 368 176
horse 0.9238 254 139 313 178
horse 0.9112 316 157 424 235
horse 0.6457 143 137 177 161
horse 0.0661 393 158 423 171
horse 0.0313 129 152 172 178
horse 0.0076 57 173 115 245
horse 0.0038 363 156 423 179
horse 0.0032 157 151 173 174
horse 0.0026 383 155 406 171
horse 0.0025 335 135 368 165
horse 0.0024 108 140 467 271
horse 0.0017 92 150 168 201
horse 0.0016 144 141 204 198
horse 0.0013 158 151 172 162
horse 0.0010 317 163 363 234
horse 0.0010 263 125 309 164
