chair 0.0015 330 0 355 22
chair 0.0013 0 186 20 237
chair 0.0012 54 61 120 102
pottedplant 0.8592 336 172 405 265
pottedplant 0.8173 415 73 464 171
pottedplant 0.8030 39 0 104 68
pottedplant 0.7610 22 137 123 245
pottedplant 0.6971 284 149 347 226
pottedplant 0.6629 277 43 413 139
pottedplant 0.6435 86 185 157 252
pottedplant 0.5844 112 0 267 144
pottedplant 0.4317 228 188 293 237
pottedplant 0.3779 280 69 342 109
pottedplant 0.2750 61 79 146 148
pottedplant 0.2225 131 170 179 218
pottedplant 0.1447 360 0 405 33
pottedplant 0.1084 110 0 176 70
pottedplant 0.0963 21 72 61 107
pottedplant 0.0738 196 0 266 108
pottedplant 0.0595 327 44 408 107
pottedplant 0.0322 161 55 265 139
pottedplant 0.0292 285 184 335 226
pottedplant 0.0230 227 209 335 262
pottedplant 0.0212 341 156 417 218
pottedplant 0.0203 346 217 403 265
pottedplant 0.0171 227 152 345 264
pottedplant 0.0139 39 0 100 32
pottedplant 0.0100 23 72 128 152
pottedplant 0.0090 41 191 93 246
pottedplant 0.0082 111 2 199 108
pottedplant 0.0080 110 0 152 28
pottedplant 0.0078 167 171 223 226
pottedplant 0.0071 391 71 413 100
pottedplant 0.0065 414 39 449 91
pottedplant 0.0064 275 59 306 95
pottedplant 0.0057 416 127 449 171
pottedplant 0.0053 299 0 338 42
pottedplant 0.0048 82 0 154 67
pottedplant 0.0046 0 0 13 8
pottedplant 0.0045 164 53 218 112
pottedplant 0.0041 165 84 217 114
pottedplant 0.0040 129 170 200 238
pottedplant 0.0040 21 71 78 120
pottedplant 0.0034 157 2 227 113
pottedplant 0.0031 88 150 173 247
pottedplant 0.0029 280 149 398 251
pottedplant 0.0027 92 160 126 201
pottedplant 0.0027 276 56 338 94
pottedplant 0.0026 277 68 354 137
pottedplant 0.0026 2 0 24 7
pottedplant 0.0025 296 148 320 174
pottedplant 0.0022 22 68 178 248
pottedplant 0.0022 112 20 138 69
pottedplant 0.0021 0 0 54 73
pottedplant 0.0019 342 160 373 188
pottedplant 0.0019 22 139 91 202
pottedplant 0.0019 26 61 149 122
pottedplant 0.0017 346 173 407 193
pottedplant 0.0014 0 225 9 242
pottedplant 0.0013 211 85 263 108
pottedplant 0.0012 133 143 386 264
pottedplant 0.0011 1 79 71 227
pottedplant 0.0011 313 145 424 274
pottedplant 0.0010 331 64 411 138
pottedplant 0.0010 46 0 176 81
pottedplant 0.0010 0 0 20 14
diningtable 0.0240 265 101 396 141
diningtable 0.0098 100 98 417 150
diningtable 0.0082 37 76 440 213
diningtable 0.0070 28 227 430 346
diningtable 0.0014 20 114 447 286
tvmonitor 0.0023 0 19 50 69
