person 0.9326 41 319 87 450
person 0.9123 128 335 169 440
person 0.8591 347 270 366 364
person 0.8333 25 284 39 316
person 0.8206 358 271 374 371
person 0.7868 315 272 343 351
person 0.7139 325 295 347 363
person 0.6936 40 283 50 313
person 0.1823 333 289 366 365
person 0.1211 321 272 343 320
person 0.0968 47 281 53 297
person 0.0923 311 316 329 349
person 0.0797 8 281 15 296
person 0.0766 66 279 72 286
person 0.0730 39 284 45 302
person 0.0641 36 284 42 305
person 0.0431 364 271 374 321
person 0.0403 62 278 69 287
person 0.0390 46 280 53 311
person 0.0325 0 279 4 287
person 0.0319 44 280 51 294
person 0.0280 34 281 40 292
person 0.0279 310 295 324 348
person 0.0230 64 278 70 286
person 0.0228 72 281 78 288
person 0.0194 364 270 374 290
person 0.0184 325 296 345 332
person 0.0160 33 277 39 284
person 0.0144 319 320 331 352
person 0.0134 67 281 80 304
person 0.0129 341 299 352 335
person 0.0121 59 278 64 286
person 0.0071 69 278 75 286
person 0.0056 362 273 371 292
person 0.0055 0 279 6 287
person 0.0050 66 287 80 313
person 0.0038 52 279 57 285
person 0.0036 28 280 40 293
person 0.0035 73 278 78 285
person 0.0030 41 278 49 285
person 0.0024 357 271 366 284
person 0.0024 343 299 349 323
person 0.0017 0 280 2 294
person 0.0016 155 365 160 380
person 0.0015 343 297 348 307
person 0.0012 41 296 50 312
person 0.0011 370 209 375 233
car 0.4447 14 283 34 293
car 0.1406 48 281 63 289
car 0.0561 47 281 60 297
car 0.0523 47 281 71 295
car 0.0298 47 281 78 311
car 0.0143 16 281 41 296
car 0.0026 8 280 18 295
car 0.0018 9 279 72 295
car 0.0017 40 285 49 298
train 0.9366 76 63 324 405
train 0.7151 318 150 375 291
train 0.0065 0 240 79 292
