bird 0.0063 191 13 210 34
cat 0.9458 99 240 170 347
bottle 0.0049 35 318 45 350
bottle 0.0026 24 316 45 352
chair 0.0017 257 274 272 328
chair 0.0017 0 347 50 487
chair 0.0016 180 191 273 325
chair 0.0015 21 395 141 494
chair 0.0014 25 294 52 326
sofa 0.8025 20 317 368 499
pottedplant 0.4394 0 258 38 362
pottedplant 0.1413 23 177 63 226
pottedplant 0.0545 7 181 35 223
pottedplant 0.0472 166 234 225 304
pottedplant 0.0216 44 178 63 226
pottedplant 0.0115 191 13 210 34
pottedplant 0.0095 203 222 213 233
pottedplant 0.0071 51 201 63 226
pottedplant 0.0070 0 266 49 422
pottedplant 0.0067 203 211 213 234
pottedplant 0.0059 0 258 35 309
pottedplant 0.0034 0 190 18 222
pottedplant 0.0015 185 225 192 234
pottedplant 0.0015 0 175 67 300
tvmonitor 0.0010 274 1 346 111
