person 0.9121 134 152 204 336
person 0.8912 192 123 237 256
person 0.0689 112 139 240 257
person 0.0029 133 198 261 288
person 0.0020 218 426 256 499
person 0.0018 269 468 290 499
person 0.0011 214 268 257 381
car 0.0018 269 431 288 447
horse 0.9561 48 213 299 434
horse 0.4965 112 153 223 334
horse 0.1587 110 156 255 256
horse 0.0583 212 319 254 378
horse 0.0229 224 220 261 256
horse 0.0184 158 319 254 406
horse 0.0054 111 152 171 229
horse 0.0044 112 152 167 311
horse 0.0020 210 176 260 390
horse 0.0019 212 254 301 413
horse 0.0017 219 217 260 328
horse 0.0014 212 321 230 376
horse 0.0012 199 277 255 390
horse 0.0010 194 219 262 257
cow 0.0043 23 268 32 274
