chair 0.9432 13 92 187 478
chair 0.9208 160 92 294 379
chair 0.8164 298 13 333 212
chair 0.7979 0 0 92 155
chair 0.3599 0 45 37 223
chair 0.1334 290 0 312 8
chair 0.0818 0 336 16 455
chair 0.0787 307 0 333 9
chair 0.0330 124 28 321 142
chair 0.0260 58 0 122 67
chair 0.0224 3 0 60 60
chair 0.0184 11 0 53 14
chair 0.0101 262 8 332 213
chair 0.0098 60 0 118 14
chair 0.0097 291 0 301 7
chair 0.0084 143 0 195 24
chair 0.0062 0 101 27 133
chair 0.0060 0 334 40 499
chair 0.0047 301 12 332 100
chair 0.0043 0 337 10 405
chair 0.0041 0 -3 28 167
chair 0.0038 21 0 64 39
chair 0.0036 17 0 121 18
chair 0.0032 270 175 301 191
chair 0.0031 155 91 285 248
chair 0.0031 6 0 19 11
chair 0.0028 16 0 123 40
chair 0.0023 0 1 23 100
chair 0.0021 0 221 27 267
chair 0.0020 290 0 332 29
chair 0.0019 267 0 313 7
chair 0.0016 321 111 333 156
chair 0.0015 1 0 121 85
chair 0.0015 1 40 91 267
chair 0.0013 256 102 295 359
chair 0.0011 0 405 18 453
chair 0.0011 78 19 121 66
chair 0.0011 157 91 271 176
chair 0.0010 6 0 34 14
pottedplant 0.0015 67 0 117 11
diningtable 0.6407 138 0 329 42
diningtable 0.2494 124 7 331 210
diningtable 0.0255 11 0 123 68
diningtable 0.0254 134 0 333 102
diningtable 0.0082 142 0 196 24
diningtable 0.0065 1 0 68 64
diningtable 0.0061 10 0 120 28
diningtable 0.0058 143 0 326 15
diningtable 0.0031 0 0 85 126
diningtable 0.0015 9 0 55 28
diningtable 0.0014 201 0 300 8
diningtable 0.0013 0 0 18 9
diningtable 0.0011 3 0 17 6
diningtable 0.0010 27 94 298 385
diningtable 0.0010 0 0 26 15
tvmonitor 0.0016 65 0 118 11
