person 0.3628 465 118 479 148
person 0.0026 483 111 499 147
person 0.0022 106 245 133 303
person 0.0022 437 104 473 153
person 0.0013 11 359 43 403
car 0.6053 0 219 322 328
car 0.0494 0 248 65 322
car 0.0026 0 311 65 330
car 0.0015 0 316 42 330
motorbike 0.0031 0 248 65 323
boat 0.1780 354 95 390 122
boat 0.0518 440 103 499 129
boat 0.0510 133 22 163 146
boat 0.0236 133 119 163 141
boat 0.0145 351 94 395 148
boat 0.0100 73 129 110 148
boat 0.0071 180 127 197 146
boat 0.0068 161 126 200 147
boat 0.0062 442 107 477 127
boat 0.0061 460 111 500 128
boat 0.0054 84 56 109 150
boat 0.0050 459 115 478 126
boat 0.0039 481 110 500 147
boat 0.0038 355 106 395 125
boat 0.0038 353 97 438 123
boat 0.0033 480 111 499 129
boat 0.0031 437 99 500 156
boat 0.0029 131 23 198 152
boat 0.0028 103 118 166 148
boat 0.0027 161 129 177 145
boat 0.0027 350 117 395 134
boat 0.0022 101 22 163 149
boat 0.0021 131 121 200 146
boat 0.0019 370 100 499 141
boat 0.0018 441 101 464 126
boat 0.0015 0 98 23 111
boat 0.0014 269 116 351 152
boat 0.0012 358 92 384 106
boat 0.0011 107 130 136 148
boat 0.0011 77 125 156 148
boat 0.0010 454 100 500 114
boat 0.0010 440 100 463 112
