person 0.9453 19 62 199 328
person 0.9361 220 105 415 303
person 0.0087 0 215 7 288
person 0.0058 0 147 11 275
person 0.0035 16 81 463 312
person 0.0026 0 150 7 159
person 0.0012 0 146 9 221
person 0.0011 0 215 17 289
person 0.0011 0 144 10 171
chair 0.5345 403 231 449 304
chair 0.2999 0 149 47 335
chair 0.0769 0 282 26 334
chair 0.0165 355 130 483 308
chair 0.0101 268 192 286 236
chair 0.0097 4 289 115 331
chair 0.0076 0 219 28 334
chair 0.0066 348 229 449 309
chair 0.0064 231 220 444 302
chair 0.0045 405 224 498 301
chair 0.0037 0 214 8 282
chair 0.0036 14 292 34 330
chair 0.0032 355 130 461 235
chair 0.0029 81 293 122 316
chair 0.0024 0 358 12 374
chair 0.0023 0 219 5 263
chair 0.0014 3 142 81 295
chair 0.0013 0 215 16 288
sofa 0.2907 0 147 49 334
sofa 0.0646 0 281 25 335
sofa 0.0537 0 148 191 331
sofa 0.0167 402 230 449 308
sofa 0.0118 0 220 28 334
sofa 0.0114 0 286 121 331
sofa 0.0084 355 129 496 311
sofa 0.0078 0 286 27 371
sofa 0.0068 238 132 483 308
sofa 0.0050 0 216 9 288
sofa 0.0033 0 283 228 346
sofa 0.0027 15 188 482 309
sofa 0.0020 383 199 452 319
sofa 0.0015 0 199 117 337
sofa 0.0015 20 292 178 322
sofa 0.0013 9 287 36 328
sofa 0.0012 4 111 392 344
sofa 0.0012 346 228 446 302
sofa 0.0011 7 236 203 326
pottedplant 0.8057 347 1 499 269
pottedplant 0.0129 452 121 499 270
pottedplant 0.0043 468 232 499 271
pottedplant 0.0035 422 86 499 271
pottedplant 0.0023 354 131 499 272
diningtable 0.2703 1 279 465 370
diningtable 0.1853 184 280 388 342
diningtable 0.0590 20 300 235 356
diningtable 0.0151 166 307 428 372
diningtable 0.0073 6 202 491 368
diningtable 0.0017 178 240 494 370
diningtable 0.0010 0 321 147 372
tvmonitor 0.0017 0 18 35 153
