person 0.7344 162 49 279 209
person 0.0178 0 250 4 257
person 0.0130 470 183 479 262
person 0.0090 0 249 4 269
person 0.0059 461 193 479 395
person 0.0053 100 172 159 266
person 0.0050 0 250 23 308
person 0.0049 0 250 5 284
person 0.0018 0 250 7 307
person 0.0014 475 181 479 208
bicycle 0.0029 0 306 47 327
car 0.0037 0 151 19 161
car 0.0028 0 306 48 327
car 0.0019 0 247 48 327
car 0.0011 0 252 21 306
motorbike 0.0095 0 305 48 328
bird 0.0102 470 183 480 265
horse 0.7589 83 84 419 293
horse 0.0027 103 173 158 265
sheep 0.0014 470 191 480 262
cow 0.0148 470 180 479 261
chair 0.0015 0 255 24 308
