person 0.9250 0 179 191 330
person 0.8937 372 91 499 243
person 0.8630 343 149 417 276
person 0.8542 86 168 126 228
person 0.8439 402 151 499 331
person 0.7848 268 149 323 227
person 0.7695 142 170 202 266
person 0.7658 295 150 364 242
person 0.6434 64 180 161 323
person 0.1705 358 148 388 201
person 0.0980 61 167 125 250
person 0.0459 233 127 256 204
person 0.0158 161 309 191 332
person 0.0137 0 93 16 290
person 0.0123 210 128 257 212
person 0.0118 72 120 132 282
person 0.0103 483 171 499 244
person 0.0091 0 183 22 332
person 0.0076 440 117 499 242
person 0.0066 0 48 30 331
person 0.0060 142 228 164 272
person 0.0040 0 48 7 118
person 0.0036 141 196 169 272
person 0.0031 0 203 7 272
person 0.0029 9 48 177 354
person 0.0025 118 178 190 328
person 0.0025 0 153 12 310
person 0.0024 0 50 10 194
person 0.0023 141 171 179 245
person 0.0019 354 148 410 204
person 0.0017 493 112 499 162
person 0.0015 119 182 156 280
person 0.0014 469 153 499 243
person 0.0011 68 46 522 400
person 0.0010 209 168 314 236
cat 0.0083 0 47 9 113
bottle 0.6372 306 210 325 254
bottle 0.1113 255 198 265 224
bottle 0.0869 295 218 309 249
bottle 0.0772 231 218 241 245
bottle 0.0541 259 209 274 249
bottle 0.0101 219 220 226 241
bottle 0.0033 260 224 270 249
bottle 0.0011 245 207 257 222
bottle 0.0010 226 215 245 259
chair 0.3870 16 318 57 332
chair 0.2620 56 221 72 242
chair 0.2109 36 319 57 332
chair 0.0859 0 291 17 332
chair 0.0727 489 239 499 261
chair 0.0650 58 228 87 250
chair 0.0258 1 291 56 332
chair 0.0217 219 211 239 221
chair 0.0156 0 254 17 331
chair 0.0129 15 320 37 332
chair 0.0091 485 224 499 253
chair 0.0089 58 230 73 249
chair 0.0084 0 256 4 271
chair 0.0066 0 259 125 331
chair 0.0059 157 309 192 332
chair 0.0058 130 294 157 325
chair 0.0050 0 257 59 331
chair 0.0042 153 296 171 332
chair 0.0041 0 255 17 280
chair 0.0041 450 158 487 230
chair 0.0038 443 320 479 332
chair 0.0031 406 260 416 272
chair 0.0029 0 263 13 289
chair 0.0029 487 227 500 243
chair 0.0024 0 188 129 328
chair 0.0023 0 293 9 324
chair 0.0022 39 219 79 250
chair 0.0021 0 255 9 278
chair 0.0020 64 229 102 280
chair 0.0019 484 206 499 243
chair 0.0018 360 174 374 201
chair 0.0016 202 183 228 214
chair 0.0016 0 271 7 293
chair 0.0015 359 148 380 201
chair 0.0014 488 234 499 277
chair 0.0013 413 228 499 330
chair 0.0013 175 217 194 225
chair 0.0012 131 305 156 333
chair 0.0011 0 314 17 332
chair 0.0011 0 268 14 309
pottedplant 0.0105 233 201 255 228
pottedplant 0.0011 233 203 248 216
diningtable 0.8705 163 209 451 330
diningtable 0.0021 268 236 447 328
diningtable 0.0020 164 216 277 327
diningtable 0.0012 179 212 237 230
