person 0.8483 88 245 102 275
person 0.7977 470 254 499 339
person 0.7351 272 252 288 285
person 0.7243 356 248 381 300
person 0.7160 470 228 499 289
person 0.7050 380 247 401 282
person 0.4604 461 224 488 297
person 0.0951 494 238 500 253
person 0.0862 475 229 499 261
person 0.0184 486 255 500 287
person 0.0148 355 246 368 272
person 0.0146 482 229 498 248
person 0.0144 491 231 500 254
person 0.0107 416 248 431 278
person 0.0070 404 246 427 290
person 0.0068 397 254 407 279
person 0.0041 491 238 499 281
person 0.0036 274 253 287 269
person 0.0035 392 247 404 278
person 0.0032 493 229 499 240
person 0.0023 461 303 500 375
person 0.0022 401 253 412 278
person 0.0017 406 247 418 276
person 0.0016 463 224 488 260
person 0.0013 262 256 268 269
person 0.0013 260 263 304 289
person 0.0013 493 252 499 271
person 0.0013 402 256 415 289
aeroplane 0.0178 0 101 43 129
aeroplane 0.0059 0 102 28 113
aeroplane 0.0043 53 179 108 198
aeroplane 0.0020 0 6 134 70
aeroplane 0.0018 384 148 445 166
aeroplane 0.0015 0 103 109 197
aeroplane 0.0015 0 155 108 198
aeroplane 0.0010 396 186 449 205
bottle 0.0736 28 287 33 300
bottle 0.0672 23 288 28 300
bottle 0.0547 0 197 14 223
bottle 0.0360 304 217 317 239
bottle 0.0148 21 289 26 300
bottle 0.0057 19 288 29 301
bottle 0.0053 376 270 381 284
bottle 0.0042 84 269 88 276
bottle 0.0031 201 212 214 234
bottle 0.0031 47 279 57 297
bottle 0.0017 106 203 121 230
bottle 0.0012 17 289 21 301
bottle 0.0012 27 287 37 301
chair 0.8965 0 303 57 373
chair 0.8679 451 317 499 373
chair 0.8478 41 290 99 374
chair 0.8451 123 274 160 327
chair 0.8084 252 277 278 301
chair 0.8058 294 296 323 330
chair 0.7859 181 325 258 374
chair 0.7727 380 278 409 316
chair 0.7339 166 305 222 373
chair 0.6812 309 279 334 329
chair 0.6713 345 278 370 308
chair 0.6047 339 306 398 336
chair 0.6037 336 325 433 374
chair 0.5931 0 283 19 298
chair 0.5052 276 288 316 303
chair 0.4359 295 276 312 287
chair 0.3952 57 277 80 294
chair 0.3809 18 273 43 295
chair 0.3727 179 290 221 316
chair 0.3330 79 272 116 315
chair 0.3038 49 271 76 281
chair 0.2808 339 306 399 369
chair 0.2710 9 274 23 293
chair 0.2442 18 273 42 284
chair 0.2189 73 287 99 363
chair 0.1755 462 262 471 303
chair 0.1312 0 322 8 344
chair 0.1161 154 275 169 284
chair 0.1158 0 305 20 352
chair 0.0693 102 270 117 311
chair 0.0668 179 276 216 298
chair 0.0609 155 286 180 324
chair 0.0581 270 358 314 375
chair 0.0579 141 275 171 286
chair 0.0498 241 294 252 305
chair 0.0479 463 260 484 307
chair 0.0453 47 271 56 282
chair 0.0453 364 280 403 313
chair 0.0437 72 285 97 293
chair 0.0425 72 285 101 310
chair 0.0368 167 305 221 330
chair 0.0337 354 283 371 307
chair 0.0328 167 274 184 285
chair 0.0298 289 280 294 288
chair 0.0293 275 287 318 326
chair 0.0252 334 333 386 374
chair 0.0240 358 282 384 308
chair 0.0238 79 275 105 291
chair 0.0234 455 262 470 306
chair 0.0229 256 328 284 336
chair 0.0220 163 277 170 285
chair 0.0220 140 278 158 286
chair 0.0219 168 280 182 286
chair 0.0217 71 280 104 301
chair 0.0191 108 268 118 285
chair 0.0189 198 275 215 291
chair 0.0186 47 272 77 289
chair 0.0182 41 283 57 297
chair 0.0179 0 281 20 341
chair 0.0177 140 279 161 325
chair 0.0157 283 273 298 285
chair 0.0153 113 270 119 285
chair 0.0147 396 278 409 315
chair 0.0147 309 279 334 303
chair 0.0124 296 286 318 294
chair 0.0124 382 277 398 285
chair 0.0124 273 284 290 290
chair 0.0122 180 291 243 330
chair 0.0114 439 261 470 309
chair 0.0108 478 271 488 288
chair 0.0100 274 278 289 289
chair 0.0098 356 283 368 298
chair 0.0093 282 285 318 295
chair 0.0092 490 325 500 357
chair 0.0090 0 267 9 274
chair 0.0089 356 278 366 294
chair 0.0086 381 279 398 299
chair 0.0085 100 269 106 275
chair 0.0083 237 311 262 331
chair 0.0082 106 267 117 275
chair 0.0079 164 279 184 287
chair 0.0079 383 274 397 283
chair 0.0076 8 275 20 284
chair 0.0076 309 279 333 286
chair 0.0073 462 261 469 286
chair 0.0072 79 274 102 284
chair 0.0070 257 357 349 374
chair 0.0070 288 280 300 288
chair 0.0070 271 305 296 329
chair 0.0068 0 275 10 284
chair 0.0065 118 269 142 287
chair 0.0064 114 271 121 286
chair 0.0061 152 285 222 324
chair 0.0060 81 297 96 364
chair 0.0060 474 273 484 293
chair 0.0060 0 305 10 344
chair 0.0059 292 285 316 290
chair 0.0053 57 271 75 278
chair 0.0053 46 272 57 298
chair 0.0052 56 275 100 294
chair 0.0050 25 283 54 297
chair 0.0045 463 257 478 288
chair 0.0042 167 274 178 280
chair 0.0042 114 275 118 285
chair 0.0040 377 273 383 285
chair 0.0039 219 310 240 330
chair 0.0038 328 276 341 303
chair 0.0036 0 336 12 362
chair 0.0036 491 326 500 345
chair 0.0035 179 275 186 282
chair 0.0035 211 291 218 300
chair 0.0035 154 286 168 325
chair 0.0034 160 286 181 306
chair 0.0034 139 281 157 304
chair 0.0034 170 277 183 306
chair 0.0033 161 298 294 371
chair 0.0032 249 327 285 343
chair 0.0032 99 271 106 277
chair 0.0032 272 286 288 293
chair 0.0032 177 278 192 304
chair 0.0030 485 323 500 371
chair 0.0030 243 282 321 330
chair 0.0028 271 282 289 294
chair 0.0028 463 257 496 292
chair 0.0026 113 269 126 286
chair 0.0026 356 281 366 290
chair 0.0026 271 276 278 285
chair 0.0025 78 282 96 290
chair 0.0024 314 279 327 283
chair 0.0024 99 268 110 275
chair 0.0023 356 274 363 285
chair 0.0022 181 277 191 289
chair 0.0021 317 365 375 374
chair 0.0021 139 273 155 280
chair 0.0020 34 284 44 297
chair 0.0020 468 285 477 308
chair 0.0020 470 274 485 302
chair 0.0019 255 331 318 374
chair 0.0019 240 328 285 355
chair 0.0018 82 273 103 280
chair 0.0017 179 275 190 283
chair 0.0016 0 305 20 326
chair 0.0016 368 285 385 310
chair 0.0016 37 314 58 374
chair 0.0016 219 308 261 331
chair 0.0016 359 275 379 292
chair 0.0015 180 279 200 297
chair 0.0015 469 259 499 324
chair 0.0014 171 283 181 297
chair 0.0014 42 279 76 296
chair 0.0014 15 287 33 301
chair 0.0014 304 280 322 296
chair 0.0012 50 291 90 314
chair 0.0012 376 269 382 285
chair 0.0012 461 261 467 277
chair 0.0012 211 291 220 307
chair 0.0012 253 276 269 283
chair 0.0012 399 278 409 288
chair 0.0012 170 273 184 280
chair 0.0011 346 277 361 295
chair 0.0011 0 1 136 72
chair 0.0011 257 313 268 329
chair 0.0011 93 268 117 304
chair 0.0011 274 317 297 328
chair 0.0011 0 354 10 374
chair 0.0010 310 278 319 282
chair 0.0010 171 286 181 305
chair 0.0010 275 280 317 310
chair 0.0010 95 289 113 316
chair 0.0010 96 294 107 309
sofa 0.0205 0 281 20 298
sofa 0.0049 252 277 278 301
sofa 0.0018 0 304 56 374
pottedplant 0.3983 180 240 216 296
pottedplant 0.0855 133 252 157 276
pottedplant 0.0427 186 243 209 283
pottedplant 0.0410 114 249 158 286
pottedplant 0.0364 431 259 468 308
pottedplant 0.0332 224 245 239 268
pottedplant 0.0225 119 250 138 271
pottedplant 0.0188 329 258 346 304
pottedplant 0.0166 146 257 156 273
pottedplant 0.0162 119 250 153 273
pottedplant 0.0160 409 276 452 308
pottedplant 0.0151 108 250 127 283
pottedplant 0.0121 297 247 321 280
pottedplant 0.0098 108 239 157 272
pottedplant 0.0077 108 242 130 271
pottedplant 0.0077 109 253 117 267
pottedplant 0.0068 114 259 159 299
pottedplant 0.0068 114 250 129 270
pottedplant 0.0057 295 246 343 302
pottedplant 0.0057 137 253 145 272
pottedplant 0.0047 194 241 220 290
pottedplant 0.0040 137 266 156 277
pottedplant 0.0039 234 245 257 269
pottedplant 0.0037 118 268 152 281
pottedplant 0.0034 119 255 132 271
pottedplant 0.0032 260 248 268 269
pottedplant 0.0030 398 247 421 290
pottedplant 0.0029 237 246 248 267
pottedplant 0.0026 180 273 221 313
pottedplant 0.0026 109 251 121 274
pottedplant 0.0026 332 257 345 273
pottedplant 0.0025 145 265 156 276
pottedplant 0.0024 261 247 281 269
pottedplant 0.0023 256 247 266 266
pottedplant 0.0021 270 252 306 286
pottedplant 0.0021 242 246 250 265
pottedplant 0.0017 241 246 269 269
pottedplant 0.0015 118 265 141 285
pottedplant 0.0014 103 251 118 271
pottedplant 0.0014 259 247 265 262
pottedplant 0.0013 122 269 144 278
pottedplant 0.0013 120 259 128 270
pottedplant 0.0013 137 267 146 275
pottedplant 0.0012 102 266 122 308
pottedplant 0.0012 403 247 469 309
pottedplant 0.0012 169 239 186 277
pottedplant 0.0012 331 279 342 302
diningtable 0.7646 250 327 385 366
diningtable 0.5566 218 300 295 331
diningtable 0.3873 0 292 54 308
diningtable 0.2427 216 300 300 314
diningtable 0.2249 360 278 399 306
diningtable 0.1449 140 283 181 324
diningtable 0.1148 0 291 105 310
diningtable 0.0489 0 322 12 354
diningtable 0.0450 275 287 317 302
diningtable 0.0351 0 335 13 348
diningtable 0.0338 141 274 186 288
diningtable 0.0309 148 285 181 296
diningtable 0.0288 139 281 181 299
diningtable 0.0242 154 285 181 304
diningtable 0.0242 0 338 13 354
diningtable 0.0238 0 295 51 342
diningtable 0.0224 57 274 111 294
diningtable 0.0199 355 282 384 308
diningtable 0.0198 464 267 488 291
diningtable 0.0147 373 280 397 297
diningtable 0.0131 0 299 43 309
diningtable 0.0127 151 286 222 323
diningtable 0.0116 163 279 185 287
diningtable 0.0104 283 285 317 293
diningtable 0.0095 364 281 391 294
diningtable 0.0090 156 284 181 291
diningtable 0.0084 146 282 219 304
diningtable 0.0078 0 346 11 356
diningtable 0.0073 471 272 486 293
diningtable 0.0067 254 280 329 324
diningtable 0.0066 24 279 116 316
diningtable 0.0065 169 295 301 325
diningtable 0.0058 38 295 53 304
diningtable 0.0045 362 283 381 300
diningtable 0.0044 275 274 313 287
diningtable 0.0041 468 270 488 307
diningtable 0.0041 250 281 312 303
diningtable 0.0038 92 268 117 300
diningtable 0.0037 141 281 165 297
diningtable 0.0036 78 274 111 287
diningtable 0.0035 236 328 286 337
diningtable 0.0033 139 279 161 317
diningtable 0.0032 140 274 215 291
diningtable 0.0031 98 263 116 271
diningtable 0.0029 470 261 499 333
diningtable 0.0028 254 358 381 374
diningtable 0.0027 28 295 56 306
diningtable 0.0027 219 310 240 329
diningtable 0.0026 171 322 339 371
diningtable 0.0025 465 253 499 290
diningtable 0.0024 16 295 37 306
diningtable 0.0023 365 278 391 288
diningtable 0.0023 99 283 293 325
diningtable 0.0022 40 291 101 314
diningtable 0.0021 293 276 318 289
diningtable 0.0021 359 275 380 292
diningtable 0.0019 239 329 331 357
diningtable 0.0017 1 284 95 348
diningtable 0.0017 376 277 390 287
diningtable 0.0016 219 307 261 331
diningtable 0.0016 0 353 11 369
diningtable 0.0016 219 293 282 311
diningtable 0.0015 240 328 285 353
diningtable 0.0014 244 301 295 313
diningtable 0.0014 374 278 382 288
diningtable 0.0014 251 284 403 365
diningtable 0.0013 287 328 392 355
tvmonitor 0.0035 355 245 376 268
tvmonitor 0.0022 0 234 13 273
