person 0.2780 227 112 286 287
person 0.1955 0 99 89 304
person 0.1415 0 204 53 305
person 0.0288 0 3 98 241
person 0.0242 0 205 14 304
person 0.0075 0 148 49 264
person 0.0049 0 0 175 314
person 0.0033 0 187 49 227
person 0.0029 220 10 294 278
person 0.0027 0 19 49 297
person 0.0023 13 220 53 273
person 0.0019 0 107 16 306
bicycle 0.0150 289 240 398 371
bicycle 0.0012 287 270 347 372
motorbike 0.8643 256 4 465 370
motorbike 0.7760 0 3 277 362
motorbike 0.2379 159 18 281 343
motorbike 0.0035 224 71 303 121
motorbike 0.0023 168 161 267 346
motorbike 0.0017 368 6 461 368
motorbike 0.0011 0 69 167 369
bird 0.0014 343 345 374 374
