person 0.9603 91 91 206 491
person 0.9287 257 100 367 455
person 0.0097 99 123 287 443
person 0.0033 18 487 29 499
person 0.0026 95 476 184 499
person 0.0011 195 125 341 439
cat 0.0016 63 423 89 473
bottle 0.7901 182 194 195 246
bottle 0.0110 184 193 194 222
bottle 0.0093 18 486 29 499
bottle 0.0019 185 193 192 208
bottle 0.0011 180 222 188 246
chair 0.0227 0 414 42 443
chair 0.0123 0 414 42 477
chair 0.0031 0 414 90 477
chair 0.0028 357 211 374 294
chair 0.0028 360 272 374 297
chair 0.0025 355 176 375 387
pottedplant 0.6711 216 73 300 146
pottedplant 0.1649 0 151 58 271
pottedplant 0.1499 100 76 130 135
pottedplant 0.0140 180 88 210 109
pottedplant 0.0048 101 76 163 136
pottedplant 0.0030 23 221 54 270
pottedplant 0.0016 22 184 58 272
pottedplant 0.0011 217 73 270 113
diningtable 0.1263 0 417 102 499
diningtable 0.0140 8 469 102 499
diningtable 0.0064 59 470 103 499
diningtable 0.0034 1 414 62 483
diningtable 0.0031 2 445 63 498
diningtable 0.0021 20 469 184 500
diningtable 0.0017 0 476 49 499
tvmonitor 0.8275 184 208 280 365
tvmonitor 0.0208 162 106 240 144
tvmonitor 0.0026 100 208 280 377
