person 0.9408 121 124 271 260
person 0.9347 227 161 499 371
person 0.0077 38 246 51 265
person 0.0024 48 240 64 264
person 0.0016 36 239 66 266
person 0.0013 59 236 76 260
person 0.0011 52 250 61 262
car 0.4658 7 274 59 313
car 0.0814 28 296 118 365
car 0.0016 2 252 134 315
train 0.0031 7 267 123 368
bottle 0.0012 71 252 97 292
bottle 0.0010 55 298 82 331
chair 0.0491 439 185 499 255
chair 0.0155 436 89 499 254
chair 0.0112 439 211 481 255
chair 0.0047 21 26 201 212
chair 0.0025 388 148 499 255
chair 0.0022 219 215 239 272
pottedplant 0.2313 232 0 499 205
pottedplant 0.0072 359 1 499 138
pottedplant 0.0018 231 63 402 198
pottedplant 0.0011 433 4 499 190
pottedplant 0.0010 424 105 501 255
diningtable 0.2183 0 221 255 369
diningtable 0.0542 24 25 206 212
diningtable 0.0025 2 297 261 371
diningtable 0.0023 109 275 265 371
diningtable 0.0023 4 165 491 372
diningtable 0.0010 10 272 503 368
