person 0.0061 451 309 499 373
bottle 0.3006 431 293 443 320
bottle 0.2067 415 286 428 313
chair 0.7544 17 252 135 372
chair 0.0487 8 249 32 300
chair 0.0233 368 249 447 294
chair 0.0173 461 308 499 373
chair 0.0124 89 259 134 372
chair 0.0095 357 210 462 306
chair 0.0092 490 308 499 339
chair 0.0078 120 292 191 355
chair 0.0072 6 248 31 372
chair 0.0041 8 249 19 268
chair 0.0039 91 259 121 328
chair 0.0038 84 268 195 354
chair 0.0031 488 308 499 361
chair 0.0023 469 356 499 374
chair 0.0022 0 244 14 371
chair 0.0020 479 309 499 368
chair 0.0020 8 254 21 299
chair 0.0019 138 205 249 330
chair 0.0015 360 202 460 262
chair 0.0013 192 199 248 285
chair 0.0012 6 247 277 366
sofa 0.9258 137 246 396 371
sofa 0.0325 17 256 134 373
sofa 0.0281 451 355 500 374
sofa 0.0261 358 208 459 307
sofa 0.0059 92 276 322 371
sofa 0.0053 358 198 456 260
sofa 0.0051 373 196 454 231
sofa 0.0022 454 306 499 372
sofa 0.0018 366 249 444 296
sofa 0.0013 396 355 500 374
pottedplant 0.1713 224 200 248 251
pottedplant 0.0212 204 199 251 254
pottedplant 0.0064 180 199 247 297
pottedplant 0.0057 215 199 249 286
pottedplant 0.0010 226 200 279 253
diningtable 0.0437 121 300 190 350
diningtable 0.0398 137 321 286 373
diningtable 0.0271 333 275 497 369
diningtable 0.0087 63 291 334 372
diningtable 0.0050 97 265 189 351
diningtable 0.0049 64 288 235 354
diningtable 0.0048 -4 255 398 373
diningtable 0.0028 460 206 499 241
diningtable 0.0013 113 267 140 290
diningtable 0.0013 328 272 411 320
tvmonitor 0.0042 46 150 83 217
