person 0.9607 162 82 372 328
person 0.0019 495 132 500 146
person 0.0014 491 132 500 165
aeroplane 0.0090 0 133 16 139
boat 0.0027 315 149 497 224
boat 0.0017 4 11 496 321
boat 0.0014 462 132 500 223
bird 0.0104 0 133 15 139
bird 0.0012 0 125 16 143
bottle 0.0063 495 132 500 160
bottle 0.0010 491 132 499 163
chair 0.4253 341 199 499 328
chair 0.1981 466 170 499 222
chair 0.0194 124 198 206 323
chair 0.0069 0 286 29 330
chair 0.0046 160 263 208 325
chair 0.0044 466 171 499 324
chair 0.0037 315 164 481 225
chair 0.0025 314 175 385 223
chair 0.0020 0 201 193 317
chair 0.0017 338 198 500 237
chair 0.0016 489 160 499 172
chair 0.0014 470 247 500 328
chair 0.0013 0 210 102 307
chair 0.0010 153 297 207 330
pottedplant 0.0065 466 131 499 221
pottedplant 0.0013 489 158 499 172
diningtable 0.3821 1 282 198 329
diningtable 0.0406 0 284 38 330
diningtable 0.0382 0 208 206 328
diningtable 0.0291 21 303 185 330
diningtable 0.0071 92 304 208 330
diningtable 0.0061 11 304 39 331
diningtable 0.0052 358 296 473 329
diningtable 0.0018 1 281 500 336
diningtable 0.0016 153 307 208 330
