bottle 0.0146 75 210 90 237
bottle 0.0052 78 209 87 220
chair 0.9286 205 225 278 327
chair 0.9018 269 193 316 271
chair 0.8822 144 220 210 310
chair 0.7808 237 195 273 234
chair 0.6727 0 278 31 373
chair 0.5468 210 196 241 239
chair 0.2852 470 244 499 373
chair 0.2402 96 289 182 372
chair 0.1816 317 239 476 305
chair 0.1427 123 206 157 222
chair 0.1314 252 196 274 230
chair 0.1023 0 209 45 246
chair 0.1020 104 217 153 289
chair 0.0887 317 220 498 373
chair 0.0810 104 222 163 232
chair 0.0784 0 226 12 279
chair 0.0637 253 196 273 213
chair 0.0607 95 209 124 221
chair 0.0590 374 215 474 254
chair 0.0549 287 183 306 190
chair 0.0425 236 195 253 216
chair 0.0392 74 209 124 237
chair 0.0340 187 206 225 249
chair 0.0333 218 196 240 212
chair 0.0328 236 195 253 237
chair 0.0315 188 207 212 223
chair 0.0289 143 220 177 298
chair 0.0270 208 197 223 221
chair 0.0249 166 207 189 231
chair 0.0218 123 207 138 222
chair 0.0217 104 216 161 229
chair 0.0215 376 215 476 301
chair 0.0201 115 219 136 224
chair 0.0191 269 194 289 225
chair 0.0188 209 196 269 262
chair 0.0138 79 212 121 275
chair 0.0135 292 194 316 215
chair 0.0120 154 220 204 232
chair 0.0100 158 210 168 226
chair 0.0098 0 220 13 246
chair 0.0098 410 186 471 217
chair 0.0096 318 241 374 300
chair 0.0089 155 186 197 291
chair 0.0080 269 193 312 226
chair 0.0080 99 217 214 284
chair 0.0072 243 196 286 267
chair 0.0069 190 212 225 301
chair 0.0064 211 195 233 212
chair 0.0059 73 209 88 221
chair 0.0057 73 218 106 291
chair 0.0057 73 207 125 222
chair 0.0054 97 217 119 224
chair 0.0047 0 212 6 226
chair 0.0043 102 218 164 255
chair 0.0042 127 221 188 268
chair 0.0042 207 224 277 270
chair 0.0040 236 195 248 211
chair 0.0039 142 207 156 222
chair 0.0036 96 218 118 237
chair 0.0035 161 182 190 211
chair 0.0034 266 194 280 225
chair 0.0033 72 220 89 238
chair 0.0033 178 207 192 221
chair 0.0032 281 183 291 191
chair 0.0030 104 220 137 231
chair 0.0029 103 215 141 245
chair 0.0025 264 226 280 268
chair 0.0024 213 197 224 211
chair 0.0023 208 207 215 224
chair 0.0023 0 211 12 229
chair 0.0022 174 216 215 307
chair 0.0021 146 210 198 243
chair 0.0021 158 214 223 269
chair 0.0020 414 204 425 216
chair 0.0020 250 194 270 198
chair 0.0019 235 194 245 200
chair 0.0019 290 195 314 231
chair 0.0018 17 240 102 371
chair 0.0017 122 249 142 292
chair 0.0017 269 194 287 261
chair 0.0016 242 194 252 199
chair 0.0016 208 196 220 210
chair 0.0015 145 254 199 306
chair 0.0015 0 217 31 353
chair 0.0014 204 218 226 321
chair 0.0014 269 192 290 198
chair 0.0013 370 189 407 217
chair 0.0011 321 179 333 189
chair 0.0011 215 193 240 205
chair 0.0011 28 209 44 243
chair 0.0011 244 196 260 212
chair 0.0010 272 194 291 212
chair 0.0010 180 213 211 233
chair 0.0010 147 234 193 288
sofa 0.6446 315 233 498 371
sofa 0.6141 470 244 499 372
sofa 0.5216 0 278 31 372
sofa 0.3013 317 240 478 304
sofa 0.0041 373 215 476 300
sofa 0.0029 0 209 46 247
sofa 0.0028 0 225 13 277
sofa 0.0022 318 241 375 299
sofa 0.0013 0 219 43 278
sofa 0.0013 180 179 504 362
sofa 0.0010 0 221 31 349
pottedplant 0.7812 322 114 468 236
pottedplant 0.4453 221 158 243 192
pottedplant 0.3761 159 182 192 223
pottedplant 0.2928 304 281 347 324
pottedplant 0.1457 119 153 157 222
pottedplant 0.1386 78 210 108 238
pottedplant 0.1175 187 207 227 256
pottedplant 0.0737 206 217 227 254
pottedplant 0.0627 72 209 90 237
pottedplant 0.0435 144 197 229 299
pottedplant 0.0341 183 206 228 296
pottedplant 0.0325 163 204 192 228
pottedplant 0.0319 160 178 218 223
pottedplant 0.0189 157 197 169 224
pottedplant 0.0132 161 194 194 243
pottedplant 0.0130 209 164 243 218
pottedplant 0.0091 119 152 138 198
pottedplant 0.0090 86 211 105 232
pottedplant 0.0068 186 194 218 223
pottedplant 0.0067 72 210 121 293
pottedplant 0.0054 304 282 348 303
pottedplant 0.0050 150 184 224 260
pottedplant 0.0050 204 215 228 296
pottedplant 0.0049 229 171 243 190
pottedplant 0.0043 134 190 155 207
pottedplant 0.0042 163 157 221 212
pottedplant 0.0041 89 211 106 223
pottedplant 0.0039 120 152 193 221
pottedplant 0.0039 208 193 239 222
pottedplant 0.0039 161 156 245 244
pottedplant 0.0028 221 169 229 192
pottedplant 0.0020 82 204 232 239
pottedplant 0.0018 152 207 221 241
pottedplant 0.0018 86 217 120 232
pottedplant 0.0016 74 209 88 221
pottedplant 0.0014 75 206 123 249
pottedplant 0.0013 123 192 157 221
pottedplant 0.0012 124 192 191 223
pottedplant 0.0010 162 182 190 206
pottedplant 0.0010 320 164 333 189
diningtable 0.5294 72 225 213 294
diningtable 0.3448 304 295 475 373
diningtable 0.1610 96 290 182 371
diningtable 0.0522 95 221 204 236
diningtable 0.0478 82 217 214 245
diningtable 0.0462 103 220 164 233
diningtable 0.0284 213 191 337 220
diningtable 0.0240 0 225 13 246
diningtable 0.0235 213 189 328 208
diningtable 0.0199 75 226 213 371
diningtable 0.0188 76 212 121 238
diningtable 0.0183 74 226 216 257
diningtable 0.0135 213 195 276 217
diningtable 0.0077 290 189 343 198
diningtable 0.0075 214 189 281 205
diningtable 0.0074 238 195 299 221
diningtable 0.0067 269 193 316 271
diningtable 0.0066 232 190 284 199
diningtable 0.0065 216 193 326 262
diningtable 0.0060 252 195 278 231
diningtable 0.0055 90 231 191 247
diningtable 0.0052 0 224 12 232
diningtable 0.0049 251 191 324 213
diningtable 0.0042 253 194 273 199
diningtable 0.0040 105 231 154 294
diningtable 0.0039 218 189 289 197
diningtable 0.0036 100 225 177 237
diningtable 0.0027 145 215 200 238
diningtable 0.0025 109 212 196 233
diningtable 0.0021 80 186 499 338
diningtable 0.0021 210 196 242 221
diningtable 0.0020 88 201 223 259
diningtable 0.0019 102 229 160 238
diningtable 0.0016 209 188 402 226
diningtable 0.0016 291 189 344 217
diningtable 0.0015 0 231 105 294
diningtable 0.0014 162 166 499 278
diningtable 0.0011 264 189 347 203
tvmonitor 0.0978 412 186 471 217
tvmonitor 0.0038 267 159 302 189
