person 0.0345 168 231 185 257
person 0.0239 247 180 268 204
person 0.0212 148 222 161 246
person 0.0198 246 181 258 202
person 0.0152 139 224 153 243
person 0.0099 254 184 268 208
person 0.0067 179 232 189 258
person 0.0024 273 191 283 210
person 0.0021 140 227 148 242
person 0.0013 255 180 283 211
car 0.0217 379 298 499 372
car 0.0148 0 328 31 363
bus 0.9454 1 171 234 295
bus 0.8931 1 113 312 246
bus 0.7984 78 50 384 182
bus 0.2752 291 306 458 373
bus 0.2364 395 298 499 372
bus 0.0566 215 51 402 160
bus 0.0355 193 80 377 183
bus 0.0140 169 115 318 222
bus 0.0059 1 107 313 177
bus 0.0030 0 221 8 282
bus 0.0020 290 138 317 220
bus 0.0016 296 65 406 160
bus 0.0012 0 246 5 280
