person 0.8737 162 185 182 256
person 0.8347 77 192 92 222
person 0.7140 189 194 203 221
person 0.5579 203 189 210 208
person 0.5314 94 188 104 255
person 0.4473 177 190 188 222
person 0.1724 208 183 214 204
person 0.1563 175 187 186 253
person 0.1560 93 189 103 221
person 0.1048 72 189 79 207
person 0.0862 195 192 202 208
person 0.0381 96 223 103 255
person 0.0304 141 202 146 216
person 0.0278 96 188 103 210
person 0.0246 171 185 179 196
person 0.0245 184 195 191 211
person 0.0243 67 191 73 205
person 0.0186 206 185 212 204
person 0.0184 188 194 194 208
person 0.0180 186 194 196 219
person 0.0162 73 188 78 197
person 0.0131 67 182 74 203
person 0.0123 62 191 68 203
person 0.0100 215 182 222 202
person 0.0100 203 189 208 198
person 0.0097 173 183 179 192
person 0.0093 55 189 60 203
person 0.0083 69 193 78 208
person 0.0082 170 182 175 188
person 0.0077 207 181 217 204
person 0.0067 162 185 181 223
person 0.0064 199 191 205 208
person 0.0060 175 190 181 198
person 0.0058 169 182 176 194
person 0.0046 54 189 58 202
person 0.0045 94 203 103 238
person 0.0044 176 189 184 201
person 0.0038 139 201 146 230
person 0.0034 178 191 186 206
person 0.0031 366 227 374 238
person 0.0029 54 186 58 195
person 0.0028 178 190 184 198
person 0.0025 88 194 95 209
person 0.0024 63 182 68 201
person 0.0023 196 190 201 197
person 0.0022 209 183 213 191
person 0.0022 221 183 229 198
person 0.0021 185 193 195 209
person 0.0020 210 173 217 182
person 0.0018 78 193 85 206
person 0.0018 68 182 74 193
person 0.0017 99 188 103 197
person 0.0016 190 167 203 180
person 0.0014 61 193 71 205
person 0.0013 55 194 64 204
person 0.0011 59 194 68 204
bicycle 0.2064 176 224 183 254
bicycle 0.0318 165 223 180 255
bicycle 0.0294 96 223 103 255
bicycle 0.0156 173 228 180 255
bicycle 0.0093 166 232 174 255
car 0.0363 238 196 249 202
train 0.1951 0 1 199 498
train 0.0600 64 178 103 208
train 0.0192 52 9 229 380
train 0.0063 0 0 59 499
train 0.0033 89 128 185 486
train 0.0031 37 3 349 494
