bicycle 0.1571 0 260 29 372
chair 0.9380 100 219 232 364
chair 0.9013 365 204 474 351
chair 0.1273 0 259 29 372
chair 0.1237 0 260 6 297
chair 0.0664 485 282 499 373
chair 0.0616 244 242 333 348
chair 0.0028 0 258 16 297
chair 0.0022 0 257 5 280
chair 0.0010 490 315 499 374
sofa 0.2533 365 204 474 350
sofa 0.1502 100 219 232 364
pottedplant 0.6097 271 218 315 247
pottedplant 0.2911 260 164 316 249
pottedplant 0.0109 266 232 317 254
pottedplant 0.0096 254 162 290 179
pottedplant 0.0053 243 163 329 348
pottedplant 0.0027 18 156 117 336
pottedplant 0.0018 246 161 291 192
pottedplant 0.0010 277 189 315 247
diningtable 0.2669 1 335 104 372
diningtable 0.1156 243 241 333 348
diningtable 0.0302 484 282 500 372
diningtable 0.0190 0 263 105 373
diningtable 0.0018 0 336 28 374
diningtable 0.0012 0 262 50 371
diningtable 0.0010 242 242 329 266
