person 0.1314 388 285 499 369
person 0.0667 159 119 197 167
person 0.0373 144 102 168 133
person 0.0037 159 127 185 161
person 0.0025 188 179 194 194
person 0.0023 182 110 204 132
person 0.0020 277 286 499 370
person 0.0013 154 106 219 167
person 0.0012 89 125 118 148
person 0.0011 448 285 499 368
bicycle 0.0018 132 142 164 165
aeroplane 0.0081 65 101 482 237
aeroplane 0.0010 199 109 421 227
boat 0.3738 26 96 495 351
boat 0.0340 39 99 462 235
boat 0.0068 295 114 487 346
boat 0.0017 298 121 436 215
boat 0.0013 54 132 326 255
boat 0.0011 64 103 286 194
boat 0.0011 209 111 412 225
bird 0.0025 159 123 196 168
sofa 0.0015 386 284 499 369
