person 0.1717 158 134 173 147
person 0.0775 156 135 165 147
person 0.0559 143 138 154 151
person 0.0533 166 133 176 146
person 0.0480 183 125 198 146
person 0.0416 173 136 181 146
person 0.0042 57 183 74 192
person 0.0037 143 156 150 167
person 0.0035 213 126 220 132
person 0.0033 147 136 158 150
person 0.0029 57 183 63 192
person 0.0022 72 183 87 192
person 0.0018 384 105 391 114
person 0.0017 179 124 199 157
person 0.0014 391 106 402 114
person 0.0012 177 133 187 145
car 0.1469 73 183 99 192
car 0.0024 57 183 74 192
aeroplane 0.9388 44 49 452 216
aeroplane 0.0062 0 163 60 194
aeroplane 0.0025 1 163 52 172
aeroplane 0.0024 0 17 27 31
aeroplane 0.0013 35 183 67 193
aeroplane 0.0013 71 182 99 193
aeroplane 0.0013 0 170 25 195
