person 0.8061 85 236 96 257
person 0.7574 41 237 54 278
person 0.6543 96 239 109 255
person 0.6488 78 239 86 258
person 0.6217 29 237 43 278
person 0.4895 69 239 79 261
person 0.4422 29 237 43 259
person 0.1406 62 240 76 273
person 0.0852 64 243 72 262
person 0.0498 57 250 65 273
person 0.0421 42 237 54 258
person 0.0068 72 239 78 246
person 0.0057 1 247 15 270
person 0.0057 29 238 36 254
person 0.0051 42 237 52 250
person 0.0043 282 197 347 233
person 0.0027 96 240 101 249
person 0.0021 88 236 93 242
person 0.0019 79 240 85 247
person 0.0018 108 247 113 255
person 0.0013 68 237 79 277
person 0.0011 19 252 29 271
bicycle 0.0016 56 249 69 274
bicycle 0.0015 0 267 6 280
car 0.7495 57 255 136 315
car 0.0056 58 255 108 296
car 0.0034 19 255 32 272
car 0.0027 92 259 145 316
car 0.0021 56 249 72 274
car 0.0017 81 244 251 324
car 0.0016 78 180 255 390
car 0.0010 64 252 196 314
bird 0.0010 83 495 92 499
horse 0.9138 99 81 300 499
chair 0.0143 315 182 374 228
chair 0.0075 56 251 65 273
chair 0.0066 316 182 374 205
chair 0.0014 342 203 367 230
chair 0.0012 306 180 375 419
