person 0.9035 154 111 239 358
person 0.8904 5 111 89 357
person 0.8883 276 171 380 358
person 0.8797 221 226 349 359
person 0.8662 345 127 450 358
person 0.8555 85 127 176 358
person 0.7927 226 77 306 177
person 0.6950 303 89 359 180
person 0.6878 226 144 315 297
person 0.6812 0 137 36 356
person 0.5341 147 90 190 161
person 0.1465 383 95 455 202
person 0.1294 382 100 459 322
person 0.0472 74 215 116 358
person 0.0216 345 160 383 357
person 0.0150 40 117 119 357
person 0.0142 0 257 36 356
person 0.0132 0 163 59 293
person 0.0115 303 90 374 234
person 0.0109 0 137 19 211
person 0.0070 168 147 187 160
person 0.0062 150 93 191 237
person 0.0056 83 90 191 168
person 0.0051 0 105 21 316
person 0.0029 304 90 442 182
person 0.0029 224 78 314 254
person 0.0025 1 193 59 248
person 0.0022 81 125 123 342
person 0.0020 118 111 197 335
person 0.0015 442 256 463 358
person 0.0015 142 135 182 306
person 0.0013 158 111 236 222
person 0.0012 416 128 462 355
person 0.0011 377 167 410 345
bottle 0.6598 190 256 204 298
bottle 0.1388 177 201 192 236
bottle 0.0346 109 291 125 343
bottle 0.0103 109 294 124 321
bottle 0.0089 106 272 125 325
bottle 0.0035 319 280 337 301
bottle 0.0034 165 162 225 244
bottle 0.0027 225 332 257 359
bottle 0.0022 177 187 189 229
bottle 0.0014 320 280 335 287
bottle 0.0011 178 199 187 218
bottle 0.0010 233 342 257 359
