car 0.8738 190 137 339 191
car 0.5900 179 136 200 184
car 0.1265 179 135 237 184
car 0.0434 180 159 198 186
car 0.0086 192 154 200 185
car 0.0033 317 144 341 190
car 0.0017 181 168 194 186
car 0.0014 180 136 199 157
car 0.0013 328 146 341 161
car 0.0012 181 137 238 161
car 0.0011 225 129 282 140
car 0.0010 226 143 236 156
cat 0.4454 310 306 353 328
dog 0.3139 309 305 353 327
dog 0.0016 291 284 367 345
chair 0.2638 141 209 200 343
chair 0.1316 34 359 122 374
chair 0.0669 291 284 371 348
chair 0.0127 489 343 499 374
chair 0.0041 141 259 171 342
chair 0.0026 477 343 499 375
chair 0.0018 192 204 209 262
sofa 0.9270 194 183 337 266
sofa 0.8906 141 210 200 342
sofa 0.0716 291 286 370 347
sofa 0.0025 141 260 171 341
sofa 0.0017 140 210 200 265
pottedplant 0.1867 140 229 169 261
pottedplant 0.0195 350 240 368 274
diningtable 0.3873 220 233 285 309
diningtable 0.0096 221 233 284 266
diningtable 0.0012 202 228 333 264
tvmonitor 0.5169 366 204 422 299
tvmonitor 0.1165 378 172 425 205
tvmonitor 0.0240 371 54 394 87
tvmonitor 0.0020 362 250 371 282
