person 0.5693 176 98 227 124
person 0.0135 98 132 134 158
person 0.0099 201 114 225 124
person 0.0064 176 98 203 123
person 0.0038 141 105 158 124
person 0.0033 220 114 234 120
person 0.0033 205 113 237 123
person 0.0024 180 101 275 124
person 0.0019 21 91 238 168
person 0.0018 216 114 225 122
person 0.0015 120 110 146 127
person 0.0014 119 103 158 126
person 0.0014 101 115 157 157
person 0.0013 218 114 234 123
person 0.0011 113 132 137 152
car 0.2286 20 91 350 170
motorbike 0.3356 21 92 351 170
