person 0.8146 357 49 476 317
person 0.0135 482 97 499 145
person 0.0042 425 241 446 316
person 0.0038 358 48 475 181
person 0.0033 417 169 455 316
car 0.0902 228 318 500 372
bird 0.0012 55 297 97 339
dog 0.0022 30 152 81 200
sheep 0.0018 30 152 80 199
cow 0.0075 30 152 80 200
bottle 0.8960 0 249 67 373
bottle 0.0323 0 271 13 370
bottle 0.0102 0 287 8 369
bottle 0.0087 0 272 15 316
bottle 0.0068 0 311 4 370
bottle 0.0063 0 151 20 275
chair 0.0063 439 144 499 292
chair 0.0053 460 96 499 146
chair 0.0015 387 316 494 328
sofa 0.0038 256 143 361 176
diningtable 0.0294 229 316 500 372
diningtable 0.0097 374 229 443 320
diningtable 0.0019 0 250 129 373
diningtable 0.0015 389 316 500 329
diningtable 0.0010 255 227 469 324
