person 0.9408 119 46 221 287
person 0.0504 404 99 499 178
person 0.0271 405 99 499 269
person 0.0177 74 72 94 110
person 0.0123 465 217 499 273
person 0.0079 462 95 499 268
person 0.0073 0 221 4 233
person 0.0037 464 219 499 370
person 0.0029 76 73 91 87
person 0.0026 408 96 498 140
person 0.0022 481 98 499 131
person 0.0020 478 58 499 130
person 0.0019 0 220 6 242
person 0.0018 456 97 500 133
person 0.0017 73 47 82 62
person 0.0016 182 75 203 106
person 0.0011 0 216 10 241
car 0.1001 238 117 357 181
car 0.0937 241 118 310 146
car 0.0493 404 110 499 178
car 0.0402 73 72 95 112
car 0.0342 329 65 499 181
car 0.0303 292 63 340 97
car 0.0248 82 145 133 163
car 0.0214 297 83 312 96
car 0.0199 76 117 120 136
car 0.0190 72 69 118 114
car 0.0169 186 108 345 164
car 0.0166 297 82 339 97
car 0.0134 269 118 309 142
car 0.0129 263 119 321 169
car 0.0110 341 122 415 183
car 0.0108 31 61 108 118
car 0.0090 247 116 355 150
car 0.0079 74 95 118 118
car 0.0059 201 116 312 152
car 0.0059 168 72 201 93
car 0.0051 405 101 499 262
car 0.0050 72 93 94 113
car 0.0049 42 87 54 97
car 0.0049 183 78 498 179
car 0.0047 76 56 133 110
car 0.0043 39 28 68 65
car 0.0037 294 44 422 97
car 0.0034 190 105 217 119
car 0.0034 0 151 36 190
car 0.0031 92 66 109 100
car 0.0029 236 118 489 183
car 0.0029 174 72 204 106
car 0.0026 41 52 66 65
car 0.0025 28 30 135 122
car 0.0022 340 123 415 146
car 0.0022 344 153 413 183
car 0.0022 40 42 90 65
car 0.0021 92 65 128 104
car 0.0020 189 71 337 150
car 0.0019 82 147 110 161
car 0.0019 0 154 3 165
car 0.0018 155 16 236 90
car 0.0018 344 154 363 175
car 0.0018 95 44 133 70
car 0.0017 304 140 360 185
car 0.0016 331 61 499 122
car 0.0015 155 22 207 69
car 0.0015 218 125 263 147
car 0.0014 96 81 108 96
car 0.0014 41 48 70 60
car 0.0011 76 97 122 136
car 0.0011 339 107 417 157
car 0.0011 0 191 65 242
car 0.0011 0 154 5 167
car 0.0011 303 157 316 176
car 0.0011 339 44 421 86
car 0.0011 75 98 99 118
car 0.0010 89 98 120 112
motorbike 0.0023 344 154 363 175
bird 0.0023 342 140 356 148
cat 0.0116 464 217 499 274
cat 0.0020 464 218 499 368
dog 0.0080 466 219 499 272
pottedplant 0.0019 0 104 42 146
tvmonitor 0.0015 4 2 106 115
