person 0.7243 163 309 182 341
person 0.0795 182 327 195 340
person 0.0505 169 316 195 342
person 0.0053 163 310 173 332
person 0.0029 174 311 181 329
person 0.0025 197 333 208 340
person 0.0020 163 310 169 320
person 0.0016 146 327 152 332
person 0.0014 168 325 184 341
person 0.0013 201 332 207 339
person 0.0013 130 324 138 331
person 0.0013 169 326 208 350
person 0.0012 139 324 153 332
person 0.0011 185 327 195 334
boat 0.9547 43 110 219 354
boat 0.1214 42 320 219 354
boat 0.0039 300 274 308 287
boat 0.0024 299 247 309 287
boat 0.0023 190 332 210 341
boat 0.0022 299 247 310 317
boat 0.0017 173 328 213 353
boat 0.0016 158 315 220 354
boat 0.0011 45 323 71 333
