person 0.4508 408 176 415 199
person 0.1999 126 240 142 261
person 0.0898 418 182 423 198
person 0.0890 335 194 345 219
person 0.0737 282 223 297 238
person 0.0726 216 223 232 249
person 0.0382 248 197 264 226
person 0.0302 333 197 347 229
person 0.0260 327 187 333 207
person 0.0248 333 217 347 230
person 0.0104 214 200 228 221
person 0.0083 363 192 379 208
person 0.0077 275 193 282 225
person 0.0075 356 186 368 208
person 0.0072 343 189 353 203
person 0.0071 211 180 220 189
person 0.0070 240 176 249 195
person 0.0047 453 256 498 290
person 0.0045 337 188 356 210
person 0.0045 313 181 329 213
person 0.0033 216 203 240 242
person 0.0030 355 187 371 218
person 0.0028 4 184 13 198
person 0.0027 335 193 343 206
person 0.0027 422 184 428 198
person 0.0026 336 184 367 208
person 0.0026 97 173 109 195
person 0.0024 177 196 200 221
person 0.0024 231 211 239 231
person 0.0024 286 194 296 211
person 0.0024 275 193 292 226
person 0.0023 81 171 128 195
person 0.0023 207 181 213 189
person 0.0022 370 191 378 204
person 0.0022 206 178 221 190
person 0.0017 190 196 200 218
person 0.0015 464 186 475 197
person 0.0015 211 171 215 176
person 0.0015 332 177 355 227
person 0.0015 234 210 242 231
person 0.0013 305 178 313 187
person 0.0012 330 187 339 211
person 0.0012 213 218 236 243
person 0.0011 371 171 388 212
person 0.0011 314 177 326 200
person 0.0010 312 197 330 214
person 0.0010 310 194 321 212
car 0.9415 367 197 499 371
car 0.4065 22 163 170 251
car 0.1132 332 172 380 218
car 0.1032 275 168 329 227
car 0.0313 258 281 307 373
car 0.0222 369 171 387 198
car 0.0163 333 172 369 199
car 0.0135 174 174 260 237
car 0.0106 315 175 328 201
car 0.0048 22 194 113 250
car 0.0021 336 173 368 188
car 0.0018 421 233 499 289
car 0.0018 67 163 136 198
car 0.0016 276 168 318 201
car 0.0012 411 196 499 211
car 0.0011 366 170 396 224
motorbike 0.0037 363 193 380 208
motorbike 0.0031 247 197 265 226
motorbike 0.0026 335 183 369 208
motorbike 0.0025 311 189 330 214
motorbike 0.0010 341 188 362 211
bus 0.0142 315 171 328 201
bus 0.0131 368 171 391 211
bus 0.0073 277 169 318 201
bus 0.0015 66 163 137 198
train 0.0018 369 171 498 222
dog 0.0018 219 229 231 249
chair 0.0122 259 281 306 371
chair 0.0010 284 277 302 293
chair 0.0010 272 276 305 343
