person 0.9521 405 140 499 369
person 0.9251 327 135 429 373
person 0.8988 159 200 220 373
person 0.8838 201 166 293 368
person 0.8574 241 297 298 374
person 0.0117 245 167 304 328
person 0.0086 465 270 499 294
person 0.0037 283 250 301 326
person 0.0036 409 254 500 368
person 0.0029 0 210 13 231
person 0.0025 201 174 238 362
person 0.0016 189 295 297 375
person 0.0010 264 201 302 341
bus 0.0068 2 0 498 370
chair 0.0086 463 271 499 301
chair 0.0042 408 262 426 294
chair 0.0032 482 258 499 287
chair 0.0019 410 262 499 328
chair 0.0019 461 272 500 328
chair 0.0018 407 261 433 315
chair 0.0014 437 270 499 313
chair 0.0012 483 278 499 325
