person 0.9553 213 87 452 371
person 0.9037 112 147 248 371
person 0.0400 483 163 500 214
person 0.0035 489 206 499 243
person 0.0030 391 195 413 231
person 0.0020 456 189 470 220
person 0.0018 379 195 405 229
person 0.0017 476 164 500 244
person 0.0016 47 135 432 373
person 0.0014 451 189 467 212
person 0.0012 488 189 500 214
person 0.0011 491 256 499 323
person 0.0010 456 189 465 207
person 0.0010 461 210 498 354
bottle 0.8519 6 19 32 103
bottle 0.7753 14 230 41 318
bottle 0.7319 38 124 65 204
bottle 0.7150 84 221 106 295
bottle 0.7065 63 128 83 206
bottle 0.6941 69 319 90 374
bottle 0.6835 113 136 133 202
bottle 0.6577 49 325 71 374
bottle 0.5597 473 215 491 276
bottle 0.5110 76 50 95 119
bottle 0.4619 141 76 160 133
bottle 0.4325 456 218 473 275
bottle 0.4321 490 214 500 282
bottle 0.3523 130 139 146 190
bottle 0.3335 181 90 194 142
bottle 0.2898 100 221 115 292
bottle 0.2488 155 79 166 133
bottle 0.2479 0 36 7 99
bottle 0.2184 449 203 460 246
bottle 0.1481 190 92 204 143
bottle 0.1277 447 210 460 272
bottle 0.0652 484 212 495 244
bottle 0.0472 460 208 468 232
bottle 0.0322 467 214 479 246
bottle 0.0310 492 215 499 238
bottle 0.0296 52 66 66 113
bottle 0.0246 211 102 227 142
bottle 0.0244 432 208 444 243
bottle 0.0208 458 208 471 248
bottle 0.0207 464 218 477 275
bottle 0.0205 0 67 6 100
bottle 0.0183 416 224 424 242
bottle 0.0152 404 212 418 243
bottle 0.0119 5 264 17 317
bottle 0.0116 489 215 499 344
bottle 0.0087 206 96 217 142
bottle 0.0083 0 143 30 155
bottle 0.0077 208 56 248 98
bottle 0.0077 0 37 7 58
bottle 0.0070 0 103 44 202
bottle 0.0065 476 214 484 232
bottle 0.0063 412 225 420 242
bottle 0.0060 1 138 32 196
bottle 0.0057 53 72 77 112
bottle 0.0055 471 216 480 241
bottle 0.0049 85 39 122 119
bottle 0.0049 442 211 497 280
bottle 0.0048 444 202 453 242
bottle 0.0042 117 138 146 207
bottle 0.0041 228 76 265 97
bottle 0.0041 474 219 490 248
bottle 0.0038 384 202 398 229
bottle 0.0037 125 179 134 201
bottle 0.0035 441 210 451 243
bottle 0.0035 99 222 114 260
bottle 0.0034 436 289 452 366
bottle 0.0032 456 189 466 216
bottle 0.0031 84 224 101 260
bottle 0.0029 460 241 472 275
bottle 0.0029 0 139 5 205
bottle 0.0029 0 37 5 47
bottle 0.0027 83 84 96 116
bottle 0.0025 96 345 118 374
bottle 0.0025 443 233 455 272
bottle 0.0024 80 294 99 373
bottle 0.0024 -1 37 13 101
bottle 0.0023 475 216 485 242
bottle 0.0022 475 204 496 322
bottle 0.0021 15 86 31 104
bottle 0.0021 53 92 64 112
bottle 0.0021 5 265 16 293
bottle 0.0020 224 70 250 99
bottle 0.0020 147 135 169 169
bottle 0.0019 398 212 410 242
bottle 0.0019 59 239 85 284
bottle 0.0019 157 100 167 136
bottle 0.0018 0 267 8 321
bottle 0.0017 490 242 499 309
bottle 0.0017 75 128 84 204
bottle 0.0016 48 178 64 204
bottle 0.0016 444 200 454 221
bottle 0.0014 139 74 178 136
bottle 0.0014 480 260 491 281
bottle 0.0014 1 218 121 370
bottle 0.0014 94 60 116 108
bottle 0.0013 0 121 251 370
bottle 0.0013 412 130 422 157
bottle 0.0012 114 136 131 175
bottle 0.0012 141 52 155 127
bottle 0.0012 410 211 416 225
bottle 0.0012 377 200 394 221
bottle 0.0011 380 202 497 261
bottle 0.0011 1 246 11 318
bottle 0.0011 53 93 77 116
bottle 0.0010 85 35 105 80
bottle 0.0010 53 66 63 77
chair 0.1448 443 269 499 373
chair 0.0925 469 354 499 374
chair 0.0281 411 245 455 372
chair 0.0139 492 295 499 359
chair 0.0111 485 294 499 370
chair 0.0092 494 295 499 336
chair 0.0083 469 303 500 374
chair 0.0070 489 249 500 352
chair 0.0069 451 289 463 376
chair 0.0054 492 334 500 363
chair 0.0050 430 246 454 333
chair 0.0038 434 293 458 373
chair 0.0015 464 220 499 369
chair 0.0010 482 223 500 356
pottedplant 0.0851 76 1 250 98
pottedplant 0.0199 171 33 250 99
pottedplant 0.0162 73 0 199 67
pottedplant 0.0126 132 16 208 71
pottedplant 0.0069 76 0 144 39
pottedplant 0.0055 208 56 250 98
pottedplant 0.0055 168 33 216 80
pottedplant 0.0026 220 72 265 99
pottedplant 0.0017 49 0 145 58
pottedplant 0.0016 236 77 265 95
pottedplant 0.0014 389 194 417 242
pottedplant 0.0012 75 0 105 23
diningtable 0.0202 439 217 499 371
diningtable 0.0024 470 354 500 374
diningtable 0.0022 401 205 492 363
diningtable 0.0014 384 206 498 280
