person 0.9513 129 17 288 499
person 0.0020 0 52 14 109
bottle 0.3633 123 52 188 112
bottle 0.0886 137 104 175 143
bottle 0.0419 123 51 214 142
bottle 0.0153 134 94 212 143
bottle 0.0084 101 64 108 82
bottle 0.0058 96 65 107 91
bottle 0.0045 123 52 170 85
bottle 0.0042 38 92 49 109
bottle 0.0040 108 66 116 81
bottle 0.0038 121 90 128 108
bottle 0.0029 96 78 106 90
bottle 0.0026 95 74 107 107
bottle 0.0024 121 74 133 108
bottle 0.0022 160 96 188 112
bottle 0.0021 124 74 133 90
bottle 0.0017 135 72 141 81
bottle 0.0016 104 74 116 108
bottle 0.0013 132 81 152 92
bottle 0.0011 126 74 134 84
chair 0.8400 53 158 107 251
chair 0.7493 87 150 133 252
chair 0.5067 86 139 118 157
chair 0.4653 0 152 47 192
chair 0.4031 0 141 15 161
chair 0.3831 30 137 81 154
chair 0.2989 122 162 174 252
chair 0.2946 115 137 147 151
chair 0.2740 31 150 80 161
chair 0.2609 2 151 39 162
chair 0.1696 162 167 192 252
chair 0.1323 88 150 129 197
chair 0.1114 31 151 79 186
chair 0.0875 46 137 80 147
chair 0.0626 22 143 44 152
chair 0.0508 50 142 81 154
chair 0.0506 0 141 43 162
chair 0.0441 89 147 131 161
chair 0.0375 114 137 148 179
chair 0.0358 167 167 190 200
chair 0.0343 1 153 47 172
chair 0.0259 28 144 63 153
chair 0.0221 35 159 58 195
chair 0.0190 52 158 103 204
chair 0.0177 86 140 131 179
chair 0.0172 25 138 82 168
chair 0.0148 114 160 177 194
chair 0.0140 130 153 196 199
chair 0.0135 62 144 82 154
chair 0.0111 0 162 30 194
chair 0.0071 132 170 167 190
chair 0.0055 85 138 153 152
chair 0.0054 49 150 84 195
chair 0.0049 19 182 65 277
chair 0.0048 20 148 49 167
chair 0.0044 132 168 166 213
chair 0.0044 136 173 165 243
chair 0.0041 39 160 56 184
chair 0.0038 0 140 15 151
chair 0.0033 22 140 53 154
chair 0.0027 109 134 166 197
chair 0.0027 -2 141 19 194
chair 0.0021 115 141 140 161
chair 0.0020 160 195 180 252
chair 0.0018 172 200 193 242
chair 0.0015 110 148 132 161
chair 0.0015 26 156 136 255
chair 0.0014 115 135 147 143
chair 0.0012 109 151 144 203
chair 0.0012 167 146 202 201
chair 0.0011 158 193 170 252
chair 0.0011 125 141 160 152
chair 0.0011 182 179 194 237
chair 0.0010 123 143 148 151
diningtable 0.4032 112 160 182 253
diningtable 0.1195 33 151 79 161
diningtable 0.1125 31 151 79 186
diningtable 0.1069 111 159 182 174
diningtable 0.0872 131 149 194 167
diningtable 0.0813 130 147 197 194
diningtable 0.0295 114 154 186 170
diningtable 0.0236 0 158 47 193
diningtable 0.0151 113 161 178 192
diningtable 0.0116 8 155 171 252
diningtable 0.0097 106 161 162 172
diningtable 0.0091 129 134 198 170
diningtable 0.0064 112 138 163 192
diningtable 0.0034 8 139 159 190
diningtable 0.0033 155 136 185 156
diningtable 0.0023 0 105 163 128
diningtable 0.0011 6 121 155 153
diningtable 0.0010 129 164 179 174
