person 0.8478 1 12 499 426
person 0.1479 0 194 31 353
person 0.0694 320 -8 498 407
person 0.0625 78 2 205 208
person 0.0318 226 1 498 259
person 0.0296 0 119 37 328
person 0.0211 106 1 200 114
person 0.0197 0 279 13 361
person 0.0177 183 9 226 68
person 0.0128 0 14 206 307
person 0.0109 111 0 172 52
person 0.0107 41 0 118 51
person 0.0107 0 122 35 197
person 0.0067 0 278 13 317
person 0.0046 8 1 200 105
person 0.0045 453 91 500 404
person 0.0043 11 0 118 90
person 0.0036 0 192 44 418
person 0.0031 0 320 9 361
person 0.0029 0 276 27 361
person 0.0023 471 45 499 344
person 0.0019 32 0 180 58
person 0.0018 412 0 499 103
person 0.0017 409 1 500 396
person 0.0014 0 0 62 91
person 0.0013 0 221 499 422
person 0.0013 0 260 31 431
person 0.0012 0 124 20 243
person 0.0012 0 193 160 423
person 0.0011 0 26 30 91
cat 0.0010 0 122 33 196
chair 0.0664 0 195 31 353
chair 0.0101 10 100 123 212
chair 0.0098 0 278 13 321
chair 0.0083 0 90 202 313
chair 0.0040 0 321 9 361
chair 0.0040 0 276 26 361
chair 0.0028 480 90 499 146
chair 0.0024 0 59 19 91
chair 0.0020 11 213 148 314
chair 0.0018 0 29 31 92
chair 0.0017 0 87 52 129
chair 0.0015 0 194 80 324
chair 0.0014 0 185 502 423
chair 0.0012 330 176 499 401
sofa 0.0039 0 78 206 313
sofa 0.0024 0 195 51 349
sofa 0.0019 1 338 498 423
sofa 0.0017 -4 173 503 422
sofa 0.0014 11 213 148 313
