bottle 0.0027 21 410 54 450
chair 0.8757 214 392 255 499
chair 0.4875 30 221 70 264
chair 0.4185 30 221 85 287
chair 0.3078 0 336 99 378
chair 0.0569 116 232 151 283
chair 0.0308 0 332 82 347
chair 0.0262 83 227 116 247
chair 0.0204 95 282 199 350
chair 0.0152 0 246 100 345
chair 0.0119 77 227 118 284
chair 0.0066 127 246 150 284
chair 0.0037 100 244 132 284
chair 0.0029 113 246 127 284
chair 0.0027 115 233 151 258
chair 0.0026 237 445 254 498
chair 0.0025 105 227 116 247
chair 0.0025 95 255 109 284
chair 0.0024 77 248 103 285
chair 0.0022 144 318 167 370
chair 0.0017 32 263 84 289
sofa 0.7916 0 246 100 377
sofa 0.0858 0 342 99 377
sofa 0.0818 94 281 199 350
sofa 0.0211 0 245 200 375
sofa 0.0018 0 332 72 347
sofa 0.0016 213 390 256 498
sofa 0.0013 0 324 91 350
diningtable 0.5931 0 372 245 499
diningtable 0.3459 76 244 150 285
diningtable 0.2639 144 311 253 412
diningtable 0.0158 80 244 147 253
diningtable 0.0016 147 314 253 366
diningtable 0.0013 38 242 178 285
diningtable 0.0010 78 232 150 256
tvmonitor 0.9427 292 242 374 330
