person 0.8708 0 15 159 370
person 0.8346 96 125 403 371
person 0.7983 289 16 498 369
person 0.4950 118 19 256 247
person 0.1942 250 109 299 154
person 0.0801 0 84 30 351
person 0.0290 2 245 111 372
person 0.0277 102 18 283 368
person 0.0163 0 28 48 369
person 0.0105 0 113 17 176
person 0.0090 417 161 499 371
person 0.0077 0 238 24 367
person 0.0064 101 235 146 343
person 0.0047 1 114 105 372
person 0.0046 54 3 460 378
person 0.0044 459 103 499 175
person 0.0042 436 4 499 333
person 0.0035 238 126 370 285
person 0.0030 0 8 35 182
person 0.0025 431 3 499 174
person 0.0020 0 41 19 306
person 0.0018 228 111 441 354
person 0.0018 481 352 499 374
person 0.0017 286 10 500 179
person 0.0014 330 163 500 369
person 0.0013 0 7 18 178
person 0.0012 244 109 298 200
person 0.0011 460 35 500 274
