person 0.8962 186 145 237 302
person 0.8864 260 158 320 316
person 0.8163 225 125 246 193
person 0.0028 332 226 387 259
person 0.0017 239 175 346 306
person 0.0012 329 199 395 259
boat 0.8260 222 164 427 303
boat 0.0905 337 122 343 125
boat 0.0584 224 172 259 194
boat 0.0147 387 123 393 127
boat 0.0125 224 167 354 255
boat 0.0119 228 160 280 195
boat 0.0080 299 196 426 303
boat 0.0036 222 191 267 258
boat 0.0034 308 192 354 230
boat 0.0030 337 114 342 125
boat 0.0024 206 173 260 203
boat 0.0017 206 158 259 194
boat 0.0015 227 192 267 211
boat 0.0011 218 161 270 181
boat 0.0010 151 121 156 125
bird 0.0434 116 93 119 98
bird 0.0134 113 89 119 98
bird 0.0116 113 92 120 101
chair 0.0011 311 196 354 231
