person 0.8976 21 105 131 351
person 0.8964 78 9 170 333
person 0.8344 251 140 389 334
person 0.5309 0 237 36 373
person 0.4888 143 40 181 230
person 0.2882 0 237 107 373
person 0.1310 77 9 154 197
person 0.0669 142 41 175 155
person 0.0136 219 87 233 111
person 0.0113 135 17 176 331
person 0.0045 0 138 53 373
person 0.0040 76 82 174 234
person 0.0026 0 111 48 276
person 0.0021 0 237 19 290
person 0.0021 461 37 495 170
person 0.0019 91 141 170 190
person 0.0015 65 137 399 353
person 0.0015 198 42 212 64
person 0.0014 484 39 499 170
person 0.0013 78 125 161 214
car 0.0025 249 14 274 30
bottle 0.6363 9 103 22 138
bottle 0.1753 21 106 31 137
bottle 0.0611 0 107 3 123
bottle 0.0594 0 107 10 141
bottle 0.0298 22 105 29 118
bottle 0.0287 0 107 5 132
bottle 0.0052 20 107 32 156
bottle 0.0052 37 100 41 109
bottle 0.0047 14 118 22 135
bottle 0.0033 0 112 16 146
bottle 0.0030 11 116 22 149
bottle 0.0019 68 98 77 108
bottle 0.0017 63 105 83 137
bottle 0.0017 483 133 490 168
bottle 0.0016 60 92 66 108
bottle 0.0013 216 1 247 33
bottle 0.0012 72 112 81 138
bottle 0.0012 152 145 168 164
bottle 0.0011 20 105 27 130
bottle 0.0010 492 104 499 171
chair 0.7797 364 223 404 335
chair 0.2434 205 245 291 311
chair 0.2287 21 292 44 373
chair 0.0845 373 223 402 274
chair 0.0697 14 269 107 372
chair 0.0319 0 291 39 373
chair 0.0308 71 76 89 103
chair 0.0258 0 151 46 276
chair 0.0228 26 323 44 373
chair 0.0210 206 234 403 331
chair 0.0101 21 291 44 327
chair 0.0073 252 221 263 247
chair 0.0021 34 242 47 275
chair 0.0019 63 105 84 135
chair 0.0017 124 269 149 337
chair 0.0013 22 291 43 306
sofa 0.0017 2 283 93 373
diningtable 0.4221 68 304 428 372
diningtable 0.2546 69 306 209 372
diningtable 0.2395 289 323 487 371
diningtable 0.0068 61 251 491 374
diningtable 0.0033 183 312 520 372
diningtable 0.0025 102 307 293 373
diningtable 0.0012 107 302 307 343
diningtable 0.0011 136 305 209 343
