person 0.8954 35 0 178 118
person 0.8935 274 0 422 84
person 0.7381 180 0 288 53
person 0.5625 0 42 65 269
person 0.5542 422 0 499 106
person 0.4788 96 250 171 331
person 0.4194 344 275 404 332
person 0.4083 432 83 499 289
person 0.2818 16 247 171 331
person 0.1882 431 0 481 41
person 0.1224 450 85 499 171
person 0.0938 450 173 500 290
person 0.0757 463 178 499 253
person 0.0527 0 145 39 320
person 0.0374 156 0 186 40
person 0.0359 276 0 332 49
person 0.0328 0 212 17 250
person 0.0275 346 85 500 328
person 0.0241 343 230 497 331
person 0.0184 145 0 190 63
person 0.0178 0 44 65 157
person 0.0141 0 212 29 301
person 0.0086 0 222 12 251
person 0.0077 181 0 223 53
person 0.0076 0 159 36 243
person 0.0072 471 73 500 102
person 0.0071 389 15 510 293
person 0.0062 0 227 56 331
person 0.0059 0 186 20 279
person 0.0057 346 276 464 332
person 0.0052 1 126 68 331
person 0.0047 138 0 180 37
person 0.0042 16 0 39 26
person 0.0033 434 17 499 186
person 0.0031 444 270 500 322
person 0.0029 465 174 499 214
person 0.0027 1 37 175 323
person 0.0023 478 97 499 150
person 0.0017 221 0 341 59
person 0.0014 471 0 492 30
person 0.0014 169 8 512 334
person 0.0012 464 203 499 240
person 0.0010 41 241 431 345
person 0.0010 159 0 181 20
bottle 0.2695 290 87 330 152
bottle 0.0010 190 72 411 202
chair 0.4437 444 269 499 315
chair 0.4088 407 0 480 75
chair 0.3569 0 0 53 82
chair 0.2237 406 0 437 74
chair 0.0700 445 180 500 316
chair 0.0693 287 6 332 49
chair 0.0557 443 288 500 325
chair 0.0430 454 90 499 179
chair 0.0414 465 134 500 165
chair 0.0228 464 132 481 156
chair 0.0218 144 15 174 64
chair 0.0208 421 0 499 145
chair 0.0162 279 0 422 83
chair 0.0154 423 78 499 166
chair 0.0125 455 4 493 70
chair 0.0117 450 43 468 61
chair 0.0111 158 0 183 38
chair 0.0105 421 265 499 331
chair 0.0099 432 0 478 40
chair 0.0092 149 21 191 63
chair 0.0086 483 72 500 85
chair 0.0069 483 268 499 295
chair 0.0065 418 0 435 18
chair 0.0061 455 267 499 294
chair 0.0057 0 288 54 332
chair 0.0054 432 10 464 41
chair 0.0051 422 79 472 147
chair 0.0049 477 101 499 114
chair 0.0045 466 75 499 103
chair 0.0044 0 156 28 213
chair 0.0043 463 140 493 175
chair 0.0038 322 33 332 46
chair 0.0037 489 102 499 114
chair 0.0034 490 149 499 173
chair 0.0033 0 246 35 330
chair 0.0030 419 0 429 15
chair 0.0030 17 0 39 26
chair 0.0028 314 32 332 45
chair 0.0026 420 0 434 10
chair 0.0026 2 1 179 69
chair 0.0026 479 124 499 173
chair 0.0025 425 13 454 52
chair 0.0024 412 0 432 37
chair 0.0022 408 1 423 52
chair 0.0021 305 8 332 43
chair 0.0020 0 207 20 230
chair 0.0019 0 1 33 65
chair 0.0018 452 132 481 172
chair 0.0017 482 248 499 301
chair 0.0017 421 84 449 126
chair 0.0017 471 131 500 186
chair 0.0016 0 42 24 61
chair 0.0014 481 271 499 316
chair 0.0012 17 52 52 83
chair 0.0011 459 1 499 106
chair 0.0011 432 14 451 39
chair 0.0011 422 77 437 111
chair 0.0010 0 44 31 82
chair 0.0010 467 95 499 153
chair 0.0010 460 121 499 159
chair 0.0010 300 32 330 47
chair 0.0010 493 278 499 295
chair 0.0010 423 17 472 70
chair 0.0010 439 113 479 165
diningtable 0.9063 5 37 472 329
diningtable 0.0031 0 31 21 60
diningtable 0.0027 0 0 45 70
diningtable 0.0021 21 80 217 325
diningtable 0.0020 45 14 463 162
diningtable 0.0015 45 40 433 111
diningtable 0.0014 0 0 39 28
