person 0.0014 0 111 4 123
dog 0.7961 14 151 409 363
dog 0.7939 24 58 297 157
dog 0.3650 162 55 295 155
dog 0.0763 80 141 435 251
dog 0.0636 23 62 202 134
dog 0.0040 1 0 305 366
dog 0.0033 53 5 391 197
chair 0.0600 404 0 456 74
chair 0.0432 438 0 499 170
chair 0.0377 436 0 499 74
chair 0.0154 403 0 430 38
chair 0.0127 432 0 455 76
chair 0.0079 483 124 499 184
chair 0.0054 420 0 437 43
chair 0.0027 420 0 455 42
chair 0.0020 475 1 499 53
chair 0.0014 411 0 426 31
chair 0.0011 413 0 484 116
sofa 0.0167 24 0 448 279
