person 0.9071 375 0 499 296
person 0.8498 88 65 208 241
person 0.1499 11 1 107 187
person 0.0882 443 318 499 373
person 0.0449 0 150 21 215
person 0.0254 12 4 47 86
person 0.0225 428 8 500 370
person 0.0137 14 5 45 50
person 0.0103 0 132 20 191
person 0.0102 0 133 10 164
person 0.0090 0 6 19 154
person 0.0088 443 255 499 372
person 0.0039 7 6 55 144
person 0.0037 0 151 68 214
person 0.0031 0 128 19 166
person 0.0030 0 151 9 164
person 0.0028 0 53 15 170
person 0.0021 0 132 5 152
person 0.0016 0 8 36 177
person 0.0014 421 2 499 64
person 0.0013 168 160 211 190
person 0.0012 0 116 7 156
person 0.0010 0 163 21 190
cat 0.0103 305 87 354 137
dog 0.0131 303 87 351 137
dog 0.0039 166 158 208 187
dog 0.0014 267 79 348 139
bottle 0.0589 35 125 48 160
bottle 0.0402 26 126 38 162
bottle 0.0313 20 126 29 161
bottle 0.0051 0 133 5 163
bottle 0.0023 431 4 458 57
bottle 0.0021 0 133 3 152
bottle 0.0019 0 133 11 165
bottle 0.0012 5 128 26 166
chair 0.1798 124 203 325 370
chair 0.0055 163 182 243 221
chair 0.0028 2 336 204 373
chair 0.0028 125 182 245 251
chair 0.0016 10 121 55 161
chair 0.0012 419 1 499 65
chair 0.0011 109 336 201 374
sofa 0.7945 191 61 497 251
sofa 0.1146 123 203 325 370
sofa 0.0024 6 165 245 240
sofa 0.0015 419 1 499 64
sofa 0.0013 127 180 242 234
pottedplant 0.1022 0 155 80 285
pottedplant 0.0135 0 149 44 252
pottedplant 0.0073 0 195 54 262
pottedplant 0.0060 423 2 458 64
pottedplant 0.0051 0 161 69 226
pottedplant 0.0040 0 158 25 219
pottedplant 0.0020 0 147 20 263
pottedplant 0.0018 0 216 87 295
pottedplant 0.0016 422 1 494 65
diningtable 0.5498 0 212 219 366
diningtable 0.0202 -2 157 324 368
diningtable 0.0051 1 337 212 374
diningtable 0.0027 26 170 114 239
diningtable 0.0024 10 122 55 159
