person 0.9496 155 20 278 245
person 0.0010 165 141 198 225
bicycle 0.9597 134 136 340 283
bicycle 0.0039 266 177 327 212
bicycle 0.0034 255 138 324 194
bicycle 0.0027 256 185 339 283
bicycle 0.0014 163 97 278 246
bicycle 0.0013 145 167 186 186
car 0.5926 15 6 36 20
car 0.2259 65 11 84 18
car 0.1505 33 10 49 20
car 0.0707 81 14 96 20
car 0.0483 11 0 32 11
car 0.0418 105 9 129 20
car 0.0207 99 11 131 24
car 0.0206 60 11 96 22
car 0.0082 19 8 49 21
car 0.0056 38 15 50 21
car 0.0051 127 15 166 26
car 0.0050 33 9 47 15
car 0.0044 172 2 223 22
car 0.0034 127 14 143 20
car 0.0033 160 16 169 23
car 0.0032 103 12 121 18
car 0.0021 11 13 22 21
car 0.0021 14 12 32 21
car 0.0019 180 2 199 14
car 0.0019 152 15 170 24
car 0.0019 178 9 224 28
car 0.0018 108 8 126 14
car 0.0015 148 2 172 15
car 0.0015 146 5 172 22
car 0.0014 0 0 18 14
car 0.0012 160 4 186 22
car 0.0011 148 11 169 17
car 0.0011 100 17 131 25
car 0.0010 17 1 32 7
car 0.0010 62 8 83 17
boat 0.0398 81 14 96 23
boat 0.0026 59 10 96 24
boat 0.0012 123 15 166 26
dog 0.9716 321 191 464 330
dog 0.0093 468 323 500 332
bottle 0.0069 222 197 241 217
bottle 0.0022 274 200 283 213
bottle 0.0019 468 323 500 332
tvmonitor 0.0126 0 120 24 204
