boat 0.0013 160 58 201 99
bird 0.0018 374 4 386 10
chair 0.8395 88 201 119 250
chair 0.7458 179 216 248 323
chair 0.6809 227 218 271 298
chair 0.6276 46 236 121 332
chair 0.5738 186 208 202 220
chair 0.3421 217 216 234 230
chair 0.2722 174 206 184 214
chair 0.2612 143 201 192 292
chair 0.2566 154 200 174 210
chair 0.2389 116 208 144 270
chair 0.2315 47 229 71 292
chair 0.2247 161 201 171 210
chair 0.1755 151 200 165 208
chair 0.1609 57 285 121 332
chair 0.1525 47 240 68 330
chair 0.1515 168 203 174 210
chair 0.1173 119 221 160 274
chair 0.1088 242 218 266 243
chair 0.1010 137 203 222 262
chair 0.0968 209 216 243 315
chair 0.0773 141 225 170 289
chair 0.0716 211 205 228 224
chair 0.0676 211 215 237 274
chair 0.0646 178 207 185 215
chair 0.0575 101 201 164 280
chair 0.0546 151 200 156 206
chair 0.0410 172 203 207 285
chair 0.0370 93 202 141 268
chair 0.0362 47 241 63 277
chair 0.0333 46 271 57 331
chair 0.0264 100 203 277 255
chair 0.0222 153 251 187 292
chair 0.0214 196 211 202 220
chair 0.0191 148 202 186 254
chair 0.0164 46 227 68 264
chair 0.0141 46 228 67 246
chair 0.0116 134 229 159 271
chair 0.0086 46 277 55 311
chair 0.0067 216 216 235 246
chair 0.0059 198 207 225 223
chair 0.0055 46 265 57 298
chair 0.0051 142 236 163 280
chair 0.0045 46 245 57 308
chair 0.0035 238 219 267 264
chair 0.0034 118 226 137 270
chair 0.0032 209 170 275 228
chair 0.0029 98 203 117 224
chair 0.0028 46 270 55 283
chair 0.0028 162 204 183 213
chair 0.0027 201 211 216 223
chair 0.0026 117 211 139 238
chair 0.0025 156 203 173 213
chair 0.0023 134 205 222 219
chair 0.0021 181 250 203 304
chair 0.0020 160 204 172 211
chair 0.0018 61 187 85 192
chair 0.0017 46 240 55 274
chair 0.0017 180 208 203 243
chair 0.0016 51 294 68 332
chair 0.0016 145 250 166 278
chair 0.0016 46 308 56 332
chair 0.0014 180 251 227 314
chair 0.0014 137 237 157 261
chair 0.0013 89 201 98 215
chair 0.0012 61 268 71 293
chair 0.0011 136 209 270 324
chair 0.0011 66 285 117 303
chair 0.0011 260 221 267 243
chair 0.0010 150 200 187 213
chair 0.0010 210 249 238 277
chair 0.0010 130 225 149 254
pottedplant 0.6498 416 34 500 119
pottedplant 0.0072 481 78 500 111
pottedplant 0.0037 480 34 499 115
diningtable 0.5157 99 201 267 321
diningtable 0.4273 99 202 266 256
diningtable 0.0194 99 202 158 213
diningtable 0.0090 99 202 165 264
diningtable 0.0042 47 233 121 331
diningtable 0.0031 100 202 148 225
diningtable 0.0023 100 191 496 325
diningtable 0.0014 46 228 70 268
diningtable 0.0014 48 189 145 201
tvmonitor 0.4127 251 123 271 149
tvmonitor 0.0058 211 169 279 225
tvmonitor 0.0022 216 170 277 186
tvmonitor 0.0011 216 183 270 193
