person 0.8984 95 131 331 498
person 0.0164 260 132 331 407
person 0.0101 97 141 288 202
person 0.0085 257 122 331 278
person 0.0026 226 125 331 497
person 0.0024 81 478 124 499
person 0.0022 304 343 331 498
person 0.0017 32 454 87 499
person 0.0016 257 124 331 196
person 0.0015 258 92 331 162
person 0.0013 28 437 125 499
person 0.0013 81 484 100 500
person 0.0010 0 2 123 485
person 0.0010 69 483 107 500
bottle 0.0010 81 485 99 500
chair 0.1003 32 436 130 500
chair 0.0225 81 436 130 500
chair 0.0147 1 313 98 499
chair 0.0109 36 477 127 499
chair 0.0098 0 0 121 125
chair 0.0041 82 478 127 500
chair 0.0020 30 435 228 499
chair 0.0013 30 441 84 500
chair 0.0010 1 32 121 70
chair 0.0010 97 493 121 499
sofa 0.0153 32 435 130 499
diningtable 0.0017 0 0 118 68
tvmonitor 0.0013 85 0 119 35
tvmonitor 0.0010 0 0 109 37
