person 0.0550 363 139 370 146
person 0.0291 345 137 351 144
person 0.0226 366 140 373 147
person 0.0140 356 138 362 146
person 0.0102 418 157 424 170
person 0.0075 123 124 133 134
person 0.0058 132 125 142 133
person 0.0047 317 120 336 147
person 0.0030 482 4 499 205
person 0.0028 495 3 499 25
person 0.0025 377 140 381 148
person 0.0023 125 124 142 134
person 0.0020 305 137 317 149
person 0.0017 342 187 357 199
person 0.0016 489 2 499 101
person 0.0014 287 290 293 301
person 0.0013 469 12 499 222
person 0.0012 353 138 366 146
person 0.0010 423 172 429 180
car 0.0017 405 262 415 267
aeroplane 0.0015 0 192 17 198
boat 0.8812 0 109 427 205
boat 0.3027 443 162 450 175
boat 0.1322 475 162 484 174
boat 0.0660 400 185 415 196
boat 0.0599 449 210 476 260
boat 0.0200 418 157 428 172
boat 0.0156 474 161 497 175
boat 0.0090 491 166 497 175
boat 0.0081 332 187 365 200
boat 0.0075 303 138 318 150
boat 0.0051 404 157 430 173
boat 0.0044 400 157 429 192
boat 0.0032 316 119 340 147
boat 0.0030 443 170 450 174
boat 0.0028 399 191 415 198
boat 0.0027 483 164 498 175
boat 0.0025 291 137 319 151
boat 0.0025 415 157 429 178
boat 0.0021 404 211 499 293
boat 0.0018 491 164 497 171
boat 0.0017 438 161 451 174
boat 0.0016 441 161 495 175
boat 0.0014 424 169 431 173
boat 0.0011 491 163 500 174
boat 0.0010 348 189 365 199
bird 0.0027 181 356 197 363
bird 0.0022 317 119 339 146
