bird 0.9387 100 50 165 112
bird 0.9098 214 148 266 218
bird 0.9085 57 328 131 381
bird 0.8998 19 280 117 319
bird 0.8994 183 241 221 324
bird 0.8962 80 199 129 258
bird 0.8900 343 7 425 136
bird 0.8701 398 219 477 294
bird 0.8272 233 314 332 350
bird 0.8255 320 63 362 120
bird 0.4637 349 294 369 314
bird 0.0928 250 314 332 334
bird 0.0470 233 319 271 350
bird 0.0127 95 45 381 123
bird 0.0055 399 247 454 294
bird 0.0029 185 280 221 324
bird 0.0023 245 330 266 350
bird 0.0013 49 183 346 385
bird 0.0013 95 33 417 184
bird 0.0011 268 315 279 322
