person 0.2779 120 149 168 208
person 0.2239 152 139 195 207
person 0.0957 352 42 376 87
person 0.0162 362 15 386 79
person 0.0130 275 190 286 203
person 0.0116 398 178 410 196
person 0.0064 378 175 388 197
person 0.0054 273 164 288 177
person 0.0029 328 22 360 94
person 0.0019 354 43 373 67
person 0.0014 155 140 175 173
bottle 0.8878 448 194 471 273
bottle 0.1229 467 121 482 186
bottle 0.1206 409 236 434 281
bottle 0.0901 482 162 499 192
bottle 0.0220 467 121 480 161
bottle 0.0185 479 128 499 164
bottle 0.0109 495 172 499 191
bottle 0.0016 447 120 476 187
bottle 0.0014 79 204 98 246
bottle 0.0013 488 169 498 191
bottle 0.0010 471 121 480 144
pottedplant 0.0083 480 130 499 170
tvmonitor 0.9092 223 122 353 242
tvmonitor 0.8811 96 123 222 240
tvmonitor 0.0049 1 97 187 202
tvmonitor 0.0017 0 3 20 92
tvmonitor 0.0015 0 99 91 202
tvmonitor 0.0011 332 93 388 166
tvmonitor 0.0010 26 1 296 102
