person 0.9319 417 185 499 327
person 0.9299 39 54 324 325
person 0.8639 377 215 437 328
person 0.0369 489 251 499 309
person 0.0306 435 247 500 327
person 0.0147 0 83 55 180
person 0.0079 269 127 324 324
person 0.0059 441 185 500 253
person 0.0056 306 297 325 330
person 0.0053 492 258 499 300
person 0.0044 314 290 379 329
person 0.0041 492 232 499 249
person 0.0035 495 231 500 247
person 0.0030 482 250 500 328
person 0.0026 493 199 499 248
person 0.0024 432 241 447 256
person 0.0018 492 244 499 251
person 0.0015 488 186 500 248
person 0.0012 389 216 439 258
person 0.0012 471 250 500 301
person 0.0011 426 217 439 255
person 0.0011 431 234 439 254
person 0.0010 315 223 380 328
person 0.0010 491 236 499 279
bottle 0.0254 239 191 288 313
bottle 0.0042 440 118 453 156
bottle 0.0017 430 118 442 155
chair 0.0018 316 291 378 329
