person 0.0081 478 95 499 148
person 0.0060 473 56 500 147
person 0.0056 1 237 75 329
person 0.0039 455 83 499 164
person 0.0026 0 2 77 110
person 0.0025 0 149 75 328
person 0.0023 437 57 499 156
person 0.0015 325 12 500 308
person 0.0015 31 85 125 140
person 0.0015 1 249 496 335
person 0.0015 437 95 500 199
person 0.0012 424 2 499 148
dog 0.9593 2 31 463 327
dog 0.0011 316 33 458 220
sofa 0.0080 0 14 497 189
sofa 0.0061 -2 138 500 327
sofa 0.0049 0 259 497 331
sofa 0.0039 0 94 130 324
sofa 0.0014 0 102 127 205
sofa 0.0010 5 85 128 162
pottedplant 0.0011 4 87 127 149
diningtable 0.0204 344 114 498 326
diningtable 0.0098 352 293 499 329
diningtable 0.0032 2 269 495 331
