person 0.7514 84 0 330 498
person 0.1530 221 325 332 499
person 0.0247 0 200 22 278
person 0.0176 215 2 333 496
person 0.0067 84 1 329 249
person 0.0051 23 1 232 497
person 0.0049 88 1 223 336
bottle 0.8101 113 219 226 499
bottle 0.1792 55 227 281 498
bottle 0.0611 131 1 213 128
chair 0.0398 1 260 142 382
chair 0.0069 1 197 139 347
chair 0.0038 21 269 161 346
chair 0.0021 0 156 31 274
chair 0.0012 0 73 139 427
chair 0.0011 4 256 139 307
diningtable 0.3897 13 238 314 494
diningtable 0.0609 217 323 332 499
diningtable 0.0274 1 265 144 382
diningtable 0.0153 278 443 332 500
diningtable 0.0141 2 435 332 499
diningtable 0.0078 0 456 117 499
diningtable 0.0044 21 268 217 346
diningtable 0.0013 1 255 132 495
diningtable 0.0013 276 332 332 500
