person 0.9238 159 88 320 370
person 0.8243 53 152 194 371
person 0.6701 423 214 429 228
person 0.6499 430 214 437 231
person 0.5012 16 221 23 239
person 0.4380 467 217 473 233
person 0.4372 0 221 3 239
person 0.3763 473 218 480 241
person 0.3673 450 223 457 234
person 0.3284 5 222 12 238
person 0.2953 11 221 17 239
person 0.2592 445 224 451 232
person 0.1995 460 219 467 232
person 0.1402 35 221 39 233
person 0.0837 458 220 465 232
person 0.0596 454 211 460 227
person 0.0456 456 219 461 229
person 0.0269 445 224 454 235
person 0.0258 441 224 453 247
person 0.0134 40 221 47 234
person 0.0108 0 221 3 230
person 0.0071 452 221 457 232
person 0.0067 477 225 484 242
person 0.0066 11 220 16 229
person 0.0055 476 203 481 212
person 0.0045 0 220 9 239
person 0.0036 478 222 484 234
person 0.0034 41 227 45 234
person 0.0031 22 223 26 232
person 0.0027 17 221 22 228
person 0.0023 0 231 2 239
person 0.0022 5 221 12 229
person 0.0021 38 222 44 234
person 0.0019 20 222 25 234
person 0.0018 455 218 466 230
person 0.0017 55 228 60 235
person 0.0017 480 215 485 227
person 0.0016 494 291 499 306
person 0.0015 402 244 411 253
person 0.0015 46 222 57 231
person 0.0015 416 213 421 222
person 0.0014 6 221 14 233
person 0.0013 481 210 489 222
person 0.0013 448 226 456 247
person 0.0010 459 236 468 245
person 0.0010 34 221 45 234
bicycle 0.0112 473 233 480 242
bicycle 0.0063 473 229 482 242
car 0.1865 413 208 430 220
car 0.0423 50 217 68 227
car 0.0079 409 210 414 218
car 0.0025 44 219 69 233
car 0.0013 40 221 50 230
car 0.0013 408 207 416 216
horse 0.0045 4 221 15 239
chair 0.0011 385 235 402 255
