person 0.6758 150 173 167 194
person 0.5448 132 176 149 192
person 0.3674 113 175 130 192
person 0.3221 93 177 101 192
person 0.2565 119 167 137 191
person 0.1878 21 181 31 192
person 0.1868 102 182 113 192
person 0.1740 166 174 185 200
person 0.1570 96 177 106 192
person 0.1351 59 171 67 178
person 0.1170 166 175 176 191
person 0.1153 79 167 86 177
person 0.0891 99 177 113 192
person 0.0645 126 167 137 177
person 0.0490 112 176 122 192
person 0.0345 201 179 208 187
person 0.0328 21 182 49 196
person 0.0325 0 211 28 237
person 0.0185 328 336 334 342
person 0.0184 172 188 185 199
person 0.0165 112 185 117 192
person 0.0134 49 171 72 190
person 0.0115 177 170 182 176
person 0.0108 120 168 134 177
person 0.0099 22 182 40 191
person 0.0099 198 172 206 184
person 0.0089 57 172 79 191
person 0.0087 18 182 28 195
person 0.0085 172 184 186 221
person 0.0066 320 336 336 343
person 0.0065 183 169 188 176
person 0.0060 160 181 178 200
person 0.0058 55 184 63 191
person 0.0056 37 172 81 192
person 0.0055 0 169 13 192
person 0.0048 0 213 6 226
person 0.0044 57 180 73 191
person 0.0044 142 192 154 200
person 0.0041 17 225 31 240
person 0.0040 199 171 206 180
person 0.0037 15 223 29 235
person 0.0036 99 183 108 192
person 0.0036 195 172 204 180
person 0.0030 132 172 140 179
person 0.0030 164 187 179 200
person 0.0030 169 170 175 178
person 0.0029 0 186 15 194
person 0.0029 177 192 186 199
person 0.0029 125 184 133 192
person 0.0029 32 190 38 196
person 0.0027 175 169 184 190
person 0.0027 34 182 47 191
person 0.0026 49 184 58 191
person 0.0026 129 167 138 174
person 0.0023 178 192 189 224
person 0.0022 164 182 173 196
person 0.0022 165 186 180 221
person 0.0021 124 180 134 194
person 0.0021 61 183 79 192
person 0.0020 51 182 66 191
person 0.0020 31 186 50 196
person 0.0020 15 185 22 194
person 0.0018 41 202 49 212
person 0.0017 163 190 173 199
person 0.0016 99 177 109 186
person 0.0015 0 214 8 236
person 0.0015 160 175 167 184
person 0.0015 193 291 225 303
person 0.0014 184 170 191 175
person 0.0014 0 168 8 183
person 0.0013 0 174 9 191
person 0.0013 68 167 88 183
person 0.0013 17 189 25 195
person 0.0012 193 171 201 178
person 0.0012 67 173 79 181
person 0.0012 92 167 101 180
person 0.0011 138 174 148 187
person 0.0011 40 183 51 194
person 0.0011 131 186 148 199
person 0.0010 154 192 165 199
person 0.0010 126 203 147 230
boat 0.7746 0 1 226 235
boat 0.3692 242 120 265 149
boat 0.3217 242 141 265 149
boat 0.2820 0 174 226 235
boat 0.1850 320 144 324 152
boat 0.0908 320 137 324 152
boat 0.0809 295 150 304 157
boat 0.0443 0 212 29 239
boat 0.0436 320 144 332 152
boat 0.0430 295 138 304 158
boat 0.0357 328 144 335 152
boat 0.0085 331 148 335 154
boat 0.0076 0 179 30 236
boat 0.0076 0 1 116 222
boat 0.0062 0 4 36 204
boat 0.0060 323 145 335 153
boat 0.0060 295 153 304 158
boat 0.0050 0 191 54 235
boat 0.0040 0 213 9 227
boat 0.0036 321 136 335 156
boat 0.0033 37 172 81 192
boat 0.0029 0 186 14 194
boat 0.0025 276 218 288 229
boat 0.0023 0 169 14 194
boat 0.0022 145 2 224 232
boat 0.0017 3 217 85 241
boat 0.0016 0 213 13 237
boat 0.0013 317 144 323 151
boat 0.0012 0 192 133 236
boat 0.0011 109 2 271 232
boat 0.0010 256 144 265 149
bird 0.0240 425 217 432 222
bird 0.0070 434 212 440 217
bird 0.0020 276 218 288 229
bird 0.0013 278 223 287 229
bird 0.0011 428 212 440 219
