person 0.7477 21 2 332 500
person 0.3002 24 162 238 388
person 0.0269 168 -3 326 390
person 0.0172 0 397 137 499
person 0.0083 319 0 333 17
person 0.0048 93 430 232 500
person 0.0031 87 1 176 185
person 0.0030 269 6 333 498
person 0.0029 189 99 304 345
person 0.0024 179 360 275 501
person 0.0024 7 237 241 500
person 0.0022 116 112 306 496
person 0.0017 324 463 333 499
person 0.0011 200 169 259 280
person 0.0011 268 316 333 499
person 0.0010 166 0 277 277
chair 0.0336 227 361 276 500
chair 0.0157 92 458 188 500
chair 0.0064 203 168 259 278
chair 0.0056 179 359 277 501
chair 0.0023 228 346 332 501
chair 0.0012 239 415 275 499
chair 0.0010 267 425 333 500
chair 0.0010 179 427 234 483
sofa 0.0297 0 401 153 499
sofa 0.0104 4 270 308 500
sofa 0.0053 83 359 277 499
sofa 0.0050 179 353 277 500
sofa 0.0030 227 354 276 500
sofa 0.0019 29 460 187 499
sofa 0.0018 66 467 135 499
pottedplant 0.0023 0 357 35 402
