person 0.6324 100 56 316 366
person 0.0771 101 56 314 210
person 0.0109 1 152 298 367
person 0.0033 43 135 212 198
person 0.0023 0 189 58 372
person 0.0010 43 119 213 167
bicycle 0.8265 1 164 344 370
bicycle 0.0108 0 156 48 286
bicycle 0.0038 0 164 55 371
bicycle 0.0021 155 187 347 369
bicycle 0.0019 0 155 124 367
bicycle 0.0013 136 1 275 85
bottle 0.0205 164 46 189 85
bottle 0.0015 279 190 353 217
bottle 0.0013 276 234 307 295
chair 0.0670 0 19 46 156
chair 0.0039 0 160 219 370
chair 0.0029 0 285 56 372
chair 0.0022 1 20 92 160
sofa 0.1072 0 19 46 156
sofa 0.0400 0 21 52 364
sofa 0.0282 0 19 212 367
sofa 0.0063 0 283 57 371
sofa 0.0049 0 21 105 281
sofa 0.0049 1 20 92 160
sofa 0.0032 1 19 211 181
sofa 0.0012 0 153 114 294
sofa 0.0010 24 92 261 212
pottedplant 0.0023 358 56 499 258
pottedplant 0.0014 427 155 500 250
pottedplant 0.0013 130 97 183 135
pottedplant 0.0013 420 72 500 251
