person 0.9266 144 125 233 285
person 0.8817 262 152 295 246
person 0.8501 28 152 63 230
person 0.0111 237 177 256 215
person 0.0101 12 168 75 301
person 0.0028 238 178 255 198
person 0.0025 250 181 256 189
person 0.0024 247 181 256 194
person 0.0020 161 152 179 188
person 0.0015 168 150 181 165
person 0.0014 148 126 216 219
person 0.0013 161 166 174 188
person 0.0010 250 181 263 218
car 0.0018 293 186 317 204
car 0.0014 301 187 318 199
horse 0.9684 51 180 296 401
horse 0.9178 0 191 79 308
horse 0.9144 238 180 312 303
horse 0.4362 140 180 166 214
horse 0.0378 237 179 255 218
horse 0.0165 138 172 230 290
horse 0.0158 54 256 79 304
horse 0.0103 3 181 183 312
horse 0.0080 138 181 167 267
horse 0.0028 140 180 151 213
horse 0.0026 147 187 174 216
horse 0.0026 130 170 172 296
horse 0.0021 241 181 270 232
horse 0.0016 279 215 311 301
horse 0.0014 267 262 296 352
horse 0.0013 99 180 196 318
horse 0.0010 121 151 261 309
