person 0.0013 274 74 304 121
person 0.0013 11 358 43 404
bird 0.0028 275 75 303 120
chair 0.0196 24 203 93 275
chair 0.0137 45 203 80 236
chair 0.0075 55 205 98 268
chair 0.0054 24 236 66 276
chair 0.0033 0 79 102 239
chair 0.0018 60 203 89 236
pottedplant 0.8857 59 30 436 323
pottedplant 0.0122 0 204 44 298
pottedplant 0.0042 0 202 43 248
pottedplant 0.0039 0 216 22 256
pottedplant 0.0017 462 49 500 282
pottedplant 0.0011 0 216 23 303
pottedplant 0.0011 0 198 17 226
pottedplant 0.0010 0 216 85 303
diningtable 0.1473 3 259 494 327
diningtable 0.0223 0 278 213 331
diningtable 0.0040 34 137 475 327
diningtable 0.0034 246 260 499 329
diningtable 0.0013 0 279 108 330
