person 0.2913 132 198 188 260
person 0.0047 450 118 499 253
person 0.0018 376 206 413 244
bird 0.0273 233 202 255 255
bottle 0.9232 216 67 289 269
bottle 0.9021 300 63 377 273
bottle 0.8689 69 70 129 263
bottle 0.8682 124 61 202 273
bottle 0.6544 371 67 452 269
bottle 0.0508 232 202 255 254
bottle 0.0074 141 63 371 278
bottle 0.0064 372 69 437 180
bottle 0.0042 126 179 200 261
bottle 0.0040 44 62 88 266
bottle 0.0035 451 113 499 250
bottle 0.0035 484 167 499 242
bottle 0.0021 375 196 414 252
bottle 0.0012 77 208 112 253
bottle 0.0012 359 78 381 135
bottle 0.0012 46 58 503 283
bottle 0.0010 126 8 163 47
pottedplant 0.0066 452 98 499 252
pottedplant 0.0055 477 79 499 250
pottedplant 0.0028 478 78 499 161
