person 0.0354 459 308 467 322
person 0.0063 461 308 466 315
person 0.0051 350 299 357 307
person 0.0024 258 302 264 317
person 0.0019 249 305 252 312
car 0.5265 328 307 343 316
car 0.5168 262 299 289 323
car 0.5134 341 306 360 317
car 0.4324 357 304 374 315
car 0.3927 490 306 499 323
car 0.1551 299 306 318 324
car 0.1347 312 304 329 315
car 0.0959 440 315 459 323
car 0.0623 351 299 374 313
car 0.0521 287 301 307 321
car 0.0451 375 302 435 328
car 0.0438 323 304 336 313
car 0.0336 360 300 373 312
car 0.0310 438 312 454 320
car 0.0296 304 304 325 321
car 0.0291 314 303 326 310
car 0.0278 289 300 305 311
car 0.0263 350 298 363 309
car 0.0231 438 310 446 318
car 0.0209 489 305 494 310
car 0.0164 454 309 468 322
car 0.0161 467 301 488 311
car 0.0141 324 302 336 309
car 0.0133 464 308 492 323
car 0.0133 310 303 324 312
car 0.0133 439 309 479 323
car 0.0122 475 299 489 310
car 0.0087 489 305 498 312
car 0.0052 461 303 487 314
car 0.0047 316 307 354 327
car 0.0042 316 306 343 322
car 0.0042 304 303 315 310
car 0.0041 251 308 261 320
car 0.0038 346 292 374 305
car 0.0034 463 306 477 313
car 0.0030 488 300 499 311
car 0.0029 463 310 473 319
car 0.0024 457 308 481 322
car 0.0023 249 295 268 320
car 0.0023 317 307 332 315
car 0.0023 470 314 492 325
car 0.0023 437 299 472 319
car 0.0021 460 307 471 319
car 0.0018 315 307 331 329
car 0.0017 437 306 458 319
car 0.0016 480 304 492 311
car 0.0014 354 295 373 304
car 0.0013 489 293 500 317
car 0.0010 403 303 438 328
car 0.0010 281 297 305 311
car 0.0010 423 305 447 322
aeroplane 0.0386 448 273 499 294
aeroplane 0.0026 391 273 500 294
aeroplane 0.0019 439 304 495 323
bus 0.0172 252 292 278 317
bus 0.0152 344 292 375 312
bus 0.0012 364 284 378 291
train 0.2439 2 60 256 393
train 0.1456 1 256 251 395
