person 0.9181 139 45 326 501
person 0.4703 69 8 177 293
person 0.0046 47 20 211 497
person 0.0013 245 146 284 181
person 0.0011 238 150 392 482
bicycle 0.7350 259 131 388 498
bicycle 0.4694 2 141 368 492
bicycle 0.3362 1 137 164 483
bicycle 0.0085 309 183 387 461
bicycle 0.0016 330 315 387 497
motorbike 0.0020 255 133 389 485
bottle 0.0063 128 0 133 7
bottle 0.0058 102 0 118 10
bottle 0.0057 376 80 388 140
bottle 0.0049 349 183 368 209
bottle 0.0041 134 0 140 7
bottle 0.0028 308 179 360 224
bottle 0.0027 104 0 135 9
bottle 0.0018 309 179 351 206
bottle 0.0018 326 182 367 209
bottle 0.0016 266 269 342 335
bottle 0.0013 130 0 140 9
bottle 0.0012 284 213 297 234
bottle 0.0012 328 180 388 484
chair 0.0491 269 125 325 180
chair 0.0370 360 141 388 187
chair 0.0179 358 142 388 251
chair 0.0107 360 81 388 187
chair 0.0067 270 125 356 211
chair 0.0046 268 123 352 321
chair 0.0023 351 130 388 335
chair 0.0011 375 80 387 142
sofa 0.0299 360 140 388 187
sofa 0.0063 354 139 388 273
tvmonitor 0.0016 375 80 388 144
