sheep 0.1560 205 0 498 188
sheep 0.0653 205 0 431 25
sheep 0.0630 421 1 499 162
sheep 0.0348 452 98 499 161
sheep 0.0218 124 76 322 231
sheep 0.0131 421 1 499 27
sheep 0.0066 343 0 498 165
sheep 0.0036 354 98 499 192
sheep 0.0017 154 85 337 321
sheep 0.0015 202 259 320 344
sheep 0.0014 481 0 499 24
sheep 0.0010 230 90 407 192
sheep 0.0010 287 0 491 28
cow 0.5533 121 75 325 345
cow 0.4087 204 0 499 192
cow 0.0776 126 3 494 341
cow 0.0060 244 83 423 318
cow 0.0037 452 98 499 162
cow 0.0021 350 95 498 201
cow 0.0017 230 89 407 192
