person 0.9181 216 108 256 208
person 0.9168 359 165 385 221
person 0.9162 412 164 434 223
person 0.9079 91 152 111 214
person 0.8648 63 155 88 206
person 0.8343 137 152 163 216
person 0.8205 454 173 484 223
person 0.0162 431 188 457 223
person 0.0121 84 189 95 204
person 0.0087 395 205 420 223
person 0.0035 77 194 99 214
person 0.0033 425 167 434 221
person 0.0032 138 152 159 186
person 0.0017 104 151 167 219
person 0.0016 428 175 434 191
person 0.0016 216 124 242 161
person 0.0014 78 158 89 203
person 0.0013 413 164 432 192
bus 0.0010 266 96 428 186
dog 0.8081 95 207 135 225
dog 0.5192 40 209 87 229
dog 0.5083 431 188 458 223
dog 0.4140 396 205 420 223
dog 0.0742 63 213 87 227
dog 0.0438 49 190 68 215
dog 0.0357 74 207 95 224
dog 0.0270 91 207 101 222
dog 0.0201 434 188 487 223
dog 0.0114 439 202 456 224
dog 0.0065 84 214 95 224
dog 0.0064 44 189 89 229
dog 0.0055 405 205 414 213
dog 0.0034 78 194 99 214
dog 0.0031 444 188 458 215
dog 0.0023 385 196 455 223
dog 0.0021 93 206 102 216
dog 0.0016 377 204 418 222
dog 0.0015 395 212 406 222
dog 0.0012 75 190 101 224
dog 0.0012 88 203 102 217
horse 0.9531 184 149 332 250
horse 0.0010 325 153 359 217
bottle 0.0191 88 214 94 224
chair 0.1955 455 188 486 223
chair 0.1750 48 190 68 215
chair 0.0605 465 192 485 217
chair 0.0159 431 189 444 222
chair 0.0153 47 187 89 213
chair 0.0147 469 200 485 221
chair 0.0113 474 190 487 224
chair 0.0093 79 184 89 204
chair 0.0069 63 185 81 206
chair 0.0051 456 203 475 223
chair 0.0035 469 190 499 227
chair 0.0031 84 189 95 204
chair 0.0027 476 189 486 211
chair 0.0027 92 183 103 201
chair 0.0015 93 184 110 214
chair 0.0015 427 184 438 222
chair 0.0014 42 193 94 225
chair 0.0013 361 192 383 218
chair 0.0012 350 194 361 216
chair 0.0011 77 188 96 206
chair 0.0010 443 190 476 222
chair 0.0010 437 180 492 223
chair 0.0010 28 190 70 229
