person 0.8414 354 136 406 180
person 0.2267 495 167 500 186
person 0.2051 472 167 479 185
person 0.0653 479 168 485 185
person 0.0195 486 169 492 184
person 0.0089 474 167 479 174
person 0.0087 325 159 333 188
person 0.0039 460 169 466 185
person 0.0031 462 165 469 185
person 0.0026 483 170 495 187
person 0.0025 480 168 484 175
person 0.0024 471 165 486 186
person 0.0020 425 138 445 169
person 0.0020 326 158 342 187
person 0.0018 195 167 206 186
person 0.0015 495 163 500 178
person 0.0015 112 177 120 192
person 0.0013 459 164 464 184
person 0.0010 469 167 473 175
bicycle 0.0041 463 172 472 187
bus 0.9730 62 83 473 310
bus 0.0049 209 48 523 346
bus 0.0015 48 177 63 203
bus 0.0011 61 235 479 312
chair 0.0012 195 172 206 186
