person 0.9422 354 155 457 372
person 0.0705 219 171 230 193
person 0.0579 223 176 229 193
person 0.0248 249 193 291 230
person 0.0247 439 184 451 196
person 0.0143 104 197 125 236
person 0.0087 211 172 231 199
person 0.0069 436 185 446 195
person 0.0068 263 197 303 230
person 0.0066 445 185 457 196
person 0.0062 377 171 393 187
person 0.0060 465 186 481 197
person 0.0053 473 187 483 196
person 0.0043 90 166 108 180
person 0.0040 223 176 233 214
person 0.0036 494 179 498 194
person 0.0035 414 173 420 186
person 0.0032 459 186 475 197
person 0.0032 275 164 303 179
person 0.0026 452 185 465 197
person 0.0026 109 173 118 184
person 0.0025 224 178 238 193
person 0.0022 247 196 273 225
person 0.0020 285 196 306 228
person 0.0020 82 165 89 175
person 0.0019 258 200 272 214
person 0.0018 213 171 220 179
person 0.0018 278 167 292 179
person 0.0017 445 172 450 177
person 0.0014 35 168 41 177
person 0.0014 103 192 142 237
person 0.0012 255 193 276 213
person 0.0012 416 173 424 188
person 0.0012 429 177 450 192
person 0.0012 107 171 115 183
person 0.0012 0 170 11 185
person 0.0012 217 170 229 184
person 0.0011 83 162 91 173
person 0.0011 389 156 422 188
person 0.0010 476 189 483 196
person 0.0010 267 169 300 180
car 0.9253 428 175 499 241
car 0.9207 113 174 371 349
car 0.9155 89 167 212 224
car 0.8501 0 167 41 222
car 0.8277 0 209 11 249
car 0.7244 71 174 92 201
car 0.3354 170 174 214 196
car 0.1163 180 177 212 191
car 0.1022 198 174 219 187
car 0.0697 249 173 275 183
car 0.0686 221 172 273 193
car 0.0678 334 170 392 193
car 0.0458 0 167 92 221
car 0.0409 332 174 363 189
car 0.0335 204 174 220 183
car 0.0315 376 171 393 191
car 0.0280 218 171 229 189
car 0.0274 177 178 218 202
car 0.0251 203 172 230 191
car 0.0159 0 170 6 177
car 0.0112 38 172 93 201
car 0.0111 489 188 500 231
car 0.0106 89 166 107 183
car 0.0100 222 168 311 193
car 0.0096 316 172 372 192
car 0.0085 374 183 388 194
car 0.0075 449 170 474 177
car 0.0073 168 174 185 184
car 0.0062 0 166 40 184
car 0.0062 89 167 108 199
car 0.0061 493 180 499 196
car 0.0052 349 180 390 196
car 0.0051 168 172 203 189
car 0.0047 247 170 298 182
car 0.0045 208 174 222 189
car 0.0044 371 179 389 191
car 0.0037 345 179 365 190
car 0.0031 342 174 362 185
car 0.0028 73 165 107 201
car 0.0028 218 167 393 197
car 0.0027 427 175 488 195
car 0.0026 174 173 192 181
car 0.0026 362 176 393 198
car 0.0026 250 174 263 183
car 0.0025 223 178 240 193
car 0.0023 362 169 394 188
car 0.0023 89 165 134 180
car 0.0023 492 182 499 208
car 0.0020 0 169 9 181
car 0.0020 184 170 226 188
car 0.0019 363 171 430 193
car 0.0016 428 176 452 192
car 0.0016 90 169 125 217
car 0.0015 0 162 16 170
car 0.0014 272 170 390 192
car 0.0013 257 171 275 178
car 0.0012 255 166 312 181
car 0.0012 255 167 287 180
car 0.0011 186 205 210 225
car 0.0011 176 170 203 179
car 0.0011 266 169 301 180
car 0.0011 340 170 364 180
car 0.0010 22 160 41 173
car 0.0010 190 168 202 174
car 0.0010 183 170 199 177
chair 0.0339 103 196 125 236
