person 0.9594 382 207 499 373
person 0.4292 346 153 370 179
person 0.3409 272 142 285 161
person 0.0827 271 132 318 170
person 0.0821 313 140 341 175
person 0.0451 480 290 500 373
person 0.0265 349 152 367 169
person 0.0255 327 141 341 166
person 0.0162 270 140 293 165
person 0.0122 321 161 331 176
person 0.0083 349 151 388 179
person 0.0082 213 150 233 178
person 0.0040 325 147 371 181
person 0.0028 383 165 401 177
person 0.0022 352 254 357 261
person 0.0021 343 150 371 204
person 0.0021 150 203 161 216
person 0.0019 308 145 328 173
person 0.0016 430 175 435 182
person 0.0015 271 139 338 179
person 0.0014 330 141 341 156
person 0.0013 290 145 327 173
person 0.0013 313 159 329 175
person 0.0011 212 139 245 173
person 0.0010 148 202 165 223
aeroplane 0.8049 1 127 498 344
aeroplane 0.0034 6 249 495 346
aeroplane 0.0023 0 225 8 233
