person 0.9509 151 18 436 361
person 0.9393 0 81 168 361
person 0.0835 131 125 171 200
person 0.0028 237 97 390 333
person 0.0023 55 85 175 199
person 0.0022 143 125 171 173
person 0.0014 122 83 171 198
person 0.0012 0 156 66 348
bottle 0.0266 272 120 334 273
bottle 0.0155 273 120 303 177
chair 0.0192 0 135 55 152
chair 0.0031 0 158 63 217
chair 0.0029 0 121 65 311
chair 0.0025 0 148 57 162
chair 0.0020 0 132 55 144
chair 0.0018 0 128 62 183
chair 0.0017 0 292 25 337
chair 0.0015 0 162 35 215
chair 0.0010 0 327 6 346
chair 0.0010 2 122 58 137
diningtable 0.2591 186 315 499 363
diningtable 0.0014 185 264 500 363
diningtable 0.0011 390 316 500 362
tvmonitor 0.0554 0 97 69 336
tvmonitor 0.0171 0 103 60 144
tvmonitor 0.0088 0 103 65 195
tvmonitor 0.0038 140 94 251 158
tvmonitor 0.0037 0 84 156 324
tvmonitor 0.0036 335 83 499 322
tvmonitor 0.0033 2 92 251 156
tvmonitor 0.0012 0 102 170 181
