person 0.4769 357 245 362 251
person 0.4647 334 244 340 251
person 0.3624 364 244 369 251
person 0.3445 379 244 384 252
person 0.3348 366 243 372 251
person 0.2605 325 244 332 251
person 0.2534 375 243 380 251
person 0.1764 377 243 382 251
person 0.1454 352 246 357 251
person 0.1299 340 245 344 251
person 0.0785 80 247 87 254
person 0.0763 73 247 88 255
person 0.0604 323 240 332 251
person 0.0310 364 243 374 251
person 0.0242 353 250 366 257
person 0.0173 378 246 385 253
person 0.0161 373 243 384 252
person 0.0134 351 247 356 257
person 0.0134 272 214 283 230
person 0.0133 357 249 372 256
person 0.0110 333 243 345 251
person 0.0084 369 242 375 250
person 0.0076 306 106 311 123
person 0.0066 460 178 468 189
person 0.0060 349 245 359 257
person 0.0046 481 210 486 217
person 0.0037 322 243 328 251
person 0.0029 434 196 441 207
person 0.0027 374 246 390 255
person 0.0025 82 249 88 254
person 0.0024 334 245 375 257
person 0.0021 348 245 361 252
person 0.0019 338 244 348 251
person 0.0017 225 223 230 232
person 0.0017 318 248 325 252
person 0.0017 317 236 325 246
person 0.0017 359 172 370 189
person 0.0016 318 236 331 249
person 0.0014 440 210 448 218
person 0.0014 336 242 344 250
person 0.0014 369 214 376 220
person 0.0013 170 230 182 241
person 0.0013 350 252 358 257
person 0.0012 436 210 444 218
car 0.0148 19 216 36 223
car 0.0065 107 229 120 234
car 0.0060 116 229 129 234
car 0.0055 94 229 104 234
car 0.0052 141 229 152 235
car 0.0015 70 217 81 222
car 0.0012 0 222 4 231
boat 0.6485 401 177 498 239
boat 0.4543 66 247 89 255
boat 0.3527 278 15 426 255
boat 0.2881 350 250 399 259
boat 0.2867 326 164 410 241
boat 0.1461 400 211 497 239
boat 0.1234 284 203 402 259
boat 0.0728 326 208 408 240
boat 0.0543 285 245 401 260
boat 0.0380 283 129 403 259
boat 0.0320 279 37 336 268
boat 0.0287 350 251 369 258
boat 0.0273 78 247 88 254
boat 0.0266 156 50 289 242
boat 0.0202 171 142 217 243
boat 0.0178 143 15 417 249
boat 0.0157 173 131 287 244
boat 0.0152 174 235 211 244
boat 0.0137 321 173 502 240
boat 0.0115 94 229 105 234
boat 0.0113 486 227 499 237
boat 0.0099 171 230 219 244
boat 0.0075 352 249 376 258
boat 0.0064 170 235 182 243
boat 0.0061 312 107 455 242
boat 0.0057 170 234 196 244
boat 0.0054 174 203 285 243
boat 0.0049 350 243 401 260
boat 0.0047 486 197 499 237
boat 0.0036 172 226 284 244
boat 0.0032 216 234 232 243
boat 0.0031 95 229 122 234
boat 0.0030 230 228 285 243
boat 0.0026 377 249 401 255
boat 0.0026 180 239 195 244
boat 0.0026 324 130 437 159
boat 0.0023 283 200 323 247
boat 0.0021 332 144 435 160
boat 0.0020 170 174 202 242
boat 0.0019 440 178 493 213
boat 0.0018 170 224 200 243
boat 0.0018 285 249 355 260
boat 0.0017 387 121 498 240
boat 0.0017 354 253 375 259
boat 0.0017 402 211 453 235
boat 0.0016 108 229 130 235
boat 0.0016 170 200 400 256
boat 0.0014 338 201 497 239
boat 0.0014 175 230 192 239
boat 0.0014 231 145 287 243
boat 0.0013 169 229 183 243
boat 0.0013 201 139 289 165
boat 0.0012 231 201 285 243
boat 0.0011 278 106 436 161
boat 0.0011 399 228 485 239
boat 0.0011 367 246 395 256
boat 0.0010 93 218 172 240
boat 0.0010 165 140 401 253
boat 0.0010 199 232 233 244
