person 0.0011 200 243 251 275
chair 0.4960 401 271 499 330
chair 0.0175 402 270 427 331
chair 0.0027 444 98 499 157
chair 0.0017 431 309 500 331
chair 0.0011 398 215 499 327
chair 0.0011 266 163 444 270
pottedplant 0.3436 269 49 499 325
pottedplant 0.2240 0 0 301 293
pottedplant 0.1646 0 112 70 298
pottedplant 0.0735 172 85 296 236
pottedplant 0.0452 381 109 499 321
pottedplant 0.0447 1 123 208 287
pottedplant 0.0318 133 3 300 265
pottedplant 0.0316 270 162 391 269
pottedplant 0.0259 0 196 60 295
pottedplant 0.0249 0 112 28 165
pottedplant 0.0202 0 112 6 138
pottedplant 0.0151 0 111 35 257
pottedplant 0.0127 0 10 102 293
pottedplant 0.0115 199 223 259 277
pottedplant 0.0096 0 113 9 160
pottedplant 0.0093 0 29 37 160
pottedplant 0.0086 0 28 88 160
pottedplant 0.0076 0 180 90 327
pottedplant 0.0068 65 17 495 292
pottedplant 0.0050 84 188 207 284
pottedplant 0.0038 181 139 279 233
pottedplant 0.0037 42 138 90 285
pottedplant 0.0032 384 124 498 223
pottedplant 0.0025 0 116 17 294
pottedplant 0.0024 0 239 48 296
pottedplant 0.0024 0 184 199 326
pottedplant 0.0020 1 1 151 154
pottedplant 0.0020 57 236 86 287
pottedplant 0.0019 258 63 442 198
pottedplant 0.0018 449 129 499 270
pottedplant 0.0017 437 96 500 210
pottedplant 0.0014 0 69 30 185
pottedplant 0.0013 0 35 12 156
pottedplant 0.0013 0 28 32 61
pottedplant 0.0012 24 188 86 285
pottedplant 0.0011 0 117 56 170
pottedplant 0.0011 255 195 293 271
pottedplant 0.0010 441 97 499 155
pottedplant 0.0010 77 0 216 108
pottedplant 0.0010 0 133 57 239
pottedplant 0.0010 484 180 499 266
diningtable 0.0039 392 207 499 328
