person 0.1742 355 308 360 316
person 0.0469 359 309 366 315
person 0.0369 349 310 353 316
person 0.0338 403 292 408 299
person 0.0075 350 309 356 317
person 0.0066 329 291 332 298
person 0.0066 417 293 423 297
person 0.0063 342 309 348 318
person 0.0058 362 308 372 315
person 0.0050 354 308 363 316
person 0.0047 315 292 321 297
person 0.0045 330 291 333 298
person 0.0041 431 290 435 298
person 0.0037 140 292 144 298
person 0.0034 347 296 353 305
person 0.0025 428 290 434 298
person 0.0021 141 293 146 299
person 0.0020 365 309 375 315
person 0.0018 496 292 499 298
person 0.0015 345 309 357 317
person 0.0015 420 62 427 75
person 0.0014 470 292 476 297
person 0.0014 367 308 378 314
person 0.0013 11 358 43 404
person 0.0012 277 291 282 297
person 0.0012 300 293 306 298
person 0.0010 400 291 410 299
car 0.0088 314 292 320 297
car 0.0068 287 291 300 297
car 0.0058 468 292 475 297
car 0.0049 303 291 314 297
car 0.0038 285 291 291 297
car 0.0031 299 293 305 298
car 0.0019 1 293 17 299
car 0.0018 456 290 475 298
car 0.0018 224 294 231 298
car 0.0014 253 293 261 298
car 0.0013 309 291 321 298
car 0.0013 468 291 478 298
car 0.0012 408 292 423 298
car 0.0012 240 293 246 298
car 0.0012 9 294 17 299
car 0.0010 267 293 276 298
car 0.0010 455 291 463 298
boat 0.8867 340 214 410 326
boat 0.0098 340 311 407 327
bird 0.0175 420 63 440 75
bird 0.0051 420 63 427 74
bird 0.0020 434 67 440 74
