person 0.9073 0 131 97 371
person 0.8923 65 33 124 297
person 0.8919 77 5 415 374
person 0.8398 121 41 185 277
person 0.0668 435 100 499 363
person 0.0298 0 130 6 176
person 0.0069 113 55 151 263
person 0.0046 106 115 126 151
person 0.0034 0 259 30 372
person 0.0032 433 98 499 232
person 0.0032 0 129 5 154
person 0.0031 0 130 15 176
person 0.0027 130 35 231 370
person 0.0015 0 256 9 314
person 0.0014 77 235 175 371
person 0.0014 0 133 18 324
chair 0.4131 350 232 498 371
chair 0.3186 137 234 248 371
chair 0.2678 434 101 499 369
chair 0.2070 116 229 475 370
chair 0.1611 189 259 307 371
chair 0.1521 191 261 248 367
chair 0.1494 359 100 499 369
chair 0.0426 131 233 184 370
chair 0.0411 0 354 29 374
chair 0.0239 433 100 499 238
chair 0.0172 78 232 183 371
chair 0.0171 138 232 177 293
chair 0.0101 122 331 164 373
chair 0.0095 1 332 159 373
chair 0.0084 169 124 498 371
chair 0.0059 137 231 232 311
chair 0.0045 349 233 418 370
chair 0.0044 1 268 165 371
chair 0.0044 107 353 128 375
chair 0.0036 350 231 399 306
chair 0.0026 0 259 32 372
chair 0.0025 155 299 208 373
chair 0.0025 428 351 499 374
chair 0.0021 430 278 499 372
chair 0.0018 377 300 499 372
chair 0.0018 82 332 164 374
chair 0.0017 0 318 30 373
chair 0.0013 123 325 308 373
chair 0.0011 0 273 83 372
chair 0.0010 485 272 499 322
sofa 0.0475 349 232 497 372
sofa 0.0016 430 292 499 372
diningtable 0.0297 0 354 29 374
diningtable 0.0013 122 331 164 373
