person 0.9438 391 98 446 307
person 0.9422 86 81 150 296
person 0.9335 237 91 296 315
bottle 0.0613 438 210 449 237
bottle 0.0053 438 185 449 236
chair 0.9499 32 191 100 289
chair 0.9412 153 197 218 302
chair 0.7956 328 162 386 296
chair 0.5880 150 163 189 216
chair 0.4110 214 188 239 262
chair 0.3279 290 191 318 264
chair 0.2682 339 162 385 198
chair 0.2591 16 159 90 241
chair 0.1713 189 153 217 196
chair 0.0483 318 143 340 193
chair 0.0343 189 179 211 196
chair 0.0329 319 191 335 251
chair 0.0265 189 183 228 202
chair 0.0235 166 159 211 203
chair 0.0216 317 142 341 248
chair 0.0215 231 214 250 263
chair 0.0193 236 190 314 259
chair 0.0183 296 142 315 195
chair 0.0183 16 161 44 240
chair 0.0164 138 172 176 245
chair 0.0162 311 177 328 240
chair 0.0157 310 143 330 193
chair 0.0152 150 164 210 246
chair 0.0146 293 149 319 223
chair 0.0143 227 152 240 190
chair 0.0130 204 154 235 205
chair 0.0105 210 165 239 230
chair 0.0093 234 212 295 258
chair 0.0082 287 132 318 270
chair 0.0081 215 152 230 192
chair 0.0077 203 152 239 261
chair 0.0077 201 153 217 191
chair 0.0076 293 193 318 216
chair 0.0076 206 189 231 200
chair 0.0074 309 150 335 243
chair 0.0071 293 174 317 214
chair 0.0069 188 176 229 215
chair 0.0057 294 173 312 195
chair 0.0057 137 176 157 247
chair 0.0053 215 188 237 216
chair 0.0053 309 175 324 195
chair 0.0052 145 156 156 173
chair 0.0051 138 217 180 260
chair 0.0051 139 163 195 283
chair 0.0050 312 193 324 244
chair 0.0046 191 178 210 188
chair 0.0044 309 174 325 216
chair 0.0038 186 172 233 248
chair 0.0037 79 162 90 190
chair 0.0034 230 151 240 220
chair 0.0032 43 161 88 192
chair 0.0026 147 171 158 215
chair 0.0024 295 156 413 297
chair 0.0023 237 109 296 303
chair 0.0022 319 169 339 194
chair 0.0021 332 195 385 243
chair 0.0021 175 155 192 194
chair 0.0020 150 162 183 188
chair 0.0020 162 197 213 219
chair 0.0020 338 144 354 193
chair 0.0019 139 174 153 212
chair 0.0017 297 193 330 265
chair 0.0016 138 182 152 230
chair 0.0015 67 161 89 190
chair 0.0014 321 206 332 266
chair 0.0013 319 179 337 210
chair 0.0013 314 187 325 229
chair 0.0012 310 170 333 196
chair 0.0012 319 179 338 186
chair 0.0011 285 220 310 265
chair 0.0011 319 152 376 197
chair 0.0011 333 195 385 214
chair 0.0010 322 191 335 207
chair 0.0010 144 159 157 192
diningtable 0.0154 191 188 229 200
diningtable 0.0136 146 150 237 200
diningtable 0.0069 206 189 229 198
diningtable 0.0054 190 152 235 195
diningtable 0.0036 185 161 238 259
diningtable 0.0036 150 157 233 247
diningtable 0.0028 207 193 229 201
diningtable 0.0024 163 188 233 266
diningtable 0.0022 162 187 324 265
diningtable 0.0021 16 159 90 240
diningtable 0.0019 144 141 240 155
diningtable 0.0014 325 160 387 297
diningtable 0.0014 161 197 213 218
diningtable 0.0014 212 190 238 266
diningtable 0.0011 161 193 212 206
diningtable 0.0010 333 195 385 214
