cow 0.9595 0 52 166 258
cow 0.9464 132 24 416 299
cow 0.7966 392 29 499 257
cow 0.2653 77 28 184 129
cow 0.2611 457 72 500 165
cow 0.0588 0 28 159 123
cow 0.0501 383 5 500 48
cow 0.0341 75 27 150 58
cow 0.0248 386 4 500 160
cow 0.0156 439 74 499 254
cow 0.0076 317 176 340 237
cow 0.0071 318 160 400 267
cow 0.0052 0 108 24 128
cow 0.0035 360 30 392 44
cow 0.0029 0 91 21 128
cow 0.0024 318 168 373 243
cow 0.0018 324 92 498 261
cow 0.0018 70 29 152 85
cow 0.0017 152 67 184 130
cow 0.0015 317 28 418 271
cow 0.0014 133 38 184 131
cow 0.0010 0 104 11 128
