person 0.0385 300 29 329 63
person 0.0033 318 25 334 57
person 0.0018 296 10 335 65
bottle 0.0067 16 4 33 26
bottle 0.0050 55 36 71 80
chair 0.9316 29 305 202 499
chair 0.8807 0 203 58 315
chair 0.8751 300 180 346 350
chair 0.8178 49 178 97 262
chair 0.5170 326 244 370 365
chair 0.0690 301 180 331 251
chair 0.0344 4 173 94 265
chair 0.0336 232 197 248 222
chair 0.0268 208 186 244 221
chair 0.0169 30 193 69 267
chair 0.0096 208 197 234 221
chair 0.0078 358 302 370 364
chair 0.0069 0 257 17 332
chair 0.0053 319 242 370 498
chair 0.0049 18 203 59 281
chair 0.0044 1 303 80 501
chair 0.0035 321 389 369 499
chair 0.0034 5 190 51 213
chair 0.0024 306 183 354 492
chair 0.0017 135 203 146 222
chair 0.0013 5 173 89 212
chair 0.0013 219 179 345 351
chair 0.0012 355 246 369 364
chair 0.0011 96 224 106 232
chair 0.0010 0 245 31 315
pottedplant 0.7798 91 117 267 279
pottedplant 0.0163 54 100 303 388
pottedplant 0.0029 127 192 255 276
diningtable 0.8462 2 216 346 498
diningtable 0.0377 8 214 328 334
diningtable 0.0141 6 172 83 199
diningtable 0.0047 5 190 51 212
diningtable 0.0029 3 167 88 232
diningtable 0.0028 0 197 59 313
diningtable 0.0017 1 285 65 503
diningtable 0.0010 6 194 36 210
diningtable 0.0010 3 192 35 223
