person 0.0078 234 156 248 169
person 0.0077 199 168 216 219
person 0.0050 194 147 217 217
aeroplane 0.8396 44 114 423 216
aeroplane 0.4518 0 141 158 173
aeroplane 0.0412 0 142 162 201
aeroplane 0.0287 0 141 20 158
aeroplane 0.0253 0 141 41 160
aeroplane 0.0226 352 136 398 152
aeroplane 0.0132 0 140 16 150
aeroplane 0.0058 0 142 68 169
aeroplane 0.0052 0 143 10 158
aeroplane 0.0034 37 167 168 203
aeroplane 0.0032 47 164 238 212
aeroplane 0.0026 1 113 156 170
aeroplane 0.0019 350 124 400 155
aeroplane 0.0016 0 120 16 156
aeroplane 0.0015 181 116 361 214
aeroplane 0.0013 0 143 76 192
aeroplane 0.0013 1 151 31 160
boat 0.0511 472 159 479 167
bird 0.0068 426 153 431 157
