person 0.0424 337 234 351 263
person 0.0298 335 236 341 262
person 0.0289 407 165 417 176
person 0.0119 405 165 420 184
person 0.0044 455 242 460 254
person 0.0040 387 167 399 186
person 0.0035 449 249 453 261
person 0.0015 340 247 350 264
person 0.0011 11 352 44 402
person 0.0011 347 240 353 247
aeroplane 0.8584 1 120 495 270
aeroplane 0.2039 461 221 499 238
aeroplane 0.1413 411 229 495 251
aeroplane 0.0686 429 221 499 243
aeroplane 0.0391 440 235 491 249
aeroplane 0.0175 459 223 500 251
aeroplane 0.0049 418 228 472 238
aeroplane 0.0030 485 215 500 222
aeroplane 0.0024 461 189 499 237
aeroplane 0.0023 410 206 499 242
aeroplane 0.0021 338 228 493 265
aeroplane 0.0020 463 215 500 231
aeroplane 0.0015 4 219 493 277
