person 0.9219 46 219 63 256
person 0.9011 133 214 150 268
person 0.7890 335 209 345 241
person 0.7467 323 209 335 241
person 0.0162 56 212 62 219
person 0.0155 379 199 387 207
person 0.0087 477 204 486 208
person 0.0048 52 220 56 227
person 0.0047 54 220 60 227
person 0.0018 385 198 392 208
person 0.0016 37 220 44 226
person 0.0013 44 219 52 225
person 0.0012 462 204 470 210
person 0.0010 378 192 402 209
car 0.8959 25 217 102 241
car 0.6046 379 208 452 250
car 0.1155 449 202 499 242
car 0.0715 222 193 239 203
car 0.0395 25 221 69 244
car 0.0322 495 199 499 206
car 0.0087 75 221 102 239
car 0.0057 27 219 82 229
car 0.0051 24 218 47 241
car 0.0046 467 220 500 241
car 0.0021 304 184 322 189
car 0.0013 149 227 206 243
car 0.0013 493 201 499 222
motorbike 0.0042 493 199 499 214
motorbike 0.0024 485 199 500 207
motorbike 0.0011 476 201 497 208
bus 0.8892 237 185 406 240
bus 0.0024 294 186 364 240
bus 0.0013 371 188 409 210
bird 0.0032 328 10 340 19
bird 0.0026 376 15 389 23
