person 0.0112 489 119 500 157
person 0.0034 489 76 499 158
person 0.0013 488 214 499 252
person 0.0012 470 208 500 249
dog 0.8385 9 102 499 370
bottle 0.0603 0 74 33 119
bottle 0.0202 441 157 473 239
bottle 0.0180 443 154 500 265
bottle 0.0069 446 159 472 182
bottle 0.0065 29 69 63 126
bottle 0.0036 388 135 421 183
bottle 0.0023 0 72 59 122
bottle 0.0021 0 90 14 116
bottle 0.0011 447 159 462 178
bottle 0.0010 402 141 451 192
bottle 0.0010 0 99 9 116
chair 0.0160 489 121 500 157
chair 0.0110 372 1 499 190
sofa 0.0107 3 219 497 371
sofa 0.0021 5 87 498 278
sofa 0.0020 3 301 499 371
pottedplant 0.0028 0 1 139 139
diningtable 0.1201 0 232 90 372
diningtable 0.0111 0 337 29 374
diningtable 0.0086 0 297 83 371
diningtable 0.0056 -39 67 256 402
diningtable 0.0050 0 300 61 339
diningtable 0.0046 -4 230 338 370
diningtable 0.0041 0 241 91 296
diningtable 0.0025 444 154 499 279
diningtable 0.0019 0 150 115 365
