person 0.7623 487 183 499 259
person 0.0161 32 192 47 225
person 0.0057 468 185 500 297
person 0.0020 483 184 500 315
person 0.0019 49 189 64 223
person 0.0019 411 181 437 229
person 0.0016 412 181 418 208
person 0.0014 412 181 419 229
bottle 0.0385 462 244 466 253
bottle 0.0025 11 325 22 349
bottle 0.0022 15 325 22 341
bottle 0.0016 457 244 468 275
bottle 0.0014 29 315 40 338
bottle 0.0012 30 316 36 328
bottle 0.0011 26 317 31 329
chair 0.3289 420 267 499 348
chair 0.1222 456 252 499 299
chair 0.0873 423 251 499 305
chair 0.0839 461 274 499 300
chair 0.0708 452 294 500 348
chair 0.0560 115 284 153 341
chair 0.0538 95 298 138 334
chair 0.0175 0 301 62 350
chair 0.0157 423 268 469 302
chair 0.0055 117 287 148 320
chair 0.0053 417 291 472 349
chair 0.0036 324 253 379 288
chair 0.0035 422 265 448 295
chair 0.0020 424 286 467 309
chair 0.0020 0 337 7 350
chair 0.0016 0 275 8 348
chair 0.0013 0 249 12 328
chair 0.0010 0 262 54 331
chair 0.0010 484 280 499 296
chair 0.0010 490 246 499 259
sofa 0.9559 145 239 379 343
sofa 0.0360 456 249 499 297
sofa 0.0049 420 246 499 348
sofa 0.0016 196 240 379 300
pottedplant 0.6060 191 223 217 251
pottedplant 0.5764 295 268 353 313
pottedplant 0.5061 214 224 231 250
pottedplant 0.4562 240 219 262 248
pottedplant 0.3863 165 225 188 252
pottedplant 0.2112 261 226 275 247
pottedplant 0.1599 226 228 245 249
pottedplant 0.1513 248 220 274 248
pottedplant 0.0620 214 224 248 250
pottedplant 0.0329 238 228 256 248
pottedplant 0.0320 205 223 224 250
pottedplant 0.0172 195 241 208 251
pottedplant 0.0171 271 221 283 246
pottedplant 0.0150 207 233 219 250
pottedplant 0.0144 164 223 218 252
pottedplant 0.0048 235 238 246 248
pottedplant 0.0036 228 239 237 249
pottedplant 0.0021 184 222 264 252
pottedplant 0.0021 240 240 256 248
pottedplant 0.0018 177 228 205 251
pottedplant 0.0016 263 239 273 247
pottedplant 0.0016 198 239 216 251
pottedplant 0.0011 272 231 281 245
diningtable 0.7016 192 282 463 348
diningtable 0.3471 0 261 59 348
diningtable 0.0556 0 262 48 282
diningtable 0.0090 0 255 11 346
diningtable 0.0076 453 289 499 348
diningtable 0.0043 414 280 499 349
diningtable 0.0023 12 265 41 279
diningtable 0.0016 0 338 7 350
diningtable 0.0013 0 307 61 350
