person 0.5199 152 93 221 260
person 0.4314 308 335 499 372
person 0.0218 153 93 202 193
person 0.0126 307 79 500 368
person 0.0125 142 139 160 172
person 0.0061 308 279 499 373
person 0.0034 139 139 161 205
person 0.0020 495 0 500 21
person 0.0017 466 342 499 373
chair 0.2171 139 138 214 273
chair 0.1468 0 217 15 267
chair 0.0443 148 204 204 271
chair 0.0305 138 140 161 212
chair 0.0189 312 335 502 372
chair 0.0152 137 139 188 215
chair 0.0134 192 139 219 194
chair 0.0106 142 139 160 173
chair 0.0053 213 143 232 172
chair 0.0053 0 216 45 273
chair 0.0035 197 140 219 169
chair 0.0025 0 134 96 279
chair 0.0016 0 249 14 267
chair 0.0012 20 211 86 267
chair 0.0011 8 215 30 264
chair 0.0010 153 176 180 208
sofa 0.3177 308 334 500 372
pottedplant 0.0424 214 130 239 172
pottedplant 0.0270 283 96 340 156
diningtable 0.1149 198 173 318 300
diningtable 0.0371 23 199 134 296
diningtable 0.0105 -1 133 133 295
diningtable 0.0038 76 201 135 291
diningtable 0.0027 147 148 235 298
diningtable 0.0018 201 175 310 195
tvmonitor 0.1473 0 133 98 222
tvmonitor 0.0239 0 137 61 209
tvmonitor 0.0204 37 119 105 193
