person 0.9522 15 12 138 325
person 0.9396 211 1 346 327
person 0.9333 125 11 227 327
person 0.5733 66 105 84 149
person 0.0669 148 103 165 144
person 0.0273 234 108 256 149
person 0.0074 0 0 111 95
person 0.0060 38 0 112 43
person 0.0054 2 169 9 175
person 0.0046 78 110 87 141
person 0.0045 66 105 76 128
person 0.0036 15 58 24 74
person 0.0030 83 113 94 142
person 0.0026 88 10 304 328
person 0.0018 90 128 96 142
person 0.0016 106 39 139 319
person 0.0014 107 21 172 322
person 0.0012 87 119 97 142
person 0.0011 78 110 86 128
car 0.0028 0 70 38 96
car 0.0017 283 61 358 97
boat 0.0023 0 174 41 215
bird 0.0028 11 178 18 185
bird 0.0016 229 107 257 153
cat 0.0010 37 0 112 43
cat 0.0010 0 0 108 72
chair 0.0023 297 210 359 307
chair 0.0020 0 94 46 214
chair 0.0011 0 175 31 214
chair 0.0010 0 304 43 330
sofa 0.0023 300 94 360 306
diningtable 0.0038 0 5 112 97
tvmonitor 0.0031 0 98 50 224
