person 0.0720 0 122 20 272
person 0.0015 0 182 9 268
person 0.0011 0 121 20 180
person 0.0010 0 5 34 273
bicycle 0.9604 25 17 495 325
bicycle 0.0665 0 121 39 291
bicycle 0.0259 0 126 19 278
bicycle 0.0109 412 100 499 260
bicycle 0.0056 445 101 499 153
bicycle 0.0044 446 161 500 261
bicycle 0.0041 409 92 499 163
bicycle 0.0031 0 186 14 274
bicycle 0.0029 157 2 200 47
bicycle 0.0025 0 234 7 266
bicycle 0.0021 8 254 498 322
bicycle 0.0020 0 232 12 278
bicycle 0.0018 380 57 499 207
bicycle 0.0017 0 155 14 246
bicycle 0.0016 454 112 499 141
bicycle 0.0014 447 95 499 223
bicycle 0.0013 13 181 497 325
bicycle 0.0011 2 105 219 302
bottle 0.1391 168 274 184 310
bottle 0.0414 394 142 416 150
bottle 0.0349 160 2 199 46
bottle 0.0341 251 152 281 245
bottle 0.0303 179 2 198 34
bottle 0.0300 488 0 499 52
bottle 0.0086 451 92 494 129
bottle 0.0086 183 274 200 310
bottle 0.0053 305 108 327 149
bottle 0.0038 470 112 499 140
bottle 0.0038 164 20 200 48
bottle 0.0020 247 148 308 247
bottle 0.0019 308 115 313 121
bottle 0.0016 483 115 500 139
bottle 0.0016 440 92 499 151
bottle 0.0015 451 114 465 128
bottle 0.0012 393 141 435 150
bottle 0.0011 297 100 333 150
bottle 0.0010 489 116 499 134
bottle 0.0010 432 103 468 115
chair 0.0057 423 157 499 263
chair 0.0026 206 81 306 141
chair 0.0022 238 147 323 195
chair 0.0021 287 111 331 152
chair 0.0017 278 82 307 124
diningtable 0.0037 8 269 496 324
tvmonitor 0.0363 398 0 489 53
tvmonitor 0.0140 481 183 500 248
tvmonitor 0.0014 452 173 499 270
