person 0.7072 93 54 335 441
person 0.0049 187 367 334 448
person 0.0010 215 433 332 447
cat 0.1393 24 113 187 438
dog 0.7822 3 137 195 447
chair 0.0602 55 45 132 142
chair 0.0404 288 73 335 197
chair 0.0306 57 52 333 206
chair 0.0287 0 242 211 446
chair 0.0233 65 65 195 209
chair 0.0180 0 286 49 440
chair 0.0163 5 128 334 445
chair 0.0138 55 1 244 144
chair 0.0108 160 346 334 447
chair 0.0106 274 372 334 441
chair 0.0058 0 30 189 402
chair 0.0048 0 151 38 318
chair 0.0046 102 0 241 70
chair 0.0040 0 0 15 101
chair 0.0028 0 151 49 417
chair 0.0019 171 271 324 360
chair 0.0017 134 264 329 444
chair 0.0012 1 344 189 447
chair 0.0012 161 84 336 442
chair 0.0010 0 140 56 176
chair 0.0010 273 301 336 444
sofa 0.3196 14 50 336 448
sofa 0.1631 60 58 335 205
sofa 0.0496 288 73 335 197
sofa 0.0041 64 67 210 209
sofa 0.0041 182 55 337 443
sofa 0.0027 55 44 132 142
sofa 0.0021 275 366 335 441
sofa 0.0017 281 71 335 441
pottedplant 0.0176 102 0 182 68
tvmonitor 0.0037 0 0 15 100
