person 0.9196 238 62 420 370
person 0.9144 33 51 260 369
car 0.0025 490 1 500 80
car 0.0014 491 41 500 77
bottle 0.0530 335 0 365 41
chair 0.9505 278 282 486 372
chair 0.9265 12 322 189 373
chair 0.0033 237 297 290 373
chair 0.0021 0 351 30 374
chair 0.0018 233 335 255 372
chair 0.0018 10 246 202 371
chair 0.0015 241 251 416 370
chair 0.0015 11 181 262 368
diningtable 0.0133 0 182 75 304
diningtable 0.0129 408 174 474 237
diningtable 0.0087 409 173 474 300
tvmonitor 0.8629 0 67 107 185
tvmonitor 0.8139 178 61 290 167
tvmonitor 0.0036 0 61 207 188
tvmonitor 0.0027 178 56 376 177
tvmonitor 0.0020 0 156 5 182
tvmonitor 0.0018 12 52 401 201
