person 0.9444 164 58 473 371
person 0.8619 138 122 304 327
person 0.0309 467 222 499 254
person 0.0214 483 223 499 252
person 0.0166 463 103 499 230
person 0.0084 468 229 489 253
person 0.0084 0 184 18 232
person 0.0072 487 110 500 224
person 0.0041 0 185 11 223
person 0.0039 470 222 499 287
person 0.0029 154 159 166 190
person 0.0015 468 220 499 370
person 0.0010 484 332 500 373
person 0.0010 489 157 500 211
bottle 0.0056 30 204 49 261
bottle 0.0045 86 143 100 162
bottle 0.0033 0 158 41 299
chair 0.2202 297 188 329 225
chair 0.1712 467 259 499 372
chair 0.0848 170 242 217 288
chair 0.0137 466 217 500 254
chair 0.0114 306 191 327 217
chair 0.0112 483 222 499 251
chair 0.0060 492 201 500 227
chair 0.0052 486 183 499 231
chair 0.0051 196 300 223 316
chair 0.0044 485 200 499 246
chair 0.0044 462 179 499 235
chair 0.0028 461 334 477 374
chair 0.0027 172 263 216 288
chair 0.0025 289 154 331 222
chair 0.0025 111 231 134 273
chair 0.0022 168 174 222 288
chair 0.0019 462 122 499 253
chair 0.0019 395 164 434 190
chair 0.0017 485 330 499 373
chair 0.0014 168 255 223 327
chair 0.0013 171 223 219 273
chair 0.0010 110 225 143 301
chair 0.0010 493 187 500 220
chair 0.0010 471 247 500 287
sofa 0.4106 466 248 499 371
sofa 0.0533 467 222 499 253
sofa 0.0266 263 238 500 371
sofa 0.0180 483 222 499 252
sofa 0.0090 297 187 329 225
sofa 0.0076 471 248 500 290
sofa 0.0055 464 190 499 253
sofa 0.0052 485 196 499 251
sofa 0.0041 465 174 499 343
sofa 0.0025 170 225 220 288
sofa 0.0014 403 237 500 372
sofa 0.0011 166 191 487 369
pottedplant 0.0036 110 215 135 273
pottedplant 0.0023 445 105 463 129
pottedplant 0.0017 75 73 180 277
pottedplant 0.0014 101 161 136 273
pottedplant 0.0011 0 68 35 251
diningtable 0.0035 470 246 499 261
diningtable 0.0015 0 234 135 372
tvmonitor 0.2664 50 161 123 329
tvmonitor 0.0039 47 199 86 308
tvmonitor 0.0024 97 183 122 327
tvmonitor 0.0011 155 85 274 181
