person 0.9441 111 95 164 273
person 0.8968 363 162 468 283
person 0.8598 461 118 493 260
person 0.8009 222 128 406 282
person 0.7696 332 118 356 178
person 0.6566 279 112 306 131
person 0.6440 357 149 396 198
person 0.2676 373 149 397 171
person 0.1163 423 148 457 194
person 0.0577 417 149 438 174
person 0.0188 225 156 233 186
person 0.0186 182 117 203 151
person 0.0163 192 117 203 150
person 0.0144 64 112 88 138
person 0.0131 353 143 361 163
person 0.0125 428 149 439 178
person 0.0096 353 147 364 181
person 0.0042 279 111 326 148
person 0.0041 246 112 308 144
person 0.0033 26 120 34 131
person 0.0031 354 146 375 184
person 0.0029 333 140 364 201
person 0.0028 355 160 377 190
person 0.0027 84 121 106 147
person 0.0027 84 112 110 141
person 0.0026 60 123 69 137
person 0.0026 169 63 517 334
person 0.0022 402 120 417 164
person 0.0022 194 129 202 149
person 0.0018 429 141 461 250
person 0.0016 358 147 393 243
person 0.0014 355 143 366 163
person 0.0014 34 115 41 143
person 0.0012 84 132 104 147
person 0.0012 428 138 440 171
person 0.0011 98 112 111 133
person 0.0010 63 93 217 245
person 0.0010 357 171 384 198
car 0.0085 0 140 36 154
car 0.0057 244 121 281 143
car 0.0046 21 140 35 149
car 0.0025 0 142 7 150
car 0.0023 0 141 12 151
car 0.0013 0 145 13 155
car 0.0010 434 124 491 197
bus 0.9531 33 64 246 211
bus 0.0142 244 121 281 143
bus 0.0134 439 99 494 189
bus 0.0026 395 93 494 197
bus 0.0025 441 102 493 139
bus 0.0016 375 31 495 238
bus 0.0010 404 116 440 163
train 0.0021 370 1 497 197
bottle 0.0304 151 161 160 179
