person 0.0431 410 161 418 184
person 0.0248 137 179 145 189
person 0.0193 131 179 145 191
person 0.0126 162 180 168 187
person 0.0081 413 170 419 185
person 0.0079 460 156 468 165
person 0.0070 353 161 360 167
person 0.0068 370 171 375 179
person 0.0062 226 172 231 180
person 0.0061 431 164 439 187
person 0.0059 446 156 453 165
person 0.0048 271 165 281 186
person 0.0044 43 184 49 191
person 0.0028 228 172 233 179
person 0.0023 456 156 466 165
person 0.0019 344 163 351 171
person 0.0018 97 183 108 195
person 0.0016 104 185 115 195
person 0.0014 343 163 352 177
person 0.0011 203 172 213 179
person 0.0011 202 179 216 191
person 0.0010 452 155 479 166
bicycle 0.0052 432 168 439 187
bicycle 0.0022 222 172 231 186
bicycle 0.0015 222 175 229 191
car 0.8576 300 163 353 189
car 0.7137 87 176 143 193
car 0.6727 434 149 494 189
car 0.6555 245 166 273 187
car 0.6500 0 180 34 192
car 0.5794 181 173 215 191
car 0.5010 491 162 499 182
car 0.5007 399 159 410 179
car 0.2792 347 168 366 183
car 0.2009 0 183 11 192
car 0.1283 71 178 93 188
car 0.0879 409 161 418 179
car 0.0386 23 183 46 192
car 0.0354 55 177 93 191
car 0.0263 0 180 21 188
car 0.0245 170 174 197 190
car 0.0245 130 179 145 191
car 0.0244 0 180 7 186
car 0.0229 163 180 177 188
car 0.0228 153 181 166 188
car 0.0225 319 155 360 169
car 0.0218 54 183 78 192
car 0.0207 55 186 66 192
car 0.0186 147 180 173 188
car 0.0164 363 157 411 180
car 0.0144 413 162 434 186
car 0.0136 138 180 153 189
car 0.0129 59 169 74 185
car 0.0122 412 169 419 185
car 0.0118 343 158 360 168
car 0.0111 88 180 107 193
car 0.0107 177 174 189 187
car 0.0079 412 163 423 186
car 0.0075 194 172 211 179
car 0.0068 141 179 163 188
car 0.0063 388 158 411 179
car 0.0058 255 166 282 186
car 0.0054 15 181 37 191
car 0.0053 311 160 366 185
car 0.0041 143 181 157 188
car 0.0040 433 161 441 188
car 0.0035 352 160 362 168
car 0.0024 432 152 445 187
car 0.0022 493 161 499 168
car 0.0021 414 169 428 186
car 0.0020 20 183 35 192
car 0.0020 344 159 353 168
car 0.0017 202 172 227 191
car 0.0017 43 184 61 191
car 0.0017 96 182 113 195
car 0.0017 299 172 304 183
car 0.0016 0 177 7 182
car 0.0015 60 178 77 186
car 0.0014 213 163 220 172
car 0.0012 272 165 296 186
car 0.0012 296 171 304 184
car 0.0012 285 168 297 186
car 0.0011 475 152 494 185
car 0.0011 245 172 250 179
car 0.0011 201 179 216 191
car 0.0010 267 167 281 187
car 0.0010 190 173 205 179
bus 0.0569 72 153 177 187
