person 0.9512 229 131 426 372
person 0.9079 24 112 158 324
person 0.8306 330 91 445 368
person 0.7973 91 109 267 369
person 0.0144 4 0 101 32
person 0.0063 259 1 375 133
person 0.0016 5 0 50 32
person 0.0010 275 113 448 224
bird 0.0301 480 0 486 15
bird 0.0040 480 6 485 15
bird 0.0015 260 1 375 133
bird 0.0012 469 0 485 15
bird 0.0010 463 0 496 16
chair 0.0061 221 136 284 187
chair 0.0033 152 131 279 182
chair 0.0015 0 265 4 294
sofa 0.1294 0 120 480 369
sofa 0.0468 3 279 484 372
sofa 0.0018 63 320 446 372
sofa 0.0014 403 352 430 374
pottedplant 0.0965 26 9 85 123
pottedplant 0.0147 260 1 374 133
pottedplant 0.0087 25 9 169 126
diningtable 0.7439 0 292 204 371
diningtable 0.0356 80 320 205 372
diningtable 0.0271 0 293 46 374
diningtable 0.0064 0 292 44 317
diningtable 0.0039 0 307 415 372
diningtable 0.0024 0 293 89 342
