person 0.9604 10 2 158 396
person 0.0905 0 129 14 175
person 0.0232 0 131 5 175
person 0.0121 287 169 316 200
person 0.0119 287 169 308 189
person 0.0098 486 138 499 194
person 0.0097 309 170 324 190
person 0.0071 272 170 310 200
person 0.0066 0 129 15 152
person 0.0061 306 168 318 188
person 0.0042 188 154 194 179
person 0.0036 242 167 273 203
person 0.0022 271 180 292 201
person 0.0019 0 150 4 179
person 0.0019 1 131 13 146
person 0.0016 368 192 381 203
person 0.0016 173 166 181 179
person 0.0012 5 132 16 157
person 0.0012 117 123 156 230
person 0.0012 27 112 40 128
person 0.0010 236 166 247 204
bicycle 0.0018 35 145 58 182
bicycle 0.0017 35 157 52 182
car 0.9623 194 155 431 332
car 0.0011 368 191 381 203
bus 0.0194 1 2 206 129
pottedplant 0.0666 137 125 151 142
pottedplant 0.0037 0 0 46 45
tvmonitor 0.0030 0 87 43 129
