person 0.9384 69 100 256 345
person 0.9264 229 93 428 320
person 0.0256 0 338 22 374
person 0.0047 26 97 466 346
person 0.0010 0 292 22 374
car 0.0066 0 118 54 141
car 0.0043 0 103 83 142
bottle 0.1868 484 327 499 374
bottle 0.0034 492 328 500 345
bottle 0.0014 469 326 500 373
chair 0.7360 53 230 82 343
chair 0.0338 254 299 295 322
chair 0.0185 207 195 256 325
chair 0.0168 52 230 135 345
chair 0.0131 35 308 69 348
chair 0.0105 254 297 353 321
chair 0.0091 24 292 54 370
chair 0.0090 24 292 42 358
chair 0.0083 44 227 240 343
chair 0.0056 1 261 56 353
chair 0.0029 0 176 19 257
chair 0.0019 0 338 22 373
chair 0.0018 215 202 295 323
chair 0.0016 0 175 41 258
chair 0.0015 0 214 15 261
chair 0.0012 128 221 247 329
chair 0.0010 26 296 99 376
chair 0.0010 213 298 295 324
pottedplant 0.1744 124 101 164 157
pottedplant 0.1243 34 102 165 185
pottedplant 0.0231 41 125 165 167
pottedplant 0.0134 32 164 47 185
pottedplant 0.0134 135 128 166 157
pottedplant 0.0114 32 132 140 181
pottedplant 0.0060 91 132 140 166
pottedplant 0.0039 0 160 87 258
pottedplant 0.0034 39 143 93 167
pottedplant 0.0030 32 143 87 185
pottedplant 0.0025 171 101 192 116
pottedplant 0.0020 67 144 90 166
pottedplant 0.0019 32 151 61 186
pottedplant 0.0018 0 174 50 260
pottedplant 0.0014 31 137 112 205
pottedplant 0.0013 81 133 112 166
pottedplant 0.0012 165 101 192 134
pottedplant 0.0011 124 129 142 154
diningtable 0.5208 9 273 497 370
diningtable 0.0650 134 311 350 372
diningtable 0.0633 0 338 22 374
diningtable 0.0259 20 342 97 375
diningtable 0.0123 19 292 97 373
diningtable 0.0110 410 287 497 371
diningtable 0.0094 42 160 108 210
diningtable 0.0087 243 282 497 371
diningtable 0.0063 34 129 173 208
diningtable 0.0031 9 137 496 355
diningtable 0.0027 407 332 487 373
diningtable 0.0025 6 291 292 371
diningtable 0.0024 150 340 347 373
diningtable 0.0016 4 92 485 248
diningtable 0.0014 70 316 268 371
diningtable 0.0010 32 154 159 232
diningtable 0.0010 351 316 490 372
diningtable 0.0010 11 333 169 374
tvmonitor 0.0029 0 2 98 142
tvmonitor 0.0022 0 102 85 142
tvmonitor 0.0019 438 178 499 296
