person 0.9426 11 20 371 496
person 0.0131 284 355 374 498
person 0.0037 220 13 374 497
person 0.0013 10 20 151 390
bottle 0.9384 58 225 127 468
bottle 0.4691 0 265 27 333
bottle 0.0090 0 264 30 387
bottle 0.0069 67 196 88 230
bottle 0.0049 0 327 24 383
bottle 0.0038 17 274 36 284
bottle 0.0034 18 279 42 311
bottle 0.0029 0 215 16 269
bottle 0.0028 0 277 5 306
bottle 0.0028 87 190 94 212
bottle 0.0026 76 195 88 221
bottle 0.0012 0 273 6 331
chair 0.0474 283 432 373 500
chair 0.0286 284 334 374 500
chair 0.0140 245 480 280 499
chair 0.0097 282 484 310 499
chair 0.0071 353 432 375 500
chair 0.0045 353 347 375 497
chair 0.0037 89 469 133 500
chair 0.0027 283 461 333 500
chair 0.0022 270 480 286 499
chair 0.0016 158 478 278 500
chair 0.0012 60 468 105 499
diningtable 0.1109 0 380 124 499
diningtable 0.0441 0 438 86 500
diningtable 0.0428 1 379 366 499
diningtable 0.0278 284 279 374 499
diningtable 0.0150 355 349 374 404
diningtable 0.0084 348 288 375 413
diningtable 0.0033 66 470 301 500
diningtable 0.0028 60 429 281 497
diningtable 0.0028 0 379 60 464
diningtable 0.0024 22 462 83 499
diningtable 0.0022 342 283 375 496
diningtable 0.0015 314 281 372 402
