person 0.8815 366 0 499 326
person 0.6967 128 1 210 110
person 0.0878 195 0 258 59
person 0.0199 78 1 121 114
person 0.0125 0 2 37 117
person 0.0024 117 0 255 49
person 0.0018 0 0 107 119
person 0.0015 365 0 460 24
person 0.0015 213 0 241 28
person 0.0015 98 0 135 44
person 0.0014 75 1 191 112
person 0.0014 420 75 498 330
person 0.0012 0 2 18 94
dog 0.9679 81 27 403 330
dog 0.7168 0 1 113 168
dog 0.0208 77 31 115 114
dog 0.0060 55 1 114 113
dog 0.0042 0 0 229 168
sheep 0.0341 0 1 97 166
sheep 0.0014 0 22 36 137
chair 0.3320 105 0 240 105
chair 0.1776 193 2 237 95
chair 0.0409 296 0 328 28
chair 0.0364 204 0 258 58
chair 0.0174 193 48 217 96
chair 0.0105 -2 0 244 169
chair 0.0036 201 0 329 64
chair 0.0033 128 0 249 58
chair 0.0026 170 48 215 95
chair 0.0016 296 0 332 62
chair 0.0011 151 7 228 97
chair 0.0011 314 0 330 30
