person 0.9519 257 246 346 375
person 0.0024 150 245 349 378
cat 0.5894 0 357 142 442
cat 0.1897 91 369 177 437
cat 0.0011 14 397 130 441
dog 0.9019 153 262 199 379
dog 0.3837 0 357 178 442
dog 0.1360 90 366 178 438
dog 0.0016 95 400 176 437
dog 0.0012 135 245 344 379
dog 0.0011 111 259 198 380
bottle 0.0033 96 194 105 231
chair 0.6843 0 197 88 290
chair 0.0295 0 352 17 408
sofa 0.6813 0 198 88 290
sofa 0.0486 0 351 18 409
sofa 0.0074 182 455 374 499
sofa 0.0015 2 428 376 499
pottedplant 0.0558 352 124 374 135
pottedplant 0.0192 135 33 234 262
pottedplant 0.0171 337 123 374 136
pottedplant 0.0060 131 225 166 246
pottedplant 0.0030 345 298 375 327
pottedplant 0.0027 364 125 374 134
pottedplant 0.0023 219 256 237 272
pottedplant 0.0023 284 131 297 138
pottedplant 0.0012 339 126 353 135
pottedplant 0.0012 219 263 234 274
pottedplant 0.0011 130 225 165 273
diningtable 0.0303 177 456 377 499
tvmonitor 0.2585 290 174 358 249
