cat 0.0058 385 192 400 202
bottle 0.0110 30 84 39 113
chair 0.0380 0 159 44 242
chair 0.0280 0 163 17 182
chair 0.0168 96 78 130 178
chair 0.0040 0 171 31 221
chair 0.0034 143 114 172 147
chair 0.0020 96 77 163 179
chair 0.0016 0 56 43 244
chair 0.0011 38 200 45 231
chair 0.0011 138 129 157 177
sofa 0.9305 245 129 433 284
sofa 0.0661 0 160 44 242
sofa 0.0047 0 50 44 243
sofa 0.0016 260 129 429 207
pottedplant 0.3918 423 179 498 289
pottedplant 0.2234 0 177 31 243
pottedplant 0.0613 479 193 499 316
pottedplant 0.0139 0 178 31 208
pottedplant 0.0028 425 181 498 209
diningtable 0.2884 0 239 65 370
diningtable 0.1186 0 240 65 295
diningtable 0.0016 0 167 64 334
diningtable 0.0010 0 261 44 290
