sheep 0.9527 239 73 499 330
sheep 0.9208 0 99 230 329
sheep 0.9188 96 134 343 330
sheep 0.8215 145 52 235 144
sheep 0.7554 0 69 129 114
sheep 0.7090 476 91 499 131
sheep 0.6397 313 74 425 137
sheep 0.5378 9 93 156 157
sheep 0.4971 417 83 466 133
sheep 0.4107 212 54 274 142
sheep 0.3106 308 47 466 134
sheep 0.2405 306 46 361 84
sheep 0.2341 0 235 17 313
sheep 0.1812 0 57 59 88
sheep 0.1326 95 153 229 328
sheep 0.1006 71 93 158 134
sheep 0.0818 0 59 28 88
sheep 0.0683 240 74 428 151
sheep 0.0578 0 128 17 315
sheep 0.0157 0 61 7 87
sheep 0.0148 307 45 466 88
sheep 0.0140 492 107 499 131
sheep 0.0116 0 82 149 283
sheep 0.0107 376 79 467 134
sheep 0.0093 211 53 335 143
sheep 0.0090 263 65 326 87
sheep 0.0084 54 69 128 101
sheep 0.0071 93 108 230 151
sheep 0.0065 445 90 500 132
sheep 0.0064 186 54 220 77
sheep 0.0063 211 54 267 92
sheep 0.0063 476 92 500 173
sheep 0.0062 0 60 7 73
sheep 0.0055 2 97 230 187
sheep 0.0052 2 57 38 79
sheep 0.0033 0 59 126 92
sheep 0.0032 0 73 44 89
sheep 0.0030 351 52 389 82
sheep 0.0027 311 83 341 93
sheep 0.0024 145 53 190 114
sheep 0.0020 215 56 323 90
sheep 0.0020 0 203 15 246
sheep 0.0020 329 127 500 323
sheep 0.0019 31 65 237 155
sheep 0.0016 312 80 368 96
sheep 0.0016 417 87 499 152
sheep 0.0015 147 102 234 144
sheep 0.0015 0 78 29 320
sheep 0.0014 466 90 499 272
sheep 0.0013 0 113 39 153
sheep 0.0013 155 128 232 162
sheep 0.0012 1 127 97 328
sheep 0.0011 13 59 75 80
sheep 0.0010 0 204 18 286
sheep 0.0010 0 112 7 123
sheep 0.0010 188 54 271 78
sheep 0.0010 312 83 343 103
chair 0.0021 0 1 64 74
