person 0.9578 1 76 259 370
person 0.9379 204 122 341 369
person 0.9131 335 93 490 311
person 0.0036 433 99 460 146
person 0.0033 482 64 500 86
person 0.0024 424 95 447 146
person 0.0022 0 286 18 371
person 0.0017 436 106 448 123
person 0.0013 0 99 10 123
person 0.0012 442 177 491 257
person 0.0012 202 118 493 368
person 0.0010 0 346 14 373
chair 0.0756 0 120 93 368
chair 0.0275 484 215 499 235
chair 0.0230 472 189 499 222
chair 0.0122 442 177 488 241
chair 0.0082 483 191 499 234
chair 0.0079 435 105 460 146
chair 0.0065 470 115 499 219
chair 0.0050 336 220 374 312
chair 0.0040 0 124 188 370
chair 0.0034 443 118 499 227
chair 0.0018 0 287 21 371
chair 0.0017 0 347 16 373
chair 0.0015 322 208 476 301
chair 0.0015 452 119 469 144
chair 0.0014 465 189 500 269
sofa 0.0402 0 115 93 368
sofa 0.0065 1 103 254 366
sofa 0.0059 436 142 477 195
sofa 0.0027 426 88 482 195
sofa 0.0022 434 125 498 194
sofa 0.0016 482 214 499 236
sofa 0.0011 1 125 190 285
sofa 0.0010 464 187 501 249
pottedplant 0.4117 438 56 500 197
pottedplant 0.1411 439 55 500 117
pottedplant 0.0422 336 34 408 107
pottedplant 0.0166 426 94 460 146
pottedplant 0.0053 483 63 499 117
pottedplant 0.0045 336 34 412 228
pottedplant 0.0043 482 63 499 89
pottedplant 0.0040 424 91 474 194
pottedplant 0.0013 333 34 493 224
pottedplant 0.0012 453 86 479 111
pottedplant 0.0011 485 62 499 182
diningtable 0.7379 285 305 499 369
diningtable 0.2172 285 234 500 369
diningtable 0.0219 471 189 499 221
diningtable 0.0096 459 239 500 369
diningtable 0.0044 325 288 506 328
diningtable 0.0032 470 163 499 228
diningtable 0.0021 423 307 497 371
diningtable 0.0018 309 304 497 336
diningtable 0.0015 9 306 496 370
tvmonitor 0.0010 469 114 499 186
