person 0.0359 416 233 479 311
person 0.0126 412 157 479 309
chair 0.9156 180 127 279 289
chair 0.9124 8 135 130 299
chair 0.1171 36 193 128 300
chair 0.0646 62 47 127 196
chair 0.0519 7 135 81 230
chair 0.0229 7 135 48 214
chair 0.0182 71 139 109 195
chair 0.0091 76 150 201 285
chair 0.0070 187 200 273 290
chair 0.0063 7 135 47 170
chair 0.0040 403 145 479 249
chair 0.0038 42 105 84 195
chair 0.0037 232 125 280 212
chair 0.0036 79 145 108 169
chair 0.0032 69 142 89 197
chair 0.0031 13 53 75 191
chair 0.0025 63 53 96 185
chair 0.0023 108 180 171 284
chair 0.0021 471 324 479 359
chair 0.0020 145 174 206 298
chair 0.0016 6 120 199 337
chair 0.0014 64 100 83 172
chair 0.0013 41 139 74 193
chair 0.0013 50 195 84 222
chair 0.0013 13 73 70 148
chair 0.0011 416 175 479 310
sofa 0.0028 405 146 479 249
sofa 0.0010 414 166 479 307
pottedplant 0.8393 71 83 205 169
pottedplant 0.8284 281 203 340 316
pottedplant 0.7787 290 169 348 232
pottedplant 0.6395 23 199 48 245
pottedplant 0.6046 0 122 27 249
pottedplant 0.5412 250 163 289 242
pottedplant 0.5167 161 182 192 225
pottedplant 0.4603 451 45 479 145
pottedplant 0.4136 0 232 23 257
pottedplant 0.3099 188 0 355 221
pottedplant 0.2977 0 201 27 254
pottedplant 0.2628 247 275 289 317
pottedplant 0.2500 451 294 479 354
pottedplant 0.2243 241 274 318 356
pottedplant 0.2008 179 175 218 239
pottedplant 0.1512 455 105 479 143
pottedplant 0.1125 457 0 479 38
pottedplant 0.0753 0 122 5 142
pottedplant 0.0703 188 1 324 135
pottedplant 0.0697 226 56 286 131
pottedplant 0.0653 472 118 479 145
pottedplant 0.0647 68 86 119 188
pottedplant 0.0619 458 45 479 99
pottedplant 0.0592 272 307 317 359
pottedplant 0.0572 0 201 26 223
pottedplant 0.0544 190 210 216 240
pottedplant 0.0536 253 201 288 242
pottedplant 0.0535 455 167 480 203
pottedplant 0.0412 32 200 47 222
pottedplant 0.0375 286 263 331 316
pottedplant 0.0372 113 132 174 169
pottedplant 0.0369 0 175 26 226
pottedplant 0.0341 0 122 16 204
pottedplant 0.0304 462 219 480 259
pottedplant 0.0301 184 175 200 194
pottedplant 0.0237 461 175 480 258
pottedplant 0.0230 452 1 479 100
pottedplant 0.0186 415 169 479 307
pottedplant 0.0182 0 174 9 201
pottedplant 0.0180 0 121 10 191
pottedplant 0.0105 462 225 479 243
pottedplant 0.0104 178 175 201 216
pottedplant 0.0102 457 0 479 16
pottedplant 0.0098 250 197 289 219
pottedplant 0.0094 243 310 281 346
pottedplant 0.0089 65 103 89 195
pottedplant 0.0085 159 101 205 226
pottedplant 0.0080 25 223 46 245
pottedplant 0.0080 63 54 102 198
pottedplant 0.0073 282 203 312 243
pottedplant 0.0071 416 244 479 310
pottedplant 0.0062 0 232 12 254
pottedplant 0.0060 469 299 479 357
pottedplant 0.0059 0 162 10 214
pottedplant 0.0058 452 63 479 208
pottedplant 0.0057 180 165 236 252
pottedplant 0.0054 43 139 82 194
pottedplant 0.0052 462 206 480 244
pottedplant 0.0050 68 134 84 196
pottedplant 0.0050 182 199 237 240
pottedplant 0.0045 186 1 288 288
pottedplant 0.0045 302 205 342 232
pottedplant 0.0042 210 303 315 358
pottedplant 0.0041 469 179 480 204
pottedplant 0.0039 223 45 289 211
pottedplant 0.0037 264 199 287 214
pottedplant 0.0036 471 91 479 144
pottedplant 0.0035 0 156 9 186
pottedplant 0.0035 0 173 9 185
pottedplant 0.0033 162 158 201 226
pottedplant 0.0030 348 195 368 216
pottedplant 0.0029 4 200 48 250
pottedplant 0.0029 151 174 215 296
pottedplant 0.0028 233 199 341 323
pottedplant 0.0028 6 139 53 247
pottedplant 0.0025 189 0 476 144
pottedplant 0.0022 174 109 204 157
pottedplant 0.0022 180 125 280 236
pottedplant 0.0021 51 150 73 181
pottedplant 0.0021 78 135 108 164
pottedplant 0.0021 63 43 128 166
pottedplant 0.0019 53 54 84 195
pottedplant 0.0019 88 84 104 101
pottedplant 0.0018 155 132 278 297
pottedplant 0.0018 134 180 194 223
pottedplant 0.0018 75 84 106 111
pottedplant 0.0017 450 242 479 350
pottedplant 0.0017 13 49 83 197
pottedplant 0.0017 52 158 73 196
pottedplant 0.0017 463 116 480 145
pottedplant 0.0016 64 92 86 144
pottedplant 0.0016 74 133 119 196
pottedplant 0.0015 102 125 128 169
pottedplant 0.0014 75 78 203 254
pottedplant 0.0014 460 44 479 70
pottedplant 0.0014 0 236 7 256
pottedplant 0.0014 176 173 250 289
pottedplant 0.0013 75 115 109 166
pottedplant 0.0013 64 46 127 108
pottedplant 0.0012 181 205 218 257
pottedplant 0.0011 136 90 204 160
pottedplant 0.0011 336 173 369 220
pottedplant 0.0011 471 83 479 100
pottedplant 0.0011 142 273 320 356
pottedplant 0.0010 413 30 479 212
pottedplant 0.0010 459 167 480 183
pottedplant 0.0010 252 174 288 214
pottedplant 0.0010 453 138 479 216
pottedplant 0.0010 250 197 263 207
pottedplant 0.0010 463 321 479 358
pottedplant 0.0010 473 2 479 36
diningtable 0.5142 76 148 202 316
diningtable 0.0823 76 148 202 189
diningtable 0.0067 104 135 176 173
diningtable 0.0055 74 84 202 248
diningtable 0.0027 154 173 270 293
diningtable 0.0010 51 118 281 335
