person 0.9465 0 158 139 371
person 0.9406 376 114 493 324
person 0.8846 316 137 389 251
person 0.8665 68 106 130 201
person 0.8004 130 100 174 165
person 0.7494 0 128 52 254
person 0.5743 130 64 158 140
person 0.1080 173 100 207 158
person 0.1080 0 130 54 365
person 0.1078 237 112 264 195
person 0.0884 57 103 89 145
person 0.0519 184 100 207 143
person 0.0163 190 100 207 129
person 0.0159 79 109 93 127
person 0.0064 132 64 158 105
person 0.0038 67 94 91 112
person 0.0037 91 107 113 132
person 0.0028 212 101 222 127
person 0.0017 0 122 8 196
person 0.0016 55 94 89 117
person 0.0015 190 114 211 182
person 0.0015 67 85 76 102
person 0.0013 0 133 26 250
person 0.0011 152 83 158 100
bicycle 0.0042 351 109 367 139
bottle 0.9045 301 203 324 281
bottle 0.8447 189 157 203 205
bottle 0.7940 223 166 236 211
bottle 0.2250 208 165 223 208
bottle 0.0125 231 155 245 185
bottle 0.0095 34 180 48 208
bottle 0.0075 300 213 314 277
bottle 0.0060 23 104 28 113
bottle 0.0041 6 104 12 111
bottle 0.0032 37 95 45 110
bottle 0.0029 53 98 62 111
bottle 0.0026 225 165 232 182
bottle 0.0023 231 154 241 177
bottle 0.0023 24 101 30 112
bottle 0.0021 59 113 70 140
bottle 0.0016 13 99 18 111
bottle 0.0016 223 166 235 189
bottle 0.0015 119 98 124 109
bottle 0.0011 257 63 267 97
bottle 0.0011 325 79 335 93
bottle 0.0010 19 104 26 112
bottle 0.0010 302 81 318 103
bottle 0.0010 81 92 89 108
bottle 0.0010 5 98 15 111
chair 0.9270 353 313 499 373
chair 0.8655 394 212 499 332
chair 0.7170 128 149 196 201
chair 0.6816 371 162 401 208
chair 0.5145 38 114 60 131
chair 0.2668 172 135 194 150
chair 0.2295 231 144 249 185
chair 0.2065 0 337 20 374
chair 0.1920 410 161 429 189
chair 0.1686 131 150 195 167
chair 0.1179 110 109 130 140
chair 0.1031 236 143 250 167
chair 0.0909 0 191 33 253
chair 0.0812 410 172 423 189
chair 0.0696 0 336 7 373
chair 0.0646 336 162 401 207
chair 0.0512 69 140 131 201
chair 0.0442 372 162 401 254
chair 0.0406 236 112 264 195
chair 0.0395 179 99 207 143
chair 0.0348 190 100 207 132
chair 0.0296 112 121 128 139
chair 0.0270 413 161 430 176
chair 0.0244 172 137 197 164
chair 0.0219 0 136 50 351
chair 0.0213 125 143 147 200
chair 0.0197 0 359 7 374
chair 0.0182 34 179 48 209
chair 0.0156 458 211 499 326
chair 0.0155 382 238 394 259
chair 0.0128 402 162 433 212
chair 0.0107 110 108 128 121
chair 0.0107 129 137 190 170
chair 0.0102 259 170 288 210
chair 0.0101 128 113 134 138
chair 0.0095 231 152 243 181
chair 0.0095 185 137 195 150
chair 0.0094 45 154 70 165
chair 0.0092 0 294 17 373
chair 0.0090 39 130 61 143
chair 0.0085 8 193 33 223
chair 0.0085 196 122 207 146
chair 0.0080 0 357 21 374
chair 0.0078 490 190 500 211
chair 0.0076 80 307 101 331
chair 0.0075 5 112 15 134
chair 0.0071 0 336 5 362
chair 0.0071 117 138 133 200
chair 0.0064 238 142 248 157
chair 0.0064 105 182 124 201
chair 0.0062 260 170 328 211
chair 0.0059 11 111 56 131
chair 0.0055 193 123 207 172
chair 0.0053 378 207 403 259
chair 0.0052 483 246 499 316
chair 0.0051 492 214 500 276
chair 0.0047 400 172 426 205
chair 0.0046 15 125 40 132
chair 0.0045 481 159 499 214
chair 0.0045 384 238 403 259
chair 0.0044 0 306 130 372
chair 0.0044 0 151 50 257
chair 0.0041 91 107 113 132
chair 0.0039 481 196 499 320
chair 0.0038 84 107 130 139
chair 0.0035 0 219 44 373
chair 0.0035 0 193 16 252
chair 0.0034 199 122 207 135
chair 0.0034 311 139 391 251
chair 0.0028 0 243 21 373
chair 0.0028 174 111 207 189
chair 0.0028 191 122 212 188
chair 0.0027 189 124 206 155
chair 0.0026 9 126 42 141
chair 0.0025 486 183 500 287
chair 0.0023 47 112 66 132
chair 0.0021 0 304 6 367
chair 0.0020 38 115 67 156
chair 0.0020 126 121 190 186
chair 0.0020 301 194 318 212
chair 0.0020 0 294 67 372
chair 0.0018 68 94 89 109
chair 0.0018 112 122 120 133
chair 0.0017 0 181 31 217
chair 0.0017 54 94 90 112
chair 0.0017 491 213 499 247
chair 0.0017 155 125 172 148
chair 0.0017 124 114 130 139
chair 0.0016 93 99 127 122
chair 0.0016 33 109 51 115
chair 0.0016 376 158 398 325
chair 0.0016 114 134 130 180
chair 0.0014 319 146 397 324
chair 0.0014 106 189 122 201
chair 0.0014 171 147 190 164
chair 0.0013 112 134 142 202
chair 0.0013 490 190 499 243
chair 0.0013 0 223 11 368
chair 0.0013 95 98 125 110
chair 0.0013 385 296 396 332
chair 0.0012 0 205 136 375
chair 0.0012 493 231 499 266
chair 0.0012 121 175 134 201
chair 0.0011 399 174 415 204
chair 0.0011 118 112 133 140
chair 0.0011 378 233 401 272
chair 0.0011 0 319 13 367
chair 0.0011 0 191 16 214
chair 0.0011 188 137 198 152
chair 0.0010 481 281 500 319
chair 0.0010 0 335 4 349
chair 0.0010 413 172 442 192
pottedplant 0.0120 69 95 90 110
pottedplant 0.0021 295 109 315 162
pottedplant 0.0012 403 141 417 152
diningtable 0.8893 111 180 395 372
diningtable 0.2534 38 130 70 163
diningtable 0.1276 38 130 146 183
diningtable 0.1215 125 144 148 153
diningtable 0.0939 45 153 70 163
diningtable 0.0732 122 141 148 199
diningtable 0.0579 120 139 148 168
diningtable 0.0540 116 136 149 153
diningtable 0.0294 259 153 343 211
diningtable 0.0283 49 142 68 156
diningtable 0.0277 49 113 131 147
diningtable 0.0268 114 137 132 146
diningtable 0.0243 10 110 62 131
diningtable 0.0208 39 130 65 148
diningtable 0.0130 110 108 128 121
diningtable 0.0107 57 111 90 148
diningtable 0.0098 127 149 196 201
diningtable 0.0085 84 109 131 138
diningtable 0.0084 41 150 70 167
diningtable 0.0066 1 128 70 164
diningtable 0.0058 262 148 401 214
diningtable 0.0055 261 158 341 174
diningtable 0.0037 15 124 41 133
diningtable 0.0036 32 120 136 163
diningtable 0.0027 114 132 168 200
diningtable 0.0027 428 166 443 173
diningtable 0.0023 93 100 127 120
diningtable 0.0022 114 133 130 180
diningtable 0.0020 116 197 247 264
diningtable 0.0019 59 143 69 156
diningtable 0.0019 412 161 436 184
diningtable 0.0018 414 161 444 174
diningtable 0.0017 114 142 148 157
diningtable 0.0015 188 122 207 148
diningtable 0.0013 123 139 131 145
diningtable 0.0013 26 109 56 118
diningtable 0.0013 38 140 56 155
diningtable 0.0013 415 56 477 118
diningtable 0.0013 95 98 126 110
diningtable 0.0011 173 255 381 330
diningtable 0.0011 174 115 207 151
diningtable 0.0010 35 111 59 126
diningtable 0.0010 12 97 68 116
diningtable 0.0010 111 135 143 201
diningtable 0.0010 130 129 151 150
tvmonitor 0.0430 258 75 292 99
tvmonitor 0.0195 487 37 499 78
tvmonitor 0.0027 91 50 132 104
tvmonitor 0.0020 480 25 499 80
