bird 0.3279 111 230 174 263
bird 0.0086 86 202 106 231
bird 0.0018 155 30 190 78
bird 0.0016 169 39 188 77
bird 0.0015 141 250 162 264
bottle 0.8928 235 159 288 345
bottle 0.8702 174 183 221 314
bottle 0.0178 180 160 220 225
bottle 0.0121 180 159 210 198
bottle 0.0054 235 172 258 333
bottle 0.0043 235 236 248 318
bottle 0.0021 161 28 217 205
bottle 0.0018 173 186 199 220
bottle 0.0018 194 117 214 150
bottle 0.0013 238 162 254 206
bottle 0.0011 166 114 214 151
bottle 0.0010 225 199 247 246
chair 0.0144 479 216 499 351
chair 0.0085 0 255 13 339
chair 0.0083 219 3 498 365
chair 0.0018 196 38 216 106
chair 0.0012 149 24 216 130
chair 0.0010 78 151 176 235
pottedplant 0.0063 99 10 450 357
pottedplant 0.0052 0 263 14 337
pottedplant 0.0020 211 -18 322 302
pottedplant 0.0016 242 15 321 203
diningtable 0.1024 4 31 499 387
diningtable 0.0167 0 223 500 367
diningtable 0.0105 234 6 499 367
diningtable 0.0029 92 149 419 354
diningtable 0.0023 14 3 491 225
