bottle 0.0026 81 50 96 75
chair 0.2258 0 194 49 329
chair 0.0063 294 5 336 93
chair 0.0024 0 193 27 225
chair 0.0011 277 0 293 76
sofa 0.9298 1 80 499 327
sofa 0.5811 0 194 49 329
sofa 0.0174 0 172 11 197
sofa 0.0049 0 172 26 222
sofa 0.0040 2 77 496 136
sofa 0.0027 0 112 11 197
sofa 0.0023 5 235 497 326
sofa 0.0014 300 218 500 330
sofa 0.0011 0 194 20 223
pottedplant 0.8871 414 216 499 330
pottedplant 0.8326 115 0 158 69
pottedplant 0.4121 0 1 36 124
pottedplant 0.0960 0 2 19 70
pottedplant 0.0201 0 1 40 65
pottedplant 0.0069 0 1 45 195
pottedplant 0.0061 0 111 7 125
pottedplant 0.0056 0 52 12 124
pottedplant 0.0027 0 42 11 70
pottedplant 0.0027 0 88 8 124
pottedplant 0.0026 0 14 11 71
pottedplant 0.0025 0 4 8 15
pottedplant 0.0019 0 21 12 199
pottedplant 0.0015 0 57 9 71
pottedplant 0.0013 0 1 50 35
diningtable 0.0325 301 279 500 331
diningtable 0.0026 301 225 499 329
tvmonitor 0.2365 0 0 67 42
tvmonitor 0.0078 205 33 282 76
tvmonitor 0.0028 0 0 44 71
