person 0.0987 494 323 499 353
person 0.0029 62 276 76 315
person 0.0028 66 276 76 293
person 0.0024 452 331 466 348
person 0.0021 495 319 499 342
person 0.0011 81 274 91 290
person 0.0010 470 322 476 332
bicycle 0.0024 452 331 483 349
car 0.8099 393 353 500 374
car 0.0058 491 330 499 352
car 0.0050 393 330 499 374
car 0.0037 7 334 227 374
car 0.0034 495 346 499 353
car 0.0028 491 334 497 345
car 0.0015 451 331 485 352
car 0.0015 490 341 499 353
car 0.0014 196 348 233 358
car 0.0010 488 346 499 353
pottedplant 0.0014 415 323 438 356
