person 0.9256 68 103 159 251
person 0.9234 1 79 91 324
person 0.9058 254 63 351 201
person 0.8897 191 71 301 210
person 0.8734 330 69 423 195
person 0.8383 401 59 447 199
person 0.0188 372 125 423 204
person 0.0090 135 -1 206 206
person 0.0028 0 206 21 261
sheep 0.9072 444 208 500 338
sheep 0.8732 314 190 392 342
sheep 0.8620 239 206 345 336
sheep 0.8456 140 220 241 354
sheep 0.8132 378 206 448 340
sheep 0.8017 122 215 173 331
sheep 0.2492 236 197 345 241
sheep 0.2389 446 192 499 214
sheep 0.2030 374 190 447 225
sheep 0.1261 495 194 499 207
sheep 0.1058 478 195 499 209
sheep 0.1033 477 204 499 214
sheep 0.0643 305 198 346 213
sheep 0.0475 0 234 22 261
sheep 0.0407 158 205 247 242
sheep 0.0341 154 200 325 243
sheep 0.0268 373 190 403 220
sheep 0.0252 0 211 22 268
sheep 0.0239 402 191 451 267
sheep 0.0232 445 193 500 268
sheep 0.0193 0 232 23 285
sheep 0.0186 134 199 345 337
sheep 0.0183 477 202 500 224
sheep 0.0178 448 192 478 207
sheep 0.0168 190 270 238 341
sheep 0.0156 276 197 345 215
sheep 0.0132 238 206 278 330
sheep 0.0111 236 206 275 243
sheep 0.0101 302 190 393 219
sheep 0.0087 490 280 500 326
sheep 0.0081 400 190 442 219
sheep 0.0080 444 192 479 243
sheep 0.0054 304 277 343 335
sheep 0.0050 419 195 457 336
sheep 0.0050 0 207 55 283
sheep 0.0049 477 200 500 263
sheep 0.0045 0 235 11 260
sheep 0.0038 404 194 447 231
sheep 0.0025 303 191 362 212
sheep 0.0025 0 225 73 307
sheep 0.0024 495 202 499 210
sheep 0.0023 423 198 447 223
sheep 0.0022 494 196 499 215
sheep 0.0022 399 190 423 217
sheep 0.0022 443 193 478 294
sheep 0.0021 490 194 500 208
sheep 0.0021 274 207 319 224
sheep 0.0020 494 303 500 326
sheep 0.0020 333 190 434 222
sheep 0.0016 162 204 254 301
sheep 0.0015 323 283 388 334
sheep 0.0014 412 134 444 199
sheep 0.0013 480 191 500 328
sheep 0.0012 484 285 500 333
sheep 0.0011 379 263 438 339
bottle 0.0118 383 132 391 154
chair 0.5496 173 118 216 205
chair 0.0572 308 108 332 134
chair 0.0224 178 168 215 204
chair 0.0119 308 109 321 123
chair 0.0061 321 108 333 135
chair 0.0028 322 108 331 123
chair 0.0027 173 119 262 208
chair 0.0024 295 105 337 143
chair 0.0021 99 182 132 210
chair 0.0020 0 204 61 305
chair 0.0016 173 115 202 143
chair 0.0016 175 115 203 169
chair 0.0013 374 174 400 193
chair 0.0010 189 120 217 170
diningtable 0.0015 173 115 202 140
