person 0.8887 298 20 499 325
person 0.8820 0 0 111 206
person 0.5675 167 0 378 250
person 0.0032 368 116 499 328
person 0.0027 1 77 87 213
person 0.0018 289 99 369 248
person 0.0016 0 76 45 220
person 0.0015 0 152 19 225
person 0.0010 0 51 15 86
person 0.0010 0 78 17 221
bicycle 0.8969 0 69 129 267
bicycle 0.8133 272 189 499 329
bicycle 0.5642 152 113 385 330
bicycle 0.0199 477 252 499 323
bicycle 0.0127 382 203 500 329
bicycle 0.0037 414 251 500 330
bicycle 0.0026 163 133 320 178
bicycle 0.0023 290 188 398 252
bicycle 0.0018 0 69 89 202
bicycle 0.0017 0 177 128 266
bicycle 0.0013 270 247 391 330
bicycle 0.0011 414 211 501 283
car 0.0049 477 82 499 105
bottle 0.0054 3 67 95 201
bottle 0.0038 164 139 199 167
bottle 0.0020 183 154 199 167
bottle 0.0018 37 108 71 140
bottle 0.0013 42 113 65 135
bottle 0.0013 261 151 315 176
