person 0.0425 241 191 276 222
person 0.0160 289 205 298 217
person 0.0116 46 218 51 236
person 0.0102 29 211 49 238
person 0.0036 217 212 227 224
person 0.0035 408 254 417 266
person 0.0019 240 191 257 221
person 0.0012 405 247 417 266
person 0.0010 40 203 51 237
train 0.7192 392 167 499 284
train 0.7066 1 95 419 379
train 0.0023 4 305 484 382
train 0.0023 393 167 499 188
bottle 0.0180 403 293 430 316
chair 0.0356 402 293 430 316
chair 0.0136 30 216 48 236
chair 0.0093 46 218 51 236
chair 0.0028 29 220 41 236
chair 0.0013 77 215 103 235
chair 0.0013 0 223 4 238
pottedplant 0.0013 395 365 445 382
