person 0.0348 258 55 270 75
bottle 0.0033 54 198 67 215
bottle 0.0017 254 125 258 134
bottle 0.0012 176 61 182 69
chair 0.8891 322 113 394 210
chair 0.0017 244 129 302 190
chair 0.0013 299 193 353 215
sofa 0.2838 322 113 394 210
pottedplant 0.4378 430 109 456 166
pottedplant 0.1827 153 40 166 67
pottedplant 0.0756 77 181 102 215
pottedplant 0.0075 77 181 96 196
pottedplant 0.0071 377 103 389 117
pottedplant 0.0047 64 180 84 211
pottedplant 0.0034 378 100 407 126
pottedplant 0.0024 152 41 172 116
pottedplant 0.0013 377 102 392 125
pottedplant 0.0013 377 101 399 118
diningtable 0.0331 298 193 359 214
diningtable 0.0224 237 193 358 215
tvmonitor 0.0191 220 127 231 147
tvmonitor 0.0050 201 127 222 146
tvmonitor 0.0021 303 85 350 112
tvmonitor 0.0010 487 11 500 202
