person 0.7272 231 134 258 159
person 0.7140 155 125 172 155
person 0.5799 132 121 151 149
person 0.1154 156 125 171 141
person 0.0827 137 120 152 137
person 0.0536 232 143 260 170
person 0.0345 231 134 243 157
person 0.0128 232 134 243 145
person 0.0089 159 125 168 133
person 0.0074 143 120 150 127
person 0.0040 164 138 174 150
person 0.0031 143 123 153 140
person 0.0015 146 133 265 172
person 0.0014 110 135 115 142
person 0.0014 44 49 476 320
person 0.0010 122 124 128 138
motorbike 0.8042 154 138 174 164
motorbike 0.7400 130 133 151 157
motorbike 0.7248 234 149 265 187
motorbike 0.0196 230 149 240 160
motorbike 0.0061 230 147 256 167
motorbike 0.0044 154 137 167 155
motorbike 0.0039 152 139 160 158
motorbike 0.0039 96 141 110 151
motorbike 0.0028 129 138 136 150
motorbike 0.0023 230 135 243 159
motorbike 0.0021 133 126 151 151
motorbike 0.0014 230 147 247 162
motorbike 0.0012 147 136 161 156
motorbike 0.0010 231 149 240 171
