person 0.7663 32 72 220 497
person 0.7073 80 13 335 499
person 0.0044 178 19 329 419
person 0.0032 31 165 131 334
person 0.0026 174 118 231 194
person 0.0022 136 91 255 295
person 0.0014 243 12 350 500
person 0.0011 136 324 201 499
person 0.0010 97 113 259 372
bottle 0.0995 0 373 33 409
bottle 0.0131 176 128 212 149
bottle 0.0049 158 116 214 149
chair 0.0051 309 437 374 499
chair 0.0041 144 458 203 499
chair 0.0030 309 353 373 382
sofa 0.0051 279 349 374 498
diningtable 0.2068 0 301 128 499
diningtable 0.0020 0 302 54 367
