person 0.8171 16 182 55 280
person 0.8004 0 202 36 329
person 0.0502 0 259 13 332
person 0.0351 53 181 76 190
person 0.0088 59 195 73 207
person 0.0073 0 234 11 303
person 0.0071 9 191 28 233
person 0.0057 0 281 26 332
person 0.0039 54 196 65 206
person 0.0037 387 175 400 187
person 0.0027 80 195 98 207
person 0.0027 291 139 313 166
person 0.0025 41 187 102 209
person 0.0024 29 229 44 277
person 0.0021 29 179 39 189
person 0.0021 11 182 47 207
person 0.0019 52 192 89 208
person 0.0017 65 182 76 190
person 0.0017 0 175 57 205
person 0.0016 0 282 8 331
person 0.0015 52 194 70 207
person 0.0012 360 176 365 185
person 0.0011 88 195 103 208
person 0.0011 292 150 307 167
person 0.0010 -16 162 64 330
car 0.9419 453 189 499 233
car 0.8264 2 188 104 243
car 0.6179 0 173 27 190
car 0.5345 435 171 471 185
car 0.4554 387 168 413 184
car 0.4430 0 185 27 204
car 0.2770 364 167 399 186
car 0.1708 411 173 430 184
car 0.1184 352 175 365 184
car 0.0585 53 181 76 190
car 0.0576 431 173 498 193
car 0.0448 413 170 448 185
car 0.0415 366 167 388 179
car 0.0294 446 173 479 186
car 0.0219 0 189 27 230
car 0.0197 0 157 13 172
car 0.0165 429 185 498 203
car 0.0138 0 181 28 194
car 0.0133 351 173 357 183
car 0.0126 0 187 57 206
car 0.0124 354 170 368 184
car 0.0121 4 189 102 209
car 0.0098 6 190 27 205
car 0.0097 8 192 27 221
car 0.0089 38 187 81 201
car 0.0082 458 174 471 186
car 0.0080 409 168 421 176
car 0.0068 387 174 401 187
car 0.0058 450 174 499 188
car 0.0049 0 167 8 174
car 0.0045 435 174 449 185
car 0.0039 392 164 427 177
car 0.0036 362 168 369 177
car 0.0034 376 167 389 178
car 0.0033 370 168 408 179
car 0.0032 0 190 9 204
car 0.0032 389 156 430 183
car 0.0030 390 168 411 177
car 0.0028 0 188 49 235
car 0.0025 76 193 104 208
car 0.0020 356 170 365 178
car 0.0017 0 172 7 179
car 0.0015 351 171 357 177
car 0.0014 384 168 396 177
car 0.0014 76 189 104 198
car 0.0013 3 182 82 203
car 0.0012 465 188 499 202
car 0.0012 468 168 500 186
car 0.0011 0 184 11 192
car 0.0011 382 168 402 184
bus 0.9484 102 75 354 260
bus 0.0291 389 154 424 174
