person 0.9571 395 35 499 337
person 0.8866 213 40 262 89
person 0.8560 134 60 153 91
person 0.7662 88 59 102 77
person 0.7464 371 44 403 68
person 0.6805 192 117 263 202
person 0.5446 304 56 326 71
person 0.3280 392 140 435 284
person 0.2303 88 60 103 100
person 0.1345 7 80 21 96
person 0.0667 298 56 326 86
person 0.0549 172 55 184 79
person 0.0527 479 52 500 195
person 0.0474 24 85 36 98
person 0.0340 370 41 422 132
person 0.0337 210 116 244 163
person 0.0096 3 76 64 100
person 0.0086 478 89 500 337
person 0.0082 487 113 499 196
person 0.0071 255 61 271 78
person 0.0069 106 107 138 126
person 0.0058 281 61 299 84
person 0.0058 67 83 80 96
person 0.0055 467 43 496 80
person 0.0049 77 82 95 100
person 0.0045 4 80 40 101
person 0.0040 415 101 431 137
person 0.0038 17 81 39 96
person 0.0038 455 7 478 56
person 0.0036 313 145 321 160
person 0.0035 291 55 303 80
person 0.0033 281 74 299 85
person 0.0033 175 112 245 171
person 0.0029 44 51 52 76
person 0.0028 149 120 211 182
person 0.0028 67 81 111 101
person 0.0027 33 79 43 101
person 0.0026 77 68 109 103
person 0.0026 27 80 40 97
person 0.0024 96 106 140 136
person 0.0021 347 37 378 66
person 0.0021 28 87 41 104
person 0.0021 125 79 143 94
person 0.0019 13 82 30 98
person 0.0018 279 55 319 85
person 0.0017 489 152 500 194
person 0.0017 136 116 255 208
person 0.0016 218 114 286 198
person 0.0016 0 80 8 98
person 0.0016 129 82 138 93
person 0.0015 210 49 298 89
person 0.0015 181 121 210 153
person 0.0014 59 76 132 104
person 0.0014 486 107 500 297
person 0.0013 43 50 62 77
person 0.0013 91 81 103 101
person 0.0012 180 108 261 258
person 0.0012 394 82 463 290
person 0.0011 116 61 131 77
person 0.0010 108 80 122 95
car 0.9038 19 75 153 147
car 0.9033 0 84 405 337
car 0.8810 0 76 71 131
car 0.7285 294 64 426 134
car 0.0788 385 114 428 161
car 0.0487 292 91 428 277
car 0.0368 365 104 428 276
car 0.0225 0 76 6 84
car 0.0218 102 73 348 102
car 0.0154 0 75 10 86
car 0.0118 33 73 419 116
car 0.0094 384 114 429 220
car 0.0090 291 82 424 177
car 0.0086 0 78 7 89
car 0.0059 258 77 296 89
car 0.0058 173 78 295 95
car 0.0053 0 75 69 96
car 0.0049 0 99 44 132
car 0.0045 0 77 20 98
car 0.0042 0 72 5 79
car 0.0034 49 76 72 94
car 0.0030 10 76 299 148
car 0.0026 56 76 148 101
car 0.0024 373 1 480 50
car 0.0022 379 45 447 325
car 0.0022 37 79 68 105
car 0.0020 125 82 297 98
car 0.0020 22 75 149 112
car 0.0017 191 66 300 93
car 0.0017 243 74 297 91
car 0.0016 349 38 501 333
car 0.0015 0 69 6 82
car 0.0014 120 76 150 95
car 0.0013 189 83 215 89
car 0.0013 392 141 496 334
car 0.0012 22 83 422 202
car 0.0012 386 114 420 141
car 0.0012 0 74 12 95
car 0.0010 299 62 500 152
car 0.0010 47 80 62 93
car 0.0010 166 62 424 145
pottedplant 0.0713 479 53 499 191
pottedplant 0.0444 367 7 420 48
pottedplant 0.0217 366 1 480 52
pottedplant 0.0119 467 42 497 81
pottedplant 0.0108 482 52 499 81
pottedplant 0.0050 480 52 499 115
pottedplant 0.0046 457 2 499 79
pottedplant 0.0041 456 6 479 55
pottedplant 0.0025 457 46 500 195
pottedplant 0.0025 0 33 20 50
pottedplant 0.0023 347 37 377 65
pottedplant 0.0021 402 0 474 22
pottedplant 0.0019 0 33 21 77
pottedplant 0.0018 366 0 499 100
pottedplant 0.0015 347 38 376 49
pottedplant 0.0011 467 41 499 122
pottedplant 0.0010 0 27 12 48
