person 0.5581 292 135 314 160
person 0.2829 284 134 314 229
person 0.0691 292 136 315 192
person 0.0306 271 143 333 231
person 0.0022 206 185 237 233
person 0.0017 317 156 336 188
person 0.0011 317 155 334 172
train 0.0014 9 116 237 172
boat 0.0034 3 119 227 166
boat 0.0018 116 118 235 176
cow 0.9420 316 153 484 245
cow 0.9419 48 136 168 236
cow 0.9392 182 143 335 234
cow 0.5818 2 135 64 216
cow 0.4125 3 133 119 218
cow 0.2108 494 187 500 220
cow 0.1785 0 147 8 169
cow 0.1048 0 147 11 184
cow 0.0799 265 188 308 232
cow 0.0764 100 170 169 233
cow 0.0462 495 203 499 220
cow 0.0373 142 165 160 184
cow 0.0339 268 140 328 229
cow 0.0239 141 165 169 217
cow 0.0219 1 170 45 216
cow 0.0153 488 189 500 220
cow 0.0151 0 146 17 212
cow 0.0148 206 186 308 233
cow 0.0102 71 190 109 223
cow 0.0079 316 155 335 193
cow 0.0070 61 177 106 221
cow 0.0057 496 187 500 207
cow 0.0055 88 192 109 225
cow 0.0049 182 184 234 234
cow 0.0041 493 163 499 219
cow 0.0037 318 155 335 173
cow 0.0037 316 190 414 240
cow 0.0027 18 135 62 175
cow 0.0025 0 142 38 183
cow 0.0023 460 198 484 218
cow 0.0021 1 170 107 219
cow 0.0019 28 133 67 142
cow 0.0019 146 185 169 218
cow 0.0016 463 187 499 225
cow 0.0014 8 175 69 216
cow 0.0014 386 198 447 242
cow 0.0014 0 163 9 216
cow 0.0013 278 152 412 241
cow 0.0012 0 126 122 151
cow 0.0012 491 202 500 220
cow 0.0012 497 184 500 199
cow 0.0012 416 200 465 238
