person 0.9195 167 127 225 237
person 0.0075 331 24 369 74
person 0.0040 253 104 285 205
person 0.0039 256 99 273 163
person 0.0030 72 94 130 167
person 0.0016 109 95 128 170
person 0.0014 274 169 286 200
car 0.0027 356 158 414 179
car 0.0025 355 164 390 176
bird 0.3400 380 167 467 224
bird 0.2211 380 200 426 224
bird 0.0595 420 167 468 203
bird 0.0072 330 25 368 74
bird 0.0052 403 165 498 215
bird 0.0031 233 163 476 222
bird 0.0023 282 201 310 215
dog 0.4095 227 158 286 183
dog 0.1046 227 156 287 207
dog 0.0014 244 162 276 204
cow 0.0083 227 158 286 205
