person 0.9216 366 140 499 330
person 0.9132 224 147 295 203
person 0.9099 0 119 109 330
person 0.8727 126 158 185 242
person 0.8373 155 149 205 213
person 0.8021 306 142 387 259
person 0.7728 294 148 348 202
person 0.7185 42 146 138 322
person 0.6822 460 144 499 331
person 0.4653 482 146 499 223
person 0.0263 0 119 18 175
person 0.0086 460 243 499 332
person 0.0075 488 146 499 177
person 0.0046 477 327 499 332
person 0.0037 487 101 499 204
person 0.0034 1 121 53 330
person 0.0021 0 132 17 213
person 0.0018 0 323 19 332
person 0.0012 331 148 349 190
person 0.0010 0 119 15 150
bottle 0.9037 270 200 293 279
bottle 0.7206 237 185 249 216
bottle 0.0838 268 199 278 229
bottle 0.0764 269 194 280 219
bottle 0.0680 230 216 250 263
bottle 0.0256 204 225 222 257
bottle 0.0138 240 171 248 204
bottle 0.0057 272 200 290 239
bottle 0.0057 240 183 248 200
bottle 0.0028 234 168 249 208
chair 0.4016 34 278 52 331
chair 0.0542 0 277 53 330
chair 0.0488 34 278 74 331
chair 0.0197 26 191 59 246
chair 0.0160 33 208 57 230
chair 0.0118 29 225 62 330
chair 0.0104 17 277 42 330
chair 0.0102 0 228 50 329
chair 0.0080 224 171 272 200
chair 0.0062 483 186 499 224
chair 0.0058 235 165 246 190
chair 0.0055 269 178 284 200
chair 0.0045 11 138 98 328
chair 0.0041 270 176 295 202
chair 0.0030 44 208 59 230
chair 0.0024 195 304 210 332
chair 0.0024 35 237 108 329
chair 0.0018 33 218 47 231
chair 0.0018 266 168 286 199
chair 0.0016 476 326 499 332
chair 0.0014 295 167 305 197
chair 0.0014 43 280 86 319
chair 0.0014 482 230 500 247
chair 0.0013 125 168 139 187
chair 0.0013 495 219 500 226
chair 0.0010 370 171 386 193
pottedplant 0.3696 132 96 169 165
diningtable 0.9133 47 188 406 332
diningtable 0.0078 256 199 316 225
diningtable 0.0060 122 222 282 273
diningtable 0.0045 145 188 289 230
diningtable 0.0028 343 278 410 328
diningtable 0.0023 46 257 210 331
diningtable 0.0012 276 212 410 330
diningtable 0.0010 115 247 240 282
