person 0.3670 41 164 48 177
person 0.0136 13 182 21 194
person 0.0133 496 239 499 247
person 0.0048 107 171 113 177
person 0.0045 1 181 15 205
person 0.0034 494 173 499 179
person 0.0031 492 178 499 199
person 0.0031 16 181 21 193
person 0.0028 59 171 64 175
person 0.0015 194 160 200 175
person 0.0014 301 160 305 167
person 0.0014 1 182 12 196
person 0.0013 341 175 346 182
person 0.0013 455 217 464 225
bicycle 0.0150 479 174 499 198
bicycle 0.0033 491 174 500 198
car 0.0192 140 162 156 168
car 0.0062 202 160 214 170
car 0.0039 164 163 181 171
car 0.0027 488 166 500 178
car 0.0023 141 160 180 170
car 0.0020 193 154 214 170
boat 0.8462 292 282 500 328
boat 0.8368 337 234 498 265
boat 0.7516 244 302 497 371
boat 0.7152 336 220 479 242
boat 0.6265 168 327 410 373
boat 0.5385 343 209 465 226
boat 0.3837 337 195 423 209
boat 0.2380 345 180 411 190
boat 0.2075 338 198 452 213
boat 0.1736 344 183 415 194
boat 0.1636 346 173 406 184
boat 0.1422 368 207 452 222
boat 0.1355 371 205 447 215
boat 0.1322 338 192 422 203
boat 0.1011 476 174 499 221
boat 0.0605 345 163 407 185
boat 0.0344 342 176 422 192
boat 0.0244 369 203 438 211
boat 0.0132 240 287 277 319
boat 0.0131 259 302 446 343
boat 0.0129 359 216 471 232
boat 0.0121 291 274 327 289
boat 0.0115 354 162 391 174
boat 0.0106 291 274 311 287
boat 0.0105 487 334 499 348
boat 0.0102 409 330 499 373
boat 0.0100 386 213 463 225
boat 0.0085 313 287 418 308
boat 0.0078 496 239 499 248
boat 0.0077 468 218 499 244
boat 0.0075 59 203 88 211
boat 0.0075 478 174 499 199
boat 0.0073 114 181 166 195
boat 0.0072 369 199 433 207
boat 0.0058 326 156 377 166
boat 0.0055 114 183 136 194
boat 0.0045 335 217 421 238
boat 0.0037 484 333 499 361
boat 0.0033 375 160 499 241
boat 0.0032 373 240 480 262
boat 0.0032 308 273 498 307
boat 0.0030 454 242 499 262
boat 0.0030 338 201 488 234
boat 0.0028 238 271 276 293
boat 0.0025 356 162 377 170
boat 0.0025 414 212 460 223
boat 0.0023 352 209 416 223
boat 0.0021 337 197 384 209
boat 0.0020 464 173 499 243
boat 0.0019 467 222 480 231
boat 0.0017 442 240 499 252
boat 0.0017 385 226 475 241
boat 0.0016 115 189 167 200
boat 0.0014 341 176 347 182
boat 0.0014 358 230 472 245
boat 0.0013 332 234 436 260
boat 0.0012 456 251 499 263
boat 0.0012 343 221 451 234
boat 0.0012 478 119 500 223
boat 0.0012 478 333 499 373
boat 0.0011 386 291 499 326
boat 0.0011 477 194 499 219
boat 0.0011 336 176 389 185
boat 0.0010 467 325 499 352
boat 0.0010 390 220 471 233
bird 0.1260 107 224 114 228
bird 0.0405 238 271 249 284
bird 0.0261 304 202 317 213
bird 0.0101 311 202 317 208
bird 0.0062 83 204 88 212
bird 0.0042 305 206 310 212
bird 0.0022 319 212 326 218
bird 0.0020 0 237 6 248
bird 0.0013 316 245 330 264
bird 0.0012 237 270 248 279
bird 0.0010 320 245 329 259
bird 0.0010 239 272 264 291
chair 0.0014 478 174 499 195
chair 0.0010 456 170 472 186
