person 0.0202 491 276 499 297
person 0.0024 489 200 500 302
dog 0.0060 491 276 500 298
bottle 0.0305 309 150 332 189
bottle 0.0304 339 146 346 166
bottle 0.0144 311 151 325 177
bottle 0.0103 321 145 328 160
bottle 0.0074 321 147 331 179
bottle 0.0044 311 150 318 160
bottle 0.0033 331 146 344 166
bottle 0.0011 157 181 163 197
chair 0.2709 0 294 66 331
chair 0.0151 491 276 499 297
chair 0.0068 0 254 65 331
chair 0.0048 488 195 499 297
chair 0.0025 491 276 500 326
chair 0.0020 3 297 125 332
chair 0.0011 50 303 122 332
sofa 0.3397 0 295 66 331
pottedplant 0.1151 170 121 228 192
diningtable 0.9257 26 156 383 328
diningtable 0.0041 3 295 124 331
diningtable 0.0010 360 174 385 268
