person 0.0078 126 159 129 165
person 0.0038 121 151 125 159
person 0.0027 162 153 171 163
person 0.0026 89 161 101 174
person 0.0022 124 152 127 162
person 0.0016 274 154 278 161
person 0.0016 0 191 8 197
person 0.0014 246 155 254 162
person 0.0013 128 151 132 161
person 0.0012 135 150 139 160
person 0.0011 330 138 335 144
car 0.1946 89 168 102 174
car 0.0591 183 136 192 145
car 0.0274 154 140 169 145
car 0.0183 378 129 389 135
car 0.0079 332 139 357 147
car 0.0076 375 130 386 136
car 0.0067 194 141 215 148
car 0.0060 339 139 356 145
car 0.0059 352 135 375 142
car 0.0058 203 141 216 147
car 0.0036 389 134 397 139
car 0.0026 379 129 396 136
car 0.0025 390 130 401 137
car 0.0016 0 139 16 147
car 0.0016 262 138 291 145
car 0.0014 374 134 383 140
car 0.0013 72 138 82 145
car 0.0013 333 139 346 145
car 0.0013 345 138 357 143
car 0.0012 5 137 16 144
train 0.8407 0 169 38 215
train 0.7972 170 150 342 235
train 0.7768 0 197 117 296
train 0.6043 0 145 93 170
train 0.5247 154 141 213 169
train 0.0839 154 138 299 172
train 0.0461 329 140 357 157
train 0.0394 330 134 397 158
train 0.0306 288 151 335 176
train 0.0302 336 152 366 168
train 0.0266 182 136 192 145
train 0.0247 2 141 211 172
train 0.0175 0 143 60 159
train 0.0127 263 139 301 150
train 0.0114 0 169 86 215
train 0.0113 366 134 398 156
train 0.0110 0 165 208 297
train 0.0097 351 135 375 143
train 0.0055 111 206 170 236
train 0.0052 291 133 396 189
train 0.0051 5 138 60 149
train 0.0050 0 153 18 168
train 0.0049 161 134 391 176
train 0.0048 288 150 332 164
train 0.0042 1 156 94 175
train 0.0037 1 142 361 306
train 0.0037 262 138 291 146
train 0.0034 231 142 299 162
train 0.0033 479 145 500 198
train 0.0027 0 149 54 167
train 0.0025 336 129 444 160
train 0.0024 337 134 380 152
train 0.0024 0 145 97 197
train 0.0023 0 194 8 215
train 0.0021 1 170 38 190
train 0.0021 25 138 56 147
train 0.0021 282 152 340 195
train 0.0018 1 197 105 224
train 0.0018 182 130 474 230
train 0.0017 0 166 17 174
train 0.0016 -17 46 408 328
train 0.0016 154 139 172 146
train 0.0015 377 128 400 137
train 0.0015 344 139 357 147
train 0.0014 264 142 293 152
train 0.0014 0 138 210 198
train 0.0012 295 148 332 158
train 0.0012 170 135 186 144
train 0.0012 0 138 17 148
train 0.0012 345 130 372 140
train 0.0012 288 137 358 160
train 0.0011 1 112 90 155
train 0.0011 0 196 114 248
train 0.0010 389 129 404 137
train 0.0010 16 145 97 160
train 0.0010 340 137 372 145
boat 0.0212 182 135 192 145
boat 0.0066 89 161 102 174
boat 0.0055 170 132 192 144
boat 0.0053 183 132 193 137
boat 0.0041 174 131 192 137
boat 0.0029 170 135 184 144
boat 0.0024 170 131 183 137
boat 0.0011 169 130 187 139
