person 0.9425 0 225 49 373
person 0.9421 380 6 440 123
person 0.9216 342 284 430 373
person 0.9025 308 7 357 134
person 0.8966 350 2 398 141
person 0.8949 93 0 139 146
person 0.8715 130 17 194 141
person 0.8698 245 305 315 374
person 0.8540 0 8 27 147
person 0.8035 290 123 356 320
person 0.6994 80 0 109 141
person 0.6660 125 1 158 53
person 0.5500 194 349 240 374
person 0.5295 171 10 196 52
person 0.4138 483 302 500 325
person 0.2778 485 0 500 9
person 0.1963 247 14 267 132
person 0.1267 126 0 157 141
person 0.1030 419 0 433 10
person 0.0832 456 0 484 10
person 0.0670 122 1 136 28
person 0.0589 186 0 204 41
person 0.0537 483 301 500 370
person 0.0326 296 78 322 125
person 0.0286 256 15 267 74
person 0.0265 319 121 346 142
person 0.0262 166 0 185 18
person 0.0236 472 0 498 9
person 0.0217 485 0 500 19
person 0.0169 168 0 201 42
person 0.0102 479 0 488 8
person 0.0075 188 0 204 16
person 0.0067 126 13 195 267
person 0.0056 314 123 358 236
person 0.0053 0 58 10 150
person 0.0052 178 304 315 374
person 0.0051 170 0 204 20
person 0.0047 80 0 109 44
person 0.0043 95 0 109 21
person 0.0041 151 0 161 6
person 0.0040 457 297 500 341
person 0.0039 483 0 500 38
person 0.0037 306 1 404 143
person 0.0034 464 0 499 21
person 0.0032 0 18 8 86
person 0.0031 317 123 348 199
person 0.0027 131 103 149 136
person 0.0024 449 0 473 10
person 0.0023 126 1 191 52
person 0.0023 241 93 392 341
person 0.0022 420 0 486 11
person 0.0022 232 279 437 374
person 0.0020 343 271 500 374
person 0.0020 191 11 202 51
person 0.0019 0 34 9 121
person 0.0018 298 11 323 125
person 0.0017 247 53 261 131
person 0.0017 0 8 8 30
person 0.0015 124 103 144 138
person 0.0015 491 309 499 378
person 0.0014 484 0 499 87
person 0.0014 174 10 193 27
person 0.0014 0 8 21 49
person 0.0013 426 25 440 68
person 0.0012 10 93 28 140
person 0.0012 485 305 500 432
person 0.0012 150 1 267 139
person 0.0012 485 272 499 325
person 0.0012 79 -2 101 79
person 0.0011 0 90 7 150
person 0.0011 0 226 7 257
person 0.0010 0 227 25 369
bird 0.0027 156 258 166 267
bird 0.0015 23 255 35 260
horse 0.9653 57 123 404 338
horse 0.9338 430 0 500 143
horse 0.0026 492 71 499 131
horse 0.0025 483 0 499 115
horse 0.0021 495 102 499 124
horse 0.0018 483 67 499 143
horse 0.0013 479 105 499 143
horse 0.0010 494 102 499 137
chair 0.0010 227 348 257 374
