cat 0.9350 32 65 443 464
chair 0.0773 1 0 113 92
chair 0.0017 9 58 401 466
pottedplant 0.4865 391 55 499 288
pottedplant 0.1553 387 125 453 271
pottedplant 0.1476 47 0 335 261
pottedplant 0.0637 483 209 500 282
pottedplant 0.0568 101 2 500 270
pottedplant 0.0533 322 1 500 285
pottedplant 0.0497 50 85 232 257
pottedplant 0.0384 423 187 499 291
pottedplant 0.0137 0 76 93 255
pottedplant 0.0097 51 152 197 258
pottedplant 0.0089 0 7 114 349
pottedplant 0.0054 430 0 499 104
pottedplant 0.0041 19 35 269 372
pottedplant 0.0040 393 207 423 270
pottedplant 0.0029 457 59 499 218
pottedplant 0.0027 481 159 499 283
pottedplant 0.0024 392 161 427 270
pottedplant 0.0022 492 192 499 217
pottedplant 0.0021 455 152 499 208
pottedplant 0.0021 479 107 499 207
pottedplant 0.0020 292 0 485 134
pottedplant 0.0020 173 130 243 203
pottedplant 0.0020 0 155 51 261
pottedplant 0.0019 383 -14 499 184
pottedplant 0.0017 392 126 452 192
pottedplant 0.0015 425 98 499 257
pottedplant 0.0015 411 248 435 278
pottedplant 0.0015 490 194 499 248
pottedplant 0.0014 469 56 500 154
pottedplant 0.0014 484 152 499 211
pottedplant 0.0012 0 0 65 42
pottedplant 0.0011 55 77 126 154
pottedplant 0.0011 0 181 30 259
