bottle 0.7116 163 176 175 212
bottle 0.1611 265 248 276 269
bottle 0.1528 276 247 286 268
bottle 0.1493 242 221 254 243
bottle 0.1197 253 248 264 269
bottle 0.1196 236 250 243 270
bottle 0.0969 243 248 254 270
bottle 0.0415 235 216 243 245
bottle 0.0402 165 251 179 281
bottle 0.0224 287 249 295 269
bottle 0.0183 147 196 161 216
bottle 0.0152 173 251 183 281
bottle 0.0048 195 192 200 206
bottle 0.0045 288 260 296 276
bottle 0.0044 174 185 179 212
bottle 0.0028 176 169 205 211
bottle 0.0027 180 248 203 282
bottle 0.0026 163 176 175 195
bottle 0.0026 192 192 199 206
bottle 0.0026 179 243 203 267
bottle 0.0019 186 191 196 206
bottle 0.0017 195 190 205 206
bottle 0.0016 141 274 149 285
bottle 0.0012 263 248 270 268
bottle 0.0012 234 211 242 270
bottle 0.0012 177 250 186 281
tvmonitor 0.9132 167 63 283 154
