person 0.8132 0 23 176 227
bottle 0.1065 218 222 239 272
bottle 0.0232 226 126 239 184
bottle 0.0181 210 214 238 258
chair 0.0527 0 84 92 163
chair 0.0247 0 96 43 162
chair 0.0129 173 103 232 201
chair 0.0108 176 150 228 203
chair 0.0028 0 71 57 88
chair 0.0020 0 86 177 235
chair 0.0016 173 155 205 203
chair 0.0015 186 152 229 184
chair 0.0011 0 88 79 223
chair 0.0010 0 190 99 235
sofa 0.0018 0 68 229 236
sofa 0.0014 0 94 50 159
pottedplant 0.0243 174 104 233 167
pottedplant 0.0074 173 48 239 194
diningtable 0.6762 3 197 238 318
diningtable 0.0227 69 255 240 319
diningtable 0.0136 0 85 92 96
diningtable 0.0053 0 224 57 318
diningtable 0.0040 72 294 223 319
diningtable 0.0032 1 198 234 230
diningtable 0.0029 32 273 77 319
diningtable 0.0027 185 255 239 319
diningtable 0.0020 1 226 54 273
diningtable 0.0016 1 157 243 230
diningtable 0.0014 147 186 240 320
tvmonitor 0.0022 0 7 39 71
