person 0.8413 390 166 422 224
person 0.4225 434 178 459 208
person 0.3045 429 178 460 233
person 0.0398 494 165 499 176
person 0.0271 484 170 491 177
person 0.0263 433 179 445 207
person 0.0144 478 168 483 176
person 0.0101 489 167 494 176
person 0.0071 481 168 487 176
person 0.0042 482 167 490 176
person 0.0023 429 177 441 206
person 0.0019 399 178 427 234
person 0.0018 417 183 423 205
person 0.0015 436 182 445 198
person 0.0015 483 165 497 176
person 0.0013 435 189 443 206
person 0.0010 413 186 423 209
bicycle 0.0051 493 206 499 229
car 0.0030 445 171 499 205
motorbike 0.6091 390 198 414 232
motorbike 0.0089 402 205 414 231
motorbike 0.0033 392 198 410 217
motorbike 0.0017 393 196 420 221
motorbike 0.0010 402 197 418 217
bus 0.0019 229 94 384 240
train 0.8052 229 93 385 240
train 0.0016 447 162 500 206
train 0.0010 477 158 499 181
dog 0.0014 60 174 110 217
chair 0.1819 439 204 483 274
chair 0.1069 465 201 491 245
chair 0.0527 484 209 498 231
chair 0.0368 451 200 486 250
chair 0.0331 491 209 499 232
chair 0.0163 464 220 489 252
chair 0.0162 442 238 477 274
chair 0.0139 466 213 490 236
chair 0.0103 449 222 483 253
chair 0.0087 479 211 493 230
chair 0.0052 398 206 460 274
chair 0.0035 440 205 452 241
chair 0.0021 452 201 464 229
chair 0.0014 456 228 483 270
chair 0.0013 448 203 460 237
chair 0.0010 459 197 472 225
pottedplant 0.0022 343 106 359 127
