person 0.6072 3 18 486 368
person 0.1508 0 56 269 368
person 0.1162 0 151 108 319
person 0.0272 240 19 482 288
person 0.0088 466 353 499 374
person 0.0042 415 19 498 292
person 0.0041 0 142 163 369
person 0.0032 0 63 135 309
person 0.0015 0 152 46 312
cat 0.0016 471 354 499 374
dog 0.9456 1 57 269 369
dog 0.0014 0 156 106 309
sofa 0.1453 2 7 494 371
sofa 0.1024 2 0 499 147
sofa 0.0152 471 6 499 135
sofa 0.0072 394 7 499 287
sofa 0.0030 3 232 497 370
sofa 0.0019 259 10 498 288
sofa 0.0011 179 1 502 87
sofa 0.0010 465 4 499 282
