person 0.1158 211 63 248 133
person 0.0314 18 0 45 35
person 0.0229 212 21 249 80
person 0.0158 174 72 191 118
person 0.0093 231 27 249 76
person 0.0053 66 16 82 36
person 0.0045 85 12 104 36
person 0.0036 211 111 220 123
person 0.0027 175 64 246 128
person 0.0026 22 0 50 8
person 0.0024 18 0 39 7
person 0.0022 211 63 225 120
person 0.0018 29 0 52 35
person 0.0017 211 62 248 93
person 0.0016 171 39 192 119
person 0.0015 211 63 225 92
person 0.0010 189 14 287 139
person 0.0010 153 8 318 164
boat 0.6961 0 0 147 209
boat 0.6069 41 0 353 498
boat 0.0434 23 1 150 493
boat 0.0268 0 0 23 34
boat 0.0191 0 0 44 36
boat 0.0112 53 1 352 256
boat 0.0066 14 315 261 499
boat 0.0058 3 6 79 481
boat 0.0049 0 35 87 210
boat 0.0043 0 0 21 8
boat 0.0039 233 -2 354 495
boat 0.0027 69 435 155 499
boat 0.0018 0 0 137 37
boat 0.0017 86 1 148 55
boat 0.0014 0 104 76 274
boat 0.0012 17 302 64 446
bottle 0.0212 18 312 64 448
bottle 0.0014 54 389 106 501
chair 0.0062 84 12 104 37
chair 0.0059 211 93 247 135
chair 0.0030 274 23 334 151
chair 0.0015 212 63 248 85
chair 0.0013 302 124 320 153
chair 0.0013 275 116 320 152
chair 0.0010 225 108 246 135
chair 0.0010 275 78 323 154
tvmonitor 0.0283 256 262 332 358
