person 0.0078 446 203 499 340
cat 0.0075 446 205 499 344
dog 0.7975 137 133 296 283
dog 0.1645 135 136 227 239
dog 0.1078 6 52 457 353
dog 0.0320 446 205 499 344
dog 0.0046 200 133 289 264
dog 0.0044 210 177 400 312
chair 0.0642 0 252 42 339
chair 0.0065 136 349 350 374
chair 0.0029 446 205 499 367
chair 0.0012 141 350 247 373
chair 0.0011 32 334 288 373
chair 0.0011 463 338 499 373
sofa 0.8928 8 26 499 368
sofa 0.0434 0 252 41 338
sofa 0.0414 447 206 499 343
sofa 0.0253 0 26 499 120
sofa 0.0015 141 349 364 374
sofa 0.0014 463 338 499 373
sofa 0.0010 140 342 493 373
sofa 0.0010 3 291 495 370
