person 0.0013 350 216 366 227
boat 0.0069 340 191 407 215
bird 0.0040 340 193 407 239
chair 0.2771 274 318 409 483
chair 0.0083 256 316 281 483
chair 0.0019 282 397 408 484
chair 0.0017 255 314 331 481
pottedplant 0.8943 30 281 254 372
pottedplant 0.0176 9 217 31 229
pottedplant 0.0110 309 229 372 308
pottedplant 0.0108 206 221 374 309
pottedplant 0.0076 10 203 31 230
pottedplant 0.0062 10 192 65 229
pottedplant 0.0034 64 168 142 237
pottedplant 0.0030 93 161 164 240
pottedplant 0.0029 126 156 163 239
pottedplant 0.0027 35 80 159 236
pottedplant 0.0026 278 323 410 474
pottedplant 0.0023 340 175 408 226
pottedplant 0.0017 210 170 288 237
pottedplant 0.0016 226 160 363 235
pottedplant 0.0015 339 195 409 296
pottedplant 0.0015 9 143 65 229
pottedplant 0.0015 238 218 287 235
pottedplant 0.0013 340 191 408 214
pottedplant 0.0011 93 217 191 300
