person 0.0016 463 60 499 379
chair 0.9574 207 215 325 373
chair 0.9446 72 178 196 371
chair 0.9247 176 150 259 174
chair 0.1527 449 194 499 371
chair 0.0283 203 158 266 195
chair 0.0080 151 151 267 250
chair 0.0021 1 226 90 371
chair 0.0018 108 163 258 358
chair 0.0017 175 150 260 206
chair 0.0011 142 170 346 263
sofa 0.0120 451 197 499 364
pottedplant 0.8796 303 144 368 215
pottedplant 0.1875 303 185 334 215
pottedplant 0.0013 300 148 369 276
diningtable 0.8118 145 168 367 371
diningtable 0.0480 145 168 354 251
diningtable 0.0018 318 199 367 370
tvmonitor 0.0086 469 2 500 209
tvmonitor 0.0020 486 0 499 57
