cat 0.0107 0 239 18 257
cat 0.0049 0 239 9 255
cat 0.0018 0 240 32 268
bottle 0.0623 489 92 499 120
bottle 0.0206 244 95 249 106
bottle 0.0026 471 81 478 95
bottle 0.0023 480 80 487 94
bottle 0.0016 476 79 490 94
chair 0.1553 344 61 427 113
chair 0.1170 461 60 487 95
chair 0.0340 466 60 486 81
chair 0.0170 467 60 486 70
chair 0.0132 374 52 418 96
chair 0.0099 417 67 438 113
chair 0.0088 485 46 499 96
chair 0.0056 492 62 499 95
chair 0.0053 391 58 416 97
chair 0.0045 342 57 372 92
chair 0.0044 489 66 500 121
chair 0.0036 460 71 476 96
chair 0.0023 400 65 436 114
chair 0.0023 451 68 498 121
chair 0.0020 342 74 355 92
chair 0.0019 1 225 124 370
chair 0.0019 474 79 490 94
chair 0.0019 375 56 405 70
chair 0.0015 494 50 499 80
chair 0.0014 493 46 499 69
chair 0.0013 491 80 500 105
chair 0.0011 338 74 356 105
sofa 0.8073 0 102 500 282
sofa 0.0468 0 226 124 370
sofa 0.0108 0 195 502 372
sofa 0.0020 2 99 496 161
sofa 0.0019 -1 116 144 369
pottedplant 0.2595 378 31 395 56
pottedplant 0.2228 409 41 424 64
pottedplant 0.1585 423 22 449 64
pottedplant 0.0987 421 39 446 65
pottedplant 0.0146 422 46 436 65
pottedplant 0.0114 415 41 427 59
pottedplant 0.0103 456 61 492 122
pottedplant 0.0094 423 25 450 112
pottedplant 0.0074 375 33 416 85
pottedplant 0.0043 427 21 447 38
pottedplant 0.0038 342 57 372 91
pottedplant 0.0034 376 36 398 70
pottedplant 0.0032 409 36 423 94
pottedplant 0.0032 380 30 447 68
pottedplant 0.0022 431 52 452 113
pottedplant 0.0018 417 59 440 113
pottedplant 0.0016 452 89 493 121
pottedplant 0.0013 464 79 492 96
pottedplant 0.0012 492 43 499 68
pottedplant 0.0012 436 91 458 118
pottedplant 0.0012 435 54 449 82
pottedplant 0.0011 440 101 458 118
diningtable 0.0727 184 204 499 368
diningtable 0.0036 452 92 493 121
