person 0.8514 85 57 388 369
person 0.2179 0 162 28 216
person 0.0281 0 196 12 213
person 0.0225 0 192 25 213
person 0.0114 0 162 19 199
person 0.0044 0 168 28 259
person 0.0021 0 179 12 213
person 0.0013 95 27 248 339
person 0.0012 261 51 346 361
car 0.0193 22 42 79 72
car 0.0048 24 56 54 71
car 0.0043 3 41 45 71
car 0.0025 23 50 44 70
car 0.0019 8 59 23 71
car 0.0017 8 57 39 72
car 0.0010 23 59 41 71
cat 0.0011 0 141 20 158
bottle 0.9036 143 180 203 270
bottle 0.0033 144 180 172 224
bottle 0.0012 239 284 260 350
bottle 0.0011 140 165 204 346
chair 0.9030 389 151 499 372
chair 0.3586 77 64 393 366
chair 0.0426 274 80 332 201
chair 0.0396 324 213 390 321
chair 0.0329 0 163 29 243
chair 0.0144 274 79 389 326
chair 0.0067 86 60 237 369
chair 0.0060 407 151 499 277
chair 0.0060 24 352 100 375
chair 0.0048 389 267 499 372
chair 0.0035 0 159 59 333
chair 0.0028 87 59 333 241
chair 0.0021 128 212 394 371
chair 0.0018 370 227 405 310
chair 0.0018 57 274 95 357
chair 0.0013 0 192 28 222
chair 0.0011 272 72 338 296
chair 0.0011 60 317 93 353
sofa 0.3345 79 57 342 370
sofa 0.2368 0 165 64 370
sofa 0.1634 389 151 499 370
sofa 0.0892 324 213 390 321
sofa 0.0801 0 163 29 243
sofa 0.0041 0 192 28 223
sofa 0.0023 0 168 58 266
sofa 0.0021 51 190 391 368
diningtable 0.1510 0 217 64 371
