person 0.8811 244 2 360 332
person 0.8790 372 30 499 324
person 0.8672 53 26 269 357
person 0.0506 429 72 500 327
person 0.0219 462 183 500 325
person 0.0052 432 124 499 204
person 0.0027 428 128 460 188
person 0.0015 484 189 499 283
person 0.0011 414 127 471 225
bicycle 0.8991 387 178 499 381
bicycle 0.8817 55 176 357 406
bicycle 0.2116 228 175 357 398
bicycle 0.0169 433 180 499 320
bicycle 0.0047 468 318 499 369
bicycle 0.0035 374 101 495 328
bicycle 0.0024 300 212 357 390
bicycle 0.0020 227 217 290 406
bicycle 0.0017 263 185 326 337
bicycle 0.0015 229 179 310 347
bicycle 0.0013 392 184 453 369
bicycle 0.0013 52 201 199 406
bicycle 0.0012 473 184 499 319
bottle 0.0110 457 208 478 271
bottle 0.0037 457 206 472 220
bottle 0.0035 457 191 476 221
bottle 0.0023 275 203 307 275
bottle 0.0018 456 230 479 311
bottle 0.0013 456 204 486 232
bottle 0.0012 478 169 500 208
