person 0.1318 355 74 388 180
person 0.1307 188 34 234 85
person 0.0351 164 34 236 185
person 0.0264 378 136 392 163
person 0.0192 401 136 407 151
person 0.0145 188 34 237 134
person 0.0139 360 115 385 180
person 0.0119 423 140 428 150
person 0.0095 385 120 392 131
person 0.0074 338 141 381 181
person 0.0065 175 37 363 229
person 0.0051 392 138 400 153
person 0.0041 407 138 411 152
person 0.0038 184 36 289 186
person 0.0031 357 121 370 148
person 0.0029 387 137 393 152
person 0.0017 365 129 386 161
person 0.0016 409 138 417 147
person 0.0016 357 134 369 148
person 0.0012 188 38 385 141
person 0.0011 423 143 428 152
person 0.0010 120 42 131 73
bicycle 0.3840 378 138 392 164
bicycle 0.0024 390 139 398 153
car 0.2552 424 143 438 153
car 0.0552 423 140 432 151
car 0.0102 385 130 400 138
car 0.0033 428 148 437 165
car 0.0022 411 138 418 145
car 0.0020 407 136 416 143
car 0.0013 400 135 419 146
car 0.0013 406 137 418 146
car 0.0011 388 137 400 153
car 0.0010 433 141 438 149
motorbike 0.8752 163 39 306 312
motorbike 0.7331 280 64 380 250
motorbike 0.2046 378 137 392 163
motorbike 0.1180 330 73 387 181
motorbike 0.0732 285 156 376 250
motorbike 0.0305 330 74 366 144
motorbike 0.0109 293 64 338 129
motorbike 0.0090 337 139 381 182
motorbike 0.0063 307 79 354 141
motorbike 0.0039 151 61 235 190
motorbike 0.0033 181 48 379 255
motorbike 0.0032 296 64 380 173
motorbike 0.0021 346 118 370 145
motorbike 0.0017 314 65 335 102
motorbike 0.0013 314 87 340 127
motorbike 0.0012 383 119 399 153
motorbike 0.0011 365 156 382 181
motorbike 0.0010 339 106 363 144
bottle 0.0124 404 191 417 231
pottedplant 0.0043 51 105 117 182
