person 0.7656 45 277 113 424
person 0.6092 38 206 122 305
person 0.5741 246 238 311 431
person 0.5465 248 186 318 262
person 0.5409 246 70 308 253
person 0.4472 233 327 337 499
person 0.4250 245 156 274 201
person 0.1792 232 328 275 500
person 0.1459 296 181 329 231
person 0.1210 245 225 285 300
person 0.0713 245 157 283 228
person 0.0458 248 187 295 230
person 0.0309 290 182 328 261
person 0.0266 296 181 314 219
person 0.0169 246 153 316 239
person 0.0100 41 203 119 472
person 0.0099 243 226 284 415
person 0.0095 68 226 322 499
person 0.0072 246 172 324 357
person 0.0070 213 226 296 498
person 0.0070 167 240 200 295
person 0.0063 246 225 314 313
person 0.0057 53 302 109 500
person 0.0048 43 10 252 498
person 0.0023 245 114 299 417
person 0.0023 247 254 309 338
person 0.0015 284 210 316 261
person 0.0010 154 326 306 501
bottle 0.0024 303 461 313 468
