person 0.8761 27 259 50 293
person 0.1011 25 251 35 267
person 0.0773 28 250 34 261
person 0.0721 134 267 141 280
person 0.0137 34 251 42 263
person 0.0109 25 250 32 262
person 0.0085 44 1 62 55
person 0.0038 63 295 67 305
person 0.0014 218 27 241 68
car 0.0938 22 262 36 272
car 0.0493 20 253 39 272
car 0.0123 81 252 100 258
car 0.0010 155 256 176 261
bird 0.0021 63 295 67 305
bird 0.0010 95 214 106 231
dog 0.8063 207 151 311 267
dog 0.0027 261 151 306 189
dog 0.0023 252 220 307 263
dog 0.0015 62 295 67 305
dog 0.0010 183 201 216 250
cow 0.0017 347 303 416 341
chair 0.0730 127 270 137 282
