person 0.0119 29 48 33 53
person 0.0057 37 48 43 53
person 0.0055 23 48 28 53
person 0.0038 18 48 22 55
person 0.0036 64 46 70 51
person 0.0030 13 47 18 54
person 0.0028 16 53 21 63
person 0.0027 26 47 31 53
person 0.0026 21 47 25 53
person 0.0023 14 47 20 53
person 0.0022 31 48 39 53
person 0.0022 0 50 5 56
person 0.0019 57 45 62 52
person 0.0017 6 49 11 55
person 0.0011 301 112 307 120
person 0.0010 292 112 301 128
boat 0.8820 0 0 335 130
boat 0.1340 -2 12 337 369
boat 0.0560 34 120 70 130
boat 0.0214 0 121 37 131
boat 0.0165 0 42 87 71
boat 0.0161 0 46 52 70
boat 0.0034 23 116 77 131
boat 0.0024 21 122 37 130
boat 0.0022 0 26 9 51
boat 0.0019 0 54 18 71
boat 0.0018 0 25 47 69
boat 0.0016 0 11 90 72
boat 0.0015 211 36 308 375
boat 0.0013 64 0 163 55
boat 0.0013 62 116 80 129
boat 0.0012 0 0 219 71
boat 0.0010 33 122 50 130
bird 0.0027 215 241 238 263
bird 0.0027 225 241 238 253
bird 0.0011 215 250 221 262
