person 0.0366 0 288 19 336
person 0.0243 0 50 35 139
person 0.0066 0 58 34 337
person 0.0024 0 289 72 372
person 0.0021 0 237 19 352
person 0.0014 0 43 21 86
person 0.0012 0 171 27 366
person 0.0010 0 24 19 64
bottle 0.0123 0 38 34 138
bottle 0.0038 0 52 20 83
chair 0.9567 265 32 346 108
chair 0.9391 69 332 270 373
chair 0.9385 126 37 216 113
chair 0.6838 396 350 499 373
chair 0.4261 459 25 499 158
chair 0.0415 317 350 401 373
chair 0.0355 319 346 498 374
chair 0.0293 147 4 185 108
chair 0.0116 0 329 19 373
chair 0.0096 0 288 19 334
chair 0.0066 272 361 320 374
chair 0.0063 0 287 75 373
chair 0.0039 0 326 18 339
chair 0.0038 451 334 501 357
chair 0.0034 365 37 440 121
chair 0.0032 0 327 18 353
chair 0.0032 0 0 79 151
chair 0.0028 0 330 76 374
chair 0.0027 0 7 40 163
chair 0.0025 396 288 499 372
chair 0.0022 0 287 35 372
chair 0.0021 456 282 499 348
chair 0.0020 328 0 349 33
chair 0.0020 113 35 375 112
chair 0.0020 125 28 226 225
chair 0.0017 328 0 349 102
chair 0.0015 230 360 319 374
chair 0.0015 319 318 500 372
chair 0.0012 16 362 76 374
chair 0.0011 240 348 320 374
chair 0.0010 472 339 499 357
chair 0.0010 356 21 476 129
sofa 0.7252 459 26 499 158
pottedplant 0.0196 205 141 304 249
pottedplant 0.0050 148 0 183 40
pottedplant 0.0019 126 133 379 224
pottedplant 0.0019 0 36 21 79
pottedplant 0.0017 131 -1 185 111
pottedplant 0.0014 225 153 304 205
diningtable 0.9274 1 105 497 368
diningtable 0.0097 2 100 500 215
diningtable 0.0038 269 96 507 368
diningtable 0.0024 29 33 459 111
diningtable 0.0011 0 290 74 372
