person 0.9086 262 203 327 304
person 0.8195 211 219 260 318
person 0.5053 247 208 270 266
person 0.1188 219 208 271 265
person 0.0542 247 208 268 241
person 0.0092 132 224 189 267
person 0.0087 247 208 277 307
person 0.0042 219 217 250 247
person 0.0037 260 212 275 263
person 0.0032 353 268 366 277
person 0.0015 154 212 194 269
person 0.0014 262 216 272 239
person 0.0012 11 358 43 404
person 0.0011 227 209 280 323
motorbike 0.0651 113 220 193 294
bottle 0.0076 161 212 196 231
bottle 0.0018 78 241 82 253
chair 0.0083 167 227 193 270
chair 0.0062 0 204 69 278
chair 0.0039 113 236 190 294
chair 0.0030 185 222 194 270
chair 0.0028 218 229 232 248
chair 0.0026 46 207 69 269
chair 0.0013 263 230 324 304
pottedplant 0.3402 426 200 465 243
pottedplant 0.0262 423 144 465 243
pottedplant 0.0111 369 206 467 248
pottedplant 0.0107 396 45 475 251
pottedplant 0.0096 401 207 433 263
pottedplant 0.0094 432 204 460 231
pottedplant 0.0088 456 207 465 243
pottedplant 0.0028 398 133 420 257
pottedplant 0.0013 414 253 429 265
pottedplant 0.0010 400 201 420 251
