person 0.9109 242 64 359 372
person 0.5754 163 75 261 261
person 0.0447 215 74 256 176
person 0.0425 228 95 278 190
person 0.0228 215 74 235 160
person 0.0198 224 74 285 260
person 0.0195 241 99 272 164
person 0.0154 214 74 228 140
person 0.0107 241 107 259 159
person 0.0066 216 74 228 95
person 0.0064 241 90 265 141
person 0.0025 216 74 228 116
person 0.0024 157 83 232 384
person 0.0015 247 84 263 113
person 0.0011 203 74 211 84
person 0.0010 212 105 227 161
bicycle 0.9057 153 221 289 372
bicycle 0.0021 220 218 288 351
bicycle 0.0014 155 234 232 362
bicycle 0.0012 220 196 255 280
bicycle 0.0011 213 235 254 281
bottle 0.8160 249 175 266 221
bottle 0.2915 296 120 312 148
bottle 0.0119 296 103 319 148
bottle 0.0117 313 118 329 142
bottle 0.0049 247 84 257 111
bottle 0.0022 295 118 313 166
bottle 0.0019 213 230 229 263
bottle 0.0018 216 230 229 247
