person 0.7684 287 122 330 148
person 0.7252 187 0 220 54
person 0.7116 242 9 272 91
person 0.6596 231 0 259 55
person 0.2707 315 129 337 148
person 0.0161 248 10 272 42
person 0.0063 334 134 347 147
person 0.0056 333 135 342 145
person 0.0036 230 9 263 91
person 0.0035 377 263 499 330
person 0.0019 248 37 270 92
person 0.0019 269 121 283 145
person 0.0014 302 123 310 132
person 0.0012 188 4 201 54
person 0.0012 190 0 215 18
person 0.0011 320 130 333 140
person 0.0010 337 139 347 148
car 0.9612 186 110 429 206
car 0.0037 452 62 499 100
car 0.0036 475 0 499 10
car 0.0013 386 0 430 11
chair 0.0020 21 49 100 85
chair 0.0014 0 54 19 84
chair 0.0013 79 0 125 22
chair 0.0012 34 0 81 24
