person 0.9324 36 1 218 230
person 0.8888 230 63 453 317
person 0.0220 386 64 499 265
person 0.0047 32 1 435 328
bottle 0.6213 210 113 247 157
bottle 0.4761 194 146 216 174
bottle 0.1382 191 113 247 174
bottle 0.0267 233 111 248 128
bottle 0.0144 144 335 187 374
bottle 0.0087 0 245 26 282
bottle 0.0032 211 134 234 156
bottle 0.0027 220 112 248 142
bottle 0.0013 193 125 216 170
bottle 0.0011 176 104 253 239
chair 0.2264 176 76 505 370
chair 0.1099 287 176 499 371
chair 0.0417 386 96 500 268
chair 0.0104 280 154 312 177
chair 0.0088 198 184 346 332
chair 0.0039 174 177 427 370
chair 0.0033 280 159 307 168
chair 0.0031 333 229 474 361
chair 0.0025 358 110 478 322
chair 0.0021 432 113 499 252
chair 0.0016 282 255 445 371
chair 0.0015 443 177 499 245
chair 0.0010 266 63 499 266
sofa 0.3594 0 2 146 169
sofa 0.0208 2 25 208 365
sofa 0.0059 23 2 259 237
sofa 0.0016 164 61 452 340
diningtable 0.0604 474 219 499 250
diningtable 0.0556 347 219 500 369
diningtable 0.0194 1 46 207 372
diningtable 0.0037 1 161 136 370
diningtable 0.0032 445 180 499 250
diningtable 0.0020 174 108 259 255
diningtable 0.0013 474 218 499 297
