person 0.0026 159 1 191 93
bottle 0.0050 403 1 484 120
bottle 0.0028 283 0 349 107
bottle 0.0010 325 1 384 108
pottedplant 0.9141 371 138 488 291
pottedplant 0.8624 298 212 422 331
pottedplant 0.8456 299 120 400 219
pottedplant 0.7986 234 116 328 202
pottedplant 0.7712 225 183 331 322
pottedplant 0.7712 9 91 109 247
pottedplant 0.7682 159 182 258 299
pottedplant 0.7128 180 92 267 187
pottedplant 0.6651 55 150 146 262
pottedplant 0.6349 125 101 208 175
pottedplant 0.6112 109 158 202 279
pottedplant 0.4645 71 111 152 164
pottedplant 0.0625 52 91 108 135
pottedplant 0.0602 471 119 499 240
pottedplant 0.0547 316 173 359 264
pottedplant 0.0188 3 99 490 322
pottedplant 0.0166 184 152 361 320
pottedplant 0.0158 59 100 205 166
pottedplant 0.0152 113 153 157 218
pottedplant 0.0146 398 0 485 122
pottedplant 0.0145 250 166 278 250
pottedplant 0.0115 50 99 208 271
pottedplant 0.0107 154 189 185 210
pottedplant 0.0105 231 0 331 107
pottedplant 0.0097 158 170 204 233
pottedplant 0.0096 310 176 355 228
pottedplant 0.0096 161 155 193 196
pottedplant 0.0075 299 129 495 311
pottedplant 0.0074 57 106 407 197
pottedplant 0.0070 306 162 385 219
pottedplant 0.0060 264 1 408 114
pottedplant 0.0058 128 99 172 152
pottedplant 0.0048 162 0 243 92
pottedplant 0.0046 162 32 191 93
pottedplant 0.0043 454 0 499 127
pottedplant 0.0038 108 96 251 282
pottedplant 0.0030 258 152 320 198
pottedplant 0.0026 150 1 191 92
pottedplant 0.0025 317 162 375 196
pottedplant 0.0025 280 2 330 107
pottedplant 0.0020 161 155 193 172
pottedplant 0.0019 249 166 269 208
pottedplant 0.0019 304 214 415 280
pottedplant 0.0018 119 181 203 216
pottedplant 0.0017 228 196 329 248
pottedplant 0.0016 10 153 91 248
pottedplant 0.0016 337 120 398 175
pottedplant 0.0016 32 88 156 177
pottedplant 0.0013 133 140 187 175
pottedplant 0.0013 291 168 403 284
pottedplant 0.0013 144 0 352 104
pottedplant 0.0013 278 152 313 181
pottedplant 0.0013 31 90 108 155
pottedplant 0.0012 183 201 248 233
pottedplant 0.0010 245 231 275 252
diningtable 0.0148 1 260 199 329
diningtable 0.0017 0 240 333 329
