person 0.8948 434 187 454 258
person 0.6947 471 183 489 217
person 0.6809 385 158 415 214
person 0.6391 455 184 467 218
person 0.6049 490 193 500 217
person 0.5491 466 184 477 216
person 0.5064 378 128 393 152
person 0.2089 44 192 55 208
person 0.0611 53 193 61 207
person 0.0424 467 184 475 200
person 0.0417 370 128 378 149
person 0.0222 476 183 483 193
person 0.0207 38 188 53 208
person 0.0200 412 164 419 186
person 0.0146 377 127 394 190
person 0.0130 37 189 46 208
person 0.0076 36 198 42 208
person 0.0066 490 193 499 205
person 0.0063 454 188 460 201
person 0.0059 434 189 441 203
person 0.0058 455 185 462 200
person 0.0045 408 163 419 199
person 0.0035 456 185 466 205
person 0.0031 476 182 488 195
person 0.0025 459 184 466 197
person 0.0022 431 188 441 211
person 0.0021 484 178 499 209
person 0.0020 42 195 51 208
person 0.0019 353 125 363 136
person 0.0017 385 160 400 225
person 0.0016 435 188 445 201
person 0.0016 371 126 398 208
person 0.0013 55 196 67 207
person 0.0013 387 159 394 167
person 0.0012 397 158 406 168
person 0.0011 41 187 49 196
person 0.0010 450 194 457 211
bicycle 0.0025 466 190 477 214
bicycle 0.0022 454 201 471 218
bicycle 0.0011 454 206 465 218
train 0.9143 3 36 439 328
train 0.0131 0 0 62 298
train 0.0016 0 1 116 324
train 0.0014 0 0 35 263
train 0.0013 0 231 452 328
