person 0.0865 388 108 401 122
person 0.0119 55 170 68 182
person 0.0109 10 161 21 182
person 0.0083 49 167 56 182
person 0.0063 51 155 70 182
person 0.0061 25 155 44 182
person 0.0055 397 109 411 122
person 0.0048 492 176 500 191
person 0.0038 316 115 331 125
person 0.0033 11 154 31 182
person 0.0028 37 168 45 181
person 0.0028 368 107 399 121
person 0.0023 48 155 62 183
person 0.0021 19 154 35 181
person 0.0019 34 160 45 181
person 0.0019 484 182 492 195
person 0.0017 377 108 393 121
person 0.0016 447 132 455 151
person 0.0015 0 154 21 183
person 0.0012 383 110 388 121
person 0.0012 11 358 42 404
person 0.0010 368 139 401 159
bicycle 0.0076 59 221 84 246
bicycle 0.0018 68 226 84 246
boat 0.7866 118 38 464 268
boat 0.3793 0 121 132 219
boat 0.1176 474 126 499 197
boat 0.1140 0 57 162 218
boat 0.0971 480 152 499 197
boat 0.0618 482 178 499 201
boat 0.0474 471 150 499 177
boat 0.0393 0 151 23 215
boat 0.0384 0 153 20 270
boat 0.0349 53 109 160 217
boat 0.0236 462 150 500 210
boat 0.0215 484 155 500 179
boat 0.0188 0 148 45 214
boat 0.0121 453 128 495 197
boat 0.0107 1 113 264 226
boat 0.0091 35 207 126 258
boat 0.0084 482 125 499 165
boat 0.0083 0 146 98 260
boat 0.0067 0 227 15 270
boat 0.0056 475 70 500 183
boat 0.0053 464 202 486 216
boat 0.0050 0 151 22 182
boat 0.0047 490 178 499 195
boat 0.0042 53 114 128 185
boat 0.0042 482 192 499 205
boat 0.0028 50 56 114 145
boat 0.0025 424 26 495 211
boat 0.0025 455 154 488 225
boat 0.0023 52 115 118 147
boat 0.0021 456 128 471 160
boat 0.0020 136 179 168 209
boat 0.0019 17 57 150 147
boat 0.0019 484 181 494 196
boat 0.0018 3 105 488 327
boat 0.0016 155 213 274 272
boat 0.0015 463 157 491 194
boat 0.0014 0 182 15 215
boat 0.0014 0 147 41 181
boat 0.0011 0 210 15 218
boat 0.0011 475 163 493 197
boat 0.0011 460 148 498 168
boat 0.0010 453 53 499 203
boat 0.0010 459 148 472 161
chair 0.0017 0 291 68 331
chair 0.0011 178 137 250 147
pottedplant 0.0412 0 228 14 270
