person 0.9332 134 115 231 372
person 0.9089 264 88 368 371
person 0.8981 192 92 272 372
person 0.5902 312 77 322 90
person 0.5306 3 79 10 88
person 0.4133 331 81 339 92
person 0.3003 322 81 328 91
person 0.0735 480 93 485 97
person 0.0222 326 66 336 77
person 0.0196 458 91 463 94
person 0.0187 111 73 129 84
person 0.0139 479 93 499 100
person 0.0088 40 64 44 78
person 0.0069 325 71 335 91
person 0.0058 316 78 329 95
person 0.0050 302 84 309 89
person 0.0037 116 73 123 81
person 0.0034 316 136 368 352
person 0.0024 325 74 331 83
person 0.0019 133 157 160 302
person 0.0018 304 85 311 91
person 0.0016 139 115 195 177
person 0.0015 492 95 499 100
person 0.0014 479 92 492 98
person 0.0013 309 81 315 90
person 0.0012 140 92 242 175
person 0.0012 310 79 317 90
bicycle 0.3788 254 239 344 373
bicycle 0.0039 264 159 367 375
bicycle 0.0026 350 245 430 371
boat 0.4627 101 73 137 86
boat 0.3830 27 91 51 111
boat 0.1515 111 73 130 84
boat 0.0845 1 61 104 111
boat 0.0763 240 65 273 86
boat 0.0706 311 54 336 92
boat 0.0416 0 90 23 102
boat 0.0412 27 61 51 110
boat 0.0397 251 71 263 85
boat 0.0237 311 89 385 102
boat 0.0203 494 78 500 83
boat 0.0193 309 53 385 104
boat 0.0189 240 80 268 86
boat 0.0162 317 101 337 112
boat 0.0126 27 90 103 112
boat 0.0115 256 80 273 85
boat 0.0105 119 76 137 85
boat 0.0094 29 90 50 97
boat 0.0092 466 78 474 83
boat 0.0090 428 78 435 83
boat 0.0084 268 92 336 111
boat 0.0081 467 77 500 84
boat 0.0080 244 73 267 85
boat 0.0074 0 98 7 103
boat 0.0058 0 94 7 101
boat 0.0053 0 98 19 103
boat 0.0052 0 92 11 102
boat 0.0048 115 72 124 82
boat 0.0048 254 90 380 111
boat 0.0045 282 88 369 101
boat 0.0042 102 81 137 89
boat 0.0036 0 95 28 105
boat 0.0036 252 75 272 85
boat 0.0034 41 69 139 85
boat 0.0034 25 64 141 99
boat 0.0031 0 61 50 107
boat 0.0031 0 90 49 109
boat 0.0030 1 88 28 95
boat 0.0029 260 65 264 69
boat 0.0026 318 93 387 106
boat 0.0017 33 63 48 95
boat 0.0015 264 80 272 84
boat 0.0015 16 86 29 91
boat 0.0015 309 85 350 101
boat 0.0014 266 76 381 107
boat 0.0013 126 81 137 85
boat 0.0013 9 60 51 84
boat 0.0013 19 62 344 116
boat 0.0013 248 54 336 108
boat 0.0013 240 81 255 86
boat 0.0010 21 89 108 100
bottle 0.0017 235 264 268 299
