person 0.0081 1 224 197 371
person 0.0012 0 312 57 370
person 0.0011 0 222 58 368
bicycle 0.0022 447 216 499 244
cat 0.0014 0 227 199 371
dog 0.5853 0 82 489 342
dog 0.2172 0 222 222 368
dog 0.0062 1 95 334 276
dog 0.0050 114 74 500 252
dog 0.0016 405 212 480 304
chair 0.0029 0 1 96 115
sofa 0.0048 4 220 208 370
sofa 0.0037 -2 208 452 369
sofa 0.0018 0 314 110 371
sofa 0.0013 0 1 96 115
sofa 0.0012 0 314 56 370
sofa 0.0010 108 74 325 110
tvmonitor 0.0488 442 2 499 147
tvmonitor 0.0390 228 0 292 83
tvmonitor 0.0056 228 1 366 109
