person 0.0129 86 122 136 197
person 0.0027 84 94 136 279
person 0.0019 419 199 430 225
person 0.0014 85 50 173 292
person 0.0012 11 357 43 404
person 0.0010 0 9 43 288
person 0.0010 67 0 204 321
bus 0.0054 0 3 44 328
bus 0.0017 0 2 210 323
train 0.6944 1 0 444 328
train 0.4762 427 160 499 221
train 0.0066 426 166 461 223
train 0.0049 0 1 46 329
train 0.0048 428 160 499 191
train 0.0040 478 219 499 249
train 0.0019 359 117 426 204
train 0.0019 223 1 447 330
train 0.0014 459 221 499 328
train 0.0014 461 180 499 233
train 0.0011 426 194 464 226
chair 0.0030 0 172 47 328
