person 0.0818 139 113 144 127
person 0.0594 288 232 298 244
person 0.0462 273 186 282 205
person 0.0324 299 232 311 244
person 0.0300 175 106 182 126
person 0.0299 279 233 291 245
person 0.0294 243 111 249 120
person 0.0256 407 136 413 148
person 0.0157 268 190 274 204
person 0.0132 215 110 228 126
person 0.0105 41 139 46 146
person 0.0099 385 132 389 140
person 0.0096 455 146 470 157
person 0.0085 333 125 340 137
person 0.0066 397 132 401 140
person 0.0066 274 186 281 193
person 0.0055 290 231 298 240
person 0.0043 242 108 248 119
person 0.0041 243 181 248 188
person 0.0036 456 149 464 157
person 0.0035 231 175 235 191
person 0.0035 151 112 157 124
person 0.0035 243 105 249 114
person 0.0032 462 147 470 157
person 0.0025 475 149 480 161
person 0.0020 302 231 314 241
person 0.0020 135 111 141 127
person 0.0019 464 130 475 149
person 0.0018 288 230 306 243
person 0.0015 486 160 499 172
person 0.0015 486 160 499 188
person 0.0013 267 190 277 206
person 0.0012 260 187 267 205
person 0.0011 219 105 225 114
person 0.0011 278 232 286 243
person 0.0011 413 134 418 146
person 0.0010 463 133 472 155
person 0.0010 410 136 416 149
bicycle 0.0033 452 167 473 186
bicycle 0.0013 486 159 500 185
car 0.8739 175 175 208 206
car 0.8417 360 204 395 234
car 0.8326 172 154 194 174
car 0.7848 166 141 185 157
car 0.7297 262 130 303 143
car 0.6587 38 147 63 168
car 0.6558 169 130 185 144
car 0.6106 237 116 269 128
car 0.5272 89 121 113 133
car 0.3609 441 130 465 145
car 0.1803 12 146 26 163
car 0.1416 157 101 168 111
car 0.0852 459 122 475 137
car 0.0815 2 146 24 163
car 0.0750 492 127 499 148
car 0.0333 459 121 498 146
car 0.0328 19 143 39 164
car 0.0166 157 96 187 110
car 0.0111 479 127 499 150
car 0.0106 23 145 33 162
car 0.0073 208 115 217 122
car 0.0065 57 139 62 145
car 0.0064 456 146 469 157
car 0.0063 473 134 486 150
car 0.0047 24 145 42 175
car 0.0038 173 106 179 112
car 0.0032 210 114 229 125
car 0.0025 462 121 487 137
car 0.0024 231 171 250 190
car 0.0021 157 97 166 109
car 0.0020 459 126 475 149
car 0.0020 232 171 248 178
car 0.0018 366 126 371 133
car 0.0016 12 145 31 174
car 0.0015 463 130 474 144
car 0.0014 195 102 209 109
car 0.0013 366 126 379 135
car 0.0012 41 139 61 147
car 0.0012 373 126 380 137
car 0.0012 175 95 182 100
car 0.0010 165 104 190 113
car 0.0010 172 128 185 136
car 0.0010 0 146 24 177
car 0.0010 478 120 500 138
bird 0.0049 486 160 499 177
horse 0.0045 486 160 499 178
