person 0.0781 404 48 423 68
person 0.0319 230 113 238 126
person 0.0144 390 81 398 96
person 0.0094 208 113 223 127
person 0.0071 222 113 233 127
person 0.0047 419 48 430 68
person 0.0034 404 56 412 68
person 0.0023 233 112 241 125
person 0.0017 218 111 239 129
person 0.0010 333 58 343 79
horse 0.0014 318 59 341 79
chair 0.1260 480 236 499 331
chair 0.0884 385 233 482 331
chair 0.0534 0 256 29 330
chair 0.0309 481 278 499 304
chair 0.0022 483 233 499 282
chair 0.0020 491 236 500 280
chair 0.0010 458 228 502 331
sofa 0.0198 0 256 29 330
tvmonitor 0.8425 325 131 384 185
tvmonitor 0.8345 379 136 443 190
tvmonitor 0.7909 199 103 247 144
tvmonitor 0.0696 399 180 447 224
tvmonitor 0.0157 326 156 380 184
tvmonitor 0.0056 323 131 438 191
tvmonitor 0.0038 483 61 499 102
tvmonitor 0.0037 453 59 500 102
tvmonitor 0.0024 13 49 191 121
tvmonitor 0.0020 329 132 383 159
tvmonitor 0.0018 357 143 370 156
