person 0.9456 171 238 331 500
person 0.1149 149 278 166 304
person 0.0991 0 488 9 499
person 0.0079 65 248 71 268
person 0.0045 119 254 146 281
person 0.0041 119 249 156 292
person 0.0040 127 247 164 280
person 0.0037 128 248 147 271
person 0.0033 60 246 70 309
person 0.0030 173 238 331 345
person 0.0027 71 249 87 266
person 0.0021 63 248 71 279
person 0.0018 69 251 98 292
person 0.0015 148 256 167 302
person 0.0014 0 474 9 499
person 0.0014 233 214 255 241
person 0.0013 88 255 100 269
person 0.0011 183 217 191 249
person 0.0011 70 248 100 269
person 0.0011 257 168 333 398
person 0.0011 0 488 22 500
person 0.0010 18 263 29 280
bus 0.9661 59 175 332 403
bus 0.0077 94 180 172 201
bus 0.0010 77 173 330 205
