person 0.0665 89 338 426 371
person 0.0120 486 342 499 373
person 0.0040 276 332 500 371
person 0.0017 303 339 427 372
person 0.0014 1 321 439 372
person 0.0014 453 334 499 373
person 0.0013 445 149 499 367
bottle 0.0314 284 0 343 29
diningtable 0.5116 8 1 497 369
diningtable 0.0239 355 2 499 359
diningtable 0.0070 354 1 499 144
diningtable 0.0050 72 45 163 341
diningtable 0.0046 77 -47 503 239
diningtable 0.0046 0 3 84 359
diningtable 0.0040 244 4 482 352
diningtable 0.0037 2 17 171 347
diningtable 0.0024 92 61 135 306
diningtable 0.0017 424 29 499 346
diningtable 0.0014 429 146 500 259
diningtable 0.0013 333 159 440 300
diningtable 0.0013 31 0 477 149
diningtable 0.0012 5 177 493 363
diningtable 0.0010 326 150 500 349
