person 0.0018 168 1 199 76
pottedplant 0.8885 90 256 223 447
pottedplant 0.7539 0 212 124 370
pottedplant 0.7535 77 363 144 459
pottedplant 0.7343 218 377 304 421
pottedplant 0.6287 199 18 332 401
pottedplant 0.4410 184 312 238 411
pottedplant 0.3904 64 34 248 420
pottedplant 0.3771 25 347 97 437
pottedplant 0.1281 15 349 47 414
pottedplant 0.0886 154 248 238 412
pottedplant 0.0483 25 388 44 414
pottedplant 0.0354 125 367 199 448
pottedplant 0.0293 221 240 330 398
pottedplant 0.0285 16 310 106 419
pottedplant 0.0188 16 299 117 375
pottedplant 0.0169 2 413 80 499
pottedplant 0.0119 272 259 331 322
pottedplant 0.0103 26 355 146 450
pottedplant 0.0072 41 400 95 440
pottedplant 0.0060 65 19 332 293
pottedplant 0.0044 -5 211 194 425
pottedplant 0.0043 150 233 217 294
pottedplant 0.0034 234 309 323 399
pottedplant 0.0023 217 256 284 313
pottedplant 0.0023 145 108 250 353
pottedplant 0.0022 109 237 162 279
pottedplant 0.0020 151 242 237 315
pottedplant 0.0020 17 333 72 412
pottedplant 0.0019 150 186 244 298
pottedplant 0.0018 22 414 55 447
pottedplant 0.0017 25 412 73 455
pottedplant 0.0016 120 188 164 275
pottedplant 0.0014 98 238 151 301
pottedplant 0.0013 167 -1 226 129
pottedplant 0.0013 316 265 335 468
pottedplant 0.0013 65 34 207 273
pottedplant 0.0011 86 160 231 325
pottedplant 0.0010 68 414 94 440
