person 0.8560 256 18 428 253
person 0.3005 463 290 499 372
person 0.0045 460 132 499 371
car 0.0028 265 53 289 62
car 0.0010 238 31 290 61
bird 0.0010 373 304 401 327
bottle 0.9233 304 184 347 326
bottle 0.8566 268 170 305 247
bottle 0.0642 254 182 274 222
bottle 0.0476 309 164 353 211
bottle 0.0281 311 165 331 198
bottle 0.0279 317 166 330 187
bottle 0.0215 236 164 316 354
bottle 0.0062 336 174 354 211
bottle 0.0050 267 169 312 327
bottle 0.0047 304 183 347 255
bottle 0.0030 304 161 387 230
bottle 0.0026 287 163 366 254
bottle 0.0021 296 172 315 210
bottle 0.0021 307 182 347 214
bottle 0.0018 275 170 305 209
bottle 0.0011 238 182 273 226
chair 0.9278 0 36 111 140
chair 0.9032 87 21 192 150
chair 0.3317 203 121 275 178
chair 0.3043 0 116 124 322
chair 0.1940 0 65 15 118
chair 0.1359 143 44 191 88
chair 0.0967 0 117 123 202
chair 0.0775 465 290 499 371
chair 0.0332 0 43 23 118
chair 0.0306 137 43 192 141
chair 0.0278 0 300 156 373
chair 0.0197 87 48 122 144
chair 0.0140 344 125 500 314
chair 0.0123 6 132 255 371
chair 0.0103 0 243 67 349
chair 0.0091 0 243 48 309
chair 0.0080 190 59 293 130
chair 0.0058 0 295 67 366
chair 0.0054 205 119 397 251
chair 0.0053 89 23 191 84
chair 0.0041 87 20 157 68
chair 0.0033 204 120 326 187
chair 0.0032 132 94 190 150
chair 0.0028 87 36 121 74
chair 0.0026 0 38 51 118
chair 0.0025 0 97 10 118
chair 0.0023 143 61 178 85
chair 0.0022 217 164 261 195
chair 0.0017 32 105 105 134
chair 0.0015 0 47 14 66
chair 0.0013 0 36 80 70
chair 0.0013 0 57 11 100
chair 0.0013 100 65 121 140
chair 0.0011 91 33 146 105
chair 0.0010 0 62 10 82
sofa 0.4661 132 120 491 371
sofa 0.3910 344 128 500 367
sofa 0.2090 0 117 124 274
sofa 0.0448 203 122 276 178
sofa 0.0369 465 290 499 372
sofa 0.0208 198 85 421 312
sofa 0.0069 22 105 461 276
sofa 0.0021 2 110 269 329
sofa 0.0016 439 131 499 370
sofa 0.0014 1 114 274 194
pottedplant 0.0017 484 91 499 119
diningtable 0.2342 135 280 464 371
diningtable 0.0383 131 166 476 371
diningtable 0.0150 87 48 122 144
diningtable 0.0049 0 36 83 72
diningtable 0.0044 87 48 117 70
diningtable 0.0035 87 21 192 150
diningtable 0.0031 87 45 119 98
diningtable 0.0030 0 37 96 122
diningtable 0.0018 0 35 73 56
diningtable 0.0018 192 60 293 168
diningtable 0.0015 0 49 15 108
diningtable 0.0011 280 263 463 373
