person 0.0669 385 75 394 89
person 0.0120 205 114 240 140
person 0.0057 0 -3 98 292
person 0.0049 285 109 296 124
person 0.0048 205 121 229 140
person 0.0044 143 106 149 114
person 0.0033 409 -16 498 278
person 0.0024 275 165 297 178
person 0.0023 286 165 299 178
person 0.0019 372 168 380 178
person 0.0017 360 83 368 97
person 0.0015 221 73 228 85
person 0.0010 170 123 192 140
person 0.0010 204 126 218 140
person 0.0010 271 165 285 178
person 0.0010 198 72 203 80
car 0.9207 101 103 390 232
car 0.0171 -1 8 393 295
tvmonitor 0.0135 -1 6 394 294
tvmonitor 0.0126 407 1 499 280
tvmonitor 0.0032 463 0 499 54
tvmonitor 0.0019 285 287 493 299
tvmonitor 0.0016 461 1 499 109
tvmonitor 0.0011 1 166 491 293
tvmonitor 0.0010 459 288 499 299
