person 0.0056 124 220 129 228
person 0.0048 421 219 425 231
person 0.0044 131 219 137 229
person 0.0024 125 219 132 228
person 0.0012 224 115 232 123
car 0.1171 256 212 288 225
car 0.0542 252 215 275 226
car 0.0053 252 218 266 226
car 0.0033 267 213 298 224
car 0.0031 268 212 287 221
car 0.0014 0 211 17 220
car 0.0013 285 218 297 224
car 0.0010 29 200 56 218
aeroplane 0.7155 1 97 497 259
aeroplane 0.5200 0 142 129 228
aeroplane 0.0745 252 212 290 225
aeroplane 0.0636 372 140 499 224
aeroplane 0.0141 243 139 498 257
aeroplane 0.0068 68 150 249 257
aeroplane 0.0035 412 140 500 202
aeroplane 0.0033 0 193 56 226
aeroplane 0.0029 1 141 88 199
aeroplane 0.0025 0 118 216 254
aeroplane 0.0024 19 196 58 218
