person 0.0025 356 484 375 499
bottle 0.9492 203 345 261 500
bottle 0.9231 299 387 361 499
bottle 0.0224 312 487 332 500
bottle 0.0068 312 465 333 500
bottle 0.0033 356 449 374 499
bottle 0.0012 365 450 374 499
bottle 0.0012 309 458 347 500
chair 0.0751 0 429 41 481
chair 0.0210 0 273 39 479
chair 0.0074 0 435 93 499
chair 0.0059 0 430 23 461
pottedplant 0.0686 130 104 236 309
diningtable 0.6761 0 243 378 498
diningtable 0.0082 14 56 352 444
diningtable 0.0073 265 447 371 500
diningtable 0.0060 1 386 202 499
diningtable 0.0033 299 374 373 498
diningtable 0.0019 76 136 291 392
