person 0.0076 425 67 448 88
person 0.0046 417 63 444 99
person 0.0020 414 61 426 94
person 0.0019 484 9 499 99
person 0.0018 319 54 400 103
person 0.0014 487 11 500 54
car 0.9354 22 25 494 311
car 0.3421 0 2 238 210
car 0.2144 0 63 37 223
car 0.1875 459 43 499 102
car 0.0802 476 51 500 102
car 0.0659 0 59 10 75
car 0.0358 -3 6 470 168
car 0.0275 0 62 21 124
car 0.0165 456 45 491 64
car 0.0142 376 2 499 103
car 0.0142 479 8 500 101
car 0.0139 447 1 500 102
car 0.0050 0 65 12 86
car 0.0030 0 3 11 73
car 0.0030 0 66 11 77
car 0.0025 488 8 499 48
car 0.0019 0 47 13 87
car 0.0014 488 56 499 99
car 0.0013 5 226 495 320
car 0.0010 490 8 499 20
