bicycle 0.0107 0 321 116 373
car 0.0131 0 321 115 374
cat 0.0646 0 323 26 373
cat 0.0095 1 318 118 373
cat 0.0012 72 321 117 374
dog 0.0830 0 323 25 374
dog 0.0077 0 320 117 374
horse 0.1202 178 92 329 206
cow 0.7555 178 93 330 205
bottle 0.0018 86 22 92 33
chair 0.0472 0 323 26 374
chair 0.0110 0 319 117 373
pottedplant 0.4031 280 96 499 372
pottedplant 0.3411 37 160 242 371
pottedplant 0.0352 351 329 445 374
pottedplant 0.0134 0 319 117 373
pottedplant 0.0036 251 338 288 374
pottedplant 0.0014 66 279 116 371
pottedplant 0.0012 52 258 274 374
pottedplant 0.0011 38 174 77 255
pottedplant 0.0011 2 169 78 259
