person 0.7576 428 162 453 220
person 0.7386 90 179 111 217
person 0.7080 122 179 134 213
person 0.7016 115 179 126 216
person 0.6971 262 172 275 207
person 0.6893 246 170 257 204
person 0.6725 141 177 150 202
person 0.6206 163 176 174 194
person 0.5143 151 178 162 203
person 0.4918 191 179 200 203
person 0.4784 398 164 416 204
person 0.4487 222 175 233 201
person 0.3795 82 181 92 198
person 0.3133 241 174 249 203
person 0.1852 174 178 180 194
person 0.1708 35 200 43 211
person 0.1543 179 178 187 194
person 0.0952 232 175 240 190
person 0.0918 401 163 416 187
person 0.0414 75 180 92 201
person 0.0390 396 164 408 189
person 0.0213 218 174 226 195
person 0.0196 198 180 206 201
person 0.0195 35 199 45 227
person 0.0194 240 174 245 189
person 0.0191 428 163 453 190
person 0.0179 400 164 409 182
person 0.0177 181 197 193 206
person 0.0163 241 174 247 187
person 0.0150 209 168 223 193
person 0.0150 395 165 405 201
person 0.0140 401 163 408 172
person 0.0137 82 179 93 217
person 0.0127 238 175 243 188
person 0.0104 395 164 404 182
person 0.0095 54 197 60 207
person 0.0094 44 199 50 208
person 0.0087 155 176 161 185
person 0.0081 223 175 232 188
person 0.0071 68 181 93 214
person 0.0070 260 173 266 202
person 0.0065 123 179 131 195
person 0.0062 174 178 179 186
person 0.0051 50 198 58 207
person 0.0049 488 154 494 166
person 0.0045 407 168 416 187
person 0.0042 36 200 60 229
person 0.0036 448 149 458 164
person 0.0035 231 181 241 201
person 0.0030 210 181 224 200
person 0.0030 212 172 220 191
person 0.0029 477 154 482 168
person 0.0028 40 199 55 208
person 0.0025 96 179 103 187
person 0.0023 396 163 401 171
person 0.0023 246 173 257 191
person 0.0023 304 295 362 372
person 0.0022 415 152 460 213
person 0.0020 479 154 491 167
person 0.0019 199 181 205 193
person 0.0019 264 171 269 179
person 0.0018 452 149 462 164
person 0.0018 0 246 4 257
person 0.0018 442 171 453 188
person 0.0017 185 178 191 193
person 0.0017 439 153 452 169
person 0.0016 58 197 89 211
person 0.0016 118 179 123 186
person 0.0015 435 155 449 171
person 0.0015 493 176 499 189
person 0.0015 219 179 227 200
person 0.0014 209 169 216 190
person 0.0014 192 178 197 187
person 0.0014 248 169 255 178
person 0.0014 124 179 129 185
person 0.0013 484 172 498 192
person 0.0011 494 171 499 185
person 0.0011 117 180 124 190
person 0.0011 218 171 224 179
person 0.0010 94 179 103 191
person 0.0010 141 176 148 190
bicycle 0.6106 428 188 452 232
bicycle 0.3149 399 185 416 213
bicycle 0.2215 297 48 384 115
bicycle 0.1199 414 188 433 219
bicycle 0.1071 400 184 432 216
bicycle 0.0963 448 190 465 230
bicycle 0.0213 422 190 434 223
bicycle 0.0158 361 193 382 209
bicycle 0.0082 403 181 426 203
bicycle 0.0080 415 188 432 203
bicycle 0.0078 470 197 499 230
bicycle 0.0075 345 73 385 111
bicycle 0.0064 388 183 410 211
bicycle 0.0055 449 191 499 235
bicycle 0.0055 450 190 478 228
bicycle 0.0050 363 189 399 210
bicycle 0.0049 383 178 401 209
bicycle 0.0047 408 183 417 198
bicycle 0.0044 242 183 250 203
bicycle 0.0043 128 194 139 210
bicycle 0.0042 376 188 393 210
bicycle 0.0041 398 177 409 208
bicycle 0.0041 214 189 227 201
bicycle 0.0038 408 188 419 216
bicycle 0.0034 380 191 389 210
bicycle 0.0029 429 191 441 227
bicycle 0.0028 381 182 400 200
bicycle 0.0025 411 197 418 217
bicycle 0.0024 436 185 452 207
bicycle 0.0023 359 198 374 209
bicycle 0.0021 394 173 406 206
bicycle 0.0018 229 190 241 202
bicycle 0.0016 485 212 500 231
bicycle 0.0016 364 186 423 213
bicycle 0.0016 394 186 404 208
bicycle 0.0016 122 195 132 213
bicycle 0.0015 395 183 403 200
bicycle 0.0013 422 174 430 193
bicycle 0.0012 424 181 431 194
bicycle 0.0012 361 171 402 210
bicycle 0.0011 382 190 398 211
bicycle 0.0011 115 196 125 217
bicycle 0.0010 424 190 433 201
bicycle 0.0010 422 179 434 200
car 0.8793 464 168 500 231
car 0.7156 458 166 499 202
car 0.0051 476 198 499 230
car 0.0041 491 212 499 230
car 0.0037 58 197 89 211
car 0.0033 448 178 468 200
car 0.0028 479 153 492 167
car 0.0026 442 172 453 191
car 0.0024 492 153 499 165
car 0.0019 427 172 435 189
car 0.0017 478 164 500 170
car 0.0017 473 167 496 179
car 0.0017 268 160 296 192
car 0.0012 480 211 499 231
car 0.0012 436 166 477 200
car 0.0010 492 163 499 169
bus 0.8372 394 130 478 196
bus 0.0509 474 136 492 168
bus 0.0064 268 154 296 190
bus 0.0028 491 153 499 166
bus 0.0016 484 124 500 167
boat 0.0907 0 169 21 184
boat 0.0730 0 176 5 191
boat 0.0434 0 249 45 264
boat 0.0082 60 197 90 211
boat 0.0033 59 184 92 210
boat 0.0017 0 196 44 224
boat 0.0015 0 174 14 201
boat 0.0011 0 171 6 176
chair 0.2669 89 228 126 269
chair 0.1365 78 232 107 272
chair 0.0207 93 226 154 262
chair 0.0200 143 230 174 251
chair 0.0159 99 246 128 270
chair 0.0117 85 200 109 230
chair 0.0109 81 203 125 267
chair 0.0105 94 227 121 251
chair 0.0082 118 244 152 273
chair 0.0080 142 231 158 250
chair 0.0076 60 217 104 269
chair 0.0063 120 243 153 260
chair 0.0052 93 204 111 225
chair 0.0050 214 189 227 201
chair 0.0044 49 218 81 261
chair 0.0042 90 228 107 255
chair 0.0023 103 247 123 261
chair 0.0023 229 190 241 205
chair 0.0020 98 205 122 224
chair 0.0020 154 216 219 256
chair 0.0017 104 192 117 213
chair 0.0016 37 203 60 229
chair 0.0010 57 70 71 86
chair 0.0010 110 246 131 264
chair 0.0010 109 217 210 252
pottedplant 0.0024 485 124 500 159
pottedplant 0.0014 489 124 499 145
diningtable 0.0048 157 212 225 241
diningtable 0.0028 118 240 153 260
diningtable 0.0027 191 213 225 224
diningtable 0.0024 0 250 45 270
diningtable 0.0012 98 216 158 258
