person 0.8737 189 114 238 282
person 0.0047 228 127 241 202
person 0.0037 194 116 239 204
person 0.0017 164 112 214 289
bottle 0.3022 124 158 135 183
bottle 0.0296 71 146 76 155
bottle 0.0183 171 168 176 187
bottle 0.0134 135 172 144 185
bottle 0.0104 186 87 192 100
bottle 0.0086 67 147 79 158
bottle 0.0085 173 168 179 188
bottle 0.0052 45 133 51 148
bottle 0.0037 191 91 196 101
bottle 0.0030 71 134 79 156
bottle 0.0028 186 118 190 128
bottle 0.0026 193 170 202 180
bottle 0.0022 182 114 187 127
bottle 0.0020 168 175 174 188
bottle 0.0019 189 118 194 128
bottle 0.0017 177 166 187 188
bottle 0.0014 184 107 194 118
bottle 0.0014 181 172 194 189
bottle 0.0013 186 106 196 128
bottle 0.0010 25 156 35 180
chair 0.9260 271 169 348 331
chair 0.8590 390 172 458 325
chair 0.4050 321 191 398 312
chair 0.1033 267 170 325 198
chair 0.0775 254 238 281 289
chair 0.0729 320 189 359 196
chair 0.0246 435 172 447 203
chair 0.0225 312 192 414 246
chair 0.0149 247 195 328 297
chair 0.0063 224 198 281 309
chair 0.0048 435 171 447 248
chair 0.0037 377 190 407 316
chair 0.0031 267 173 327 243
chair 0.0030 347 189 440 325
chair 0.0023 425 174 458 327
chair 0.0021 378 191 411 244
chair 0.0021 331 242 399 311
chair 0.0020 396 245 458 323
chair 0.0018 235 186 385 254
chair 0.0016 363 194 400 272
chair 0.0015 325 190 361 239
chair 0.0014 422 171 448 251
pottedplant 0.0096 130 77 149 111
pottedplant 0.0018 184 106 195 119
diningtable 0.7652 224 193 444 324
diningtable 0.3129 224 195 441 243
diningtable 0.0611 224 197 280 240
diningtable 0.0423 223 198 281 307
diningtable 0.0071 233 196 349 241
diningtable 0.0049 223 197 338 310
diningtable 0.0017 241 187 300 199
diningtable 0.0017 275 191 361 204
diningtable 0.0016 320 193 396 245
diningtable 0.0013 268 191 444 206
tvmonitor 0.0065 67 12 181 144
