person 0.9377 1 124 300 411
person 0.8979 133 13 330 257
person 0.0349 186 240 298 381
person 0.0069 248 137 329 197
person 0.0034 157 193 301 358
person 0.0027 139 241 329 413
person 0.0025 0 182 22 213
person 0.0022 235 238 335 418
person 0.0019 205 294 293 363
person 0.0016 215 39 328 149
person 0.0012 0 159 70 453
person 0.0011 145 94 332 349
person 0.0010 0 0 32 59
bottle 0.0017 303 164 311 181
chair 0.0094 253 240 333 416
chair 0.0094 1 -1 155 215
chair 0.0020 194 0 326 71
chair 0.0013 283 327 315 409
sofa 0.4281 0 0 326 208
sofa 0.3764 0 237 333 498
sofa 0.2398 -2 7 323 439
sofa 0.0825 236 242 333 417
sofa 0.0291 0 0 161 205
sofa 0.0184 194 0 327 64
sofa 0.0122 211 38 327 149
sofa 0.0073 0 2 166 487
sofa 0.0052 0 407 333 499
sofa 0.0047 0 0 63 498
sofa 0.0021 2 0 327 69
sofa 0.0020 133 240 332 414
sofa 0.0013 131 -13 332 259
sofa 0.0012 1 124 214 406
sofa 0.0010 285 245 331 417
diningtable 0.0015 2 404 329 499
tvmonitor 0.0021 0 0 30 32
