person 0.8983 451 188 473 244
person 0.8422 4 193 25 240
person 0.4389 339 168 366 200
person 0.2278 0 307 42 372
person 0.0613 451 190 461 241
person 0.0562 239 151 325 239
person 0.0212 338 103 348 122
person 0.0211 188 166 208 201
person 0.0165 16 192 23 201
person 0.0057 451 200 460 226
person 0.0044 452 191 464 218
person 0.0043 206 212 254 279
person 0.0037 20 199 26 234
person 0.0026 244 152 353 282
person 0.0025 5 193 24 218
person 0.0022 188 156 233 243
person 0.0020 17 193 26 217
person 0.0016 0 306 132 373
person 0.0013 337 101 348 137
person 0.0012 144 146 356 291
person 0.0012 21 212 26 229
person 0.0012 154 169 183 205
person 0.0011 21 200 26 218
person 0.0011 453 190 464 206
person 0.0011 237 152 283 206
person 0.0010 257 165 278 188
bicycle 0.0025 18 216 27 239
bicycle 0.0010 5 216 23 239
bus 0.8715 22 92 419 297
bird 0.0029 255 215 350 281
cat 0.0034 243 210 348 281
dog 0.0180 187 159 231 248
dog 0.0066 206 212 254 279
dog 0.0024 149 201 203 258
dog 0.0022 240 169 348 282
dog 0.0015 188 167 208 201
dog 0.0010 275 219 349 283
horse 0.0275 187 160 231 249
horse 0.0010 275 219 349 282
cow 0.0012 197 163 231 230
