person 0.9239 41 14 215 326
person 0.9209 217 46 348 306
person 0.9008 307 34 445 328
person 0.0154 303 37 421 208
person 0.0145 152 53 474 311
person 0.0066 0 280 17 331
person 0.0027 362 94 499 318
person 0.0023 0 280 55 331
person 0.0018 244 13 414 333
bottle 0.1682 262 315 303 332
bottle 0.1651 445 281 497 332
bottle 0.0745 446 281 475 311
bottle 0.0617 456 299 497 324
bottle 0.0520 445 306 497 332
bottle 0.0258 458 299 487 316
bottle 0.0060 0 281 17 331
bottle 0.0041 489 317 499 332
bottle 0.0037 457 299 475 312
bottle 0.0025 476 309 496 332
bottle 0.0025 457 281 474 297
bottle 0.0017 469 299 494 319
chair 0.1730 457 74 499 187
chair 0.0134 0 111 9 142
chair 0.0086 405 95 500 305
chair 0.0011 0 86 98 308
sofa 0.6663 1 75 496 328
sofa 0.6151 457 74 499 188
sofa 0.2895 410 95 499 306
sofa 0.0701 158 50 384 316
sofa 0.0271 0 83 250 325
sofa 0.0180 0 84 104 307
sofa 0.0108 454 78 500 309
sofa 0.0053 3 69 498 168
sofa 0.0037 290 57 443 325
sofa 0.0020 0 217 499 328
sofa 0.0020 465 242 499 272
sofa 0.0013 0 280 56 331
diningtable 0.0019 -3 302 193 332
