person 0.9288 228 35 380 245
person 0.9036 83 81 201 371
person 0.3961 159 75 260 297
person 0.1258 160 75 247 160
person 0.0025 110 79 263 377
person 0.0025 493 235 499 274
person 0.0017 496 235 500 250
dog 0.8502 165 147 264 296
bottle 0.0441 375 53 394 83
bottle 0.0061 384 52 395 82
bottle 0.0029 46 93 65 116
bottle 0.0021 386 61 393 82
bottle 0.0012 375 60 385 82
bottle 0.0010 392 48 400 82
chair 0.0104 160 94 183 134
chair 0.0058 493 344 499 374
chair 0.0044 1 42 180 275
chair 0.0035 372 115 392 136
chair 0.0017 1 50 57 73
chair 0.0015 20 68 180 137
chair 0.0012 0 91 26 118
sofa 0.6608 0 54 181 128
sofa 0.0022 -1 88 165 115
sofa 0.0022 0 52 92 111
sofa 0.0022 0 55 45 111
sofa 0.0021 0 44 172 98
sofa 0.0019 0 91 22 112
sofa 0.0011 28 70 113 112
diningtable 0.8212 0 108 118 290
diningtable 0.0181 0 109 117 183
diningtable 0.0041 393 198 499 368
diningtable 0.0030 1 63 192 289
diningtable 0.0012 356 77 407 147
tvmonitor 0.9531 407 7 499 279
