person 0.6510 103 334 149 476
person 0.5030 68 333 109 477
person 0.3329 185 333 282 475
person 0.1164 244 348 286 416
person 0.0610 69 333 107 406
person 0.0533 102 334 146 405
person 0.0491 253 349 282 379
person 0.0370 155 340 205 474
person 0.0364 230 346 285 476
person 0.0291 181 337 206 407
person 0.0278 203 333 258 415
person 0.0254 160 339 203 408
person 0.0216 182 336 233 473
person 0.0179 184 337 206 377
person 0.0175 181 338 208 474
person 0.0172 202 334 235 403
person 0.0097 103 335 137 373
person 0.0092 157 343 176 401
person 0.0080 210 334 230 367
person 0.0074 184 335 225 406
person 0.0049 191 337 206 367
person 0.0039 139 342 174 473
person 0.0036 210 351 219 367
person 0.0031 144 348 174 415
person 0.0030 209 337 220 367
person 0.0029 167 344 175 368
person 0.0027 235 340 283 382
person 0.0024 115 308 248 478
person 0.0016 72 333 104 375
person 0.0015 183 383 220 465
person 0.0015 197 336 219 368
person 0.0015 164 344 175 387
person 0.0014 73 333 137 406
person 0.0013 241 351 258 365
person 0.0013 166 339 202 370
person 0.0012 207 330 281 391
person 0.0011 108 341 172 416
person 0.0010 115 336 136 368
person 0.0010 156 340 177 454
person 0.0010 41 328 335 490
bottle 0.8621 288 397 319 490
bottle 0.7691 264 409 290 490
bottle 0.5175 77 403 104 479
bottle 0.4022 238 402 264 479
bottle 0.2472 159 388 178 478
bottle 0.1397 105 421 127 477
bottle 0.0800 258 428 273 475
bottle 0.0503 160 388 176 442
bottle 0.0481 281 400 289 428
bottle 0.0233 219 436 240 480
bottle 0.0132 308 408 320 485
bottle 0.0127 250 427 264 478
bottle 0.0120 207 423 231 476
bottle 0.0113 216 404 243 478
bottle 0.0097 258 420 268 464
bottle 0.0097 289 396 309 436
bottle 0.0087 241 401 262 444
bottle 0.0082 182 401 206 475
bottle 0.0082 263 412 279 478
bottle 0.0080 234 347 281 481
bottle 0.0061 251 403 266 456
bottle 0.0061 288 416 304 487
bottle 0.0051 94 416 104 477
bottle 0.0049 241 449 264 480
bottle 0.0048 313 407 323 486
bottle 0.0047 228 399 254 472
bottle 0.0047 228 402 250 442
bottle 0.0043 185 420 229 480
bottle 0.0038 81 387 131 479
bottle 0.0036 110 418 121 446
bottle 0.0032 259 400 275 433
bottle 0.0029 267 413 276 428
bottle 0.0029 135 438 157 477
bottle 0.0028 254 400 266 419
bottle 0.0026 249 462 264 480
bottle 0.0025 265 398 276 425
bottle 0.0024 130 398 158 473
bottle 0.0022 265 433 276 474
bottle 0.0021 182 383 209 451
bottle 0.0021 183 452 207 479
bottle 0.0021 258 406 265 426
bottle 0.0020 246 401 260 419
bottle 0.0018 95 433 105 470
bottle 0.0016 294 396 308 424
bottle 0.0015 113 402 142 468
bottle 0.0015 275 408 283 426
bottle 0.0014 256 399 271 458
bottle 0.0013 118 420 133 477
bottle 0.0013 285 429 294 480
bottle 0.0012 132 437 145 471
bottle 0.0012 233 440 243 476
bottle 0.0011 196 436 210 467
bottle 0.0011 215 461 233 480
bottle 0.0011 308 420 319 459
bottle 0.0011 72 336 106 481
bottle 0.0010 76 403 104 440
bottle 0.0010 313 492 354 499
bottle 0.0010 111 397 130 459
bottle 0.0010 187 441 203 467
