person 0.8655 190 29 283 223
person 0.3307 27 171 48 198
person 0.3019 14 171 49 218
person 0.0397 47 169 66 197
person 0.0130 55 171 73 197
person 0.0087 13 174 31 219
person 0.0016 468 252 479 351
person 0.0015 470 248 479 310
person 0.0015 13 199 29 217
person 0.0014 390 145 400 166
person 0.0013 27 171 37 185
person 0.0013 32 170 66 227
person 0.0010 70 172 81 197
bird 0.0069 474 341 479 352
bird 0.0032 470 287 479 309
horse 0.8474 84 114 432 357
horse 0.0071 296 159 479 264
horse 0.0040 415 95 479 389
horse 0.0014 302 212 405 276
horse 0.0013 296 144 479 366
chair 0.0173 294 220 385 278
chair 0.0011 412 295 479 392
chair 0.0010 470 288 479 352
chair 0.0010 309 243 377 277
