person 0.0076 492 158 499 212
bottle 0.2883 326 0 499 71
bottle 0.0215 326 0 405 71
bottle 0.0039 327 0 362 71
bottle 0.0021 0 2 62 113
bottle 0.0013 216 0 326 19
pottedplant 0.4052 233 132 480 370
pottedplant 0.1853 140 32 499 369
pottedplant 0.1066 466 156 499 358
pottedplant 0.0400 0 39 324 366
pottedplant 0.0352 328 0 499 70
pottedplant 0.0345 0 151 246 371
pottedplant 0.0123 474 235 499 355
pottedplant 0.0111 320 32 500 323
pottedplant 0.0101 127 36 349 181
pottedplant 0.0077 417 1 499 68
pottedplant 0.0076 147 37 500 201
pottedplant 0.0075 456 157 500 250
pottedplant 0.0049 398 154 499 359
pottedplant 0.0039 463 40 499 67
pottedplant 0.0020 27 40 188 329
pottedplant 0.0015 323 143 473 297
pottedplant 0.0013 2 13 326 185
pottedplant 0.0012 195 72 394 352
pottedplant 0.0010 442 229 500 367
pottedplant 0.0010 477 152 500 272
diningtable 0.0158 2 2 497 85
diningtable 0.0068 -3 244 495 369
diningtable 0.0061 3 16 498 176
diningtable 0.0011 396 85 499 163
