person 0.8538 219 22 499 370
person 0.0194 452 167 499 254
person 0.0084 1 331 215 373
person 0.0079 383 350 499 373
person 0.0059 436 40 499 255
person 0.0037 426 172 500 299
person 0.0030 0 335 87 373
person 0.0024 6 28 363 369
person 0.0023 1 239 225 370
person 0.0018 2 287 333 371
person 0.0016 310 289 500 372
person 0.0016 382 165 499 367
person 0.0011 380 311 500 372
dog 0.5232 6 134 239 369
dog 0.0455 13 133 471 369
dog 0.0018 226 22 498 251
chair 0.0074 440 42 498 188
chair 0.0046 456 169 499 236
chair 0.0039 494 153 499 191
chair 0.0013 485 73 499 189
chair 0.0010 487 147 499 191
chair 0.0010 492 130 499 190
sofa 0.0467 0 330 225 372
sofa 0.0135 452 167 499 254
sofa 0.0134 18 139 501 371
sofa 0.0088 0 335 87 372
sofa 0.0068 381 351 500 373
sofa 0.0051 383 170 499 370
sofa 0.0040 2 312 493 373
sofa 0.0021 229 175 499 371
sofa 0.0015 381 289 499 371
sofa 0.0014 0 308 32 364
sofa 0.0011 242 276 499 372
pottedplant 0.0327 439 43 495 110
pottedplant 0.0290 435 21 498 189
pottedplant 0.0145 423 1 497 108
pottedplant 0.0031 458 43 495 93
pottedplant 0.0025 380 5 500 192
pottedplant 0.0013 465 25 499 163
