person 0.0520 38 260 46 272
person 0.0418 160 273 166 285
person 0.0262 134 244 142 255
person 0.0147 144 249 151 258
person 0.0142 314 414 329 432
person 0.0141 176 267 183 277
person 0.0097 118 246 130 260
person 0.0078 130 243 137 254
person 0.0075 161 215 170 228
person 0.0069 48 262 57 272
person 0.0063 172 214 177 225
person 0.0062 111 246 123 261
person 0.0061 167 214 173 227
person 0.0034 32 260 41 271
person 0.0033 126 244 133 253
person 0.0033 163 251 169 264
person 0.0033 263 494 271 499
person 0.0032 180 267 185 276
person 0.0030 148 247 155 258
person 0.0027 141 249 150 260
person 0.0025 118 245 126 256
person 0.0025 166 251 170 260
person 0.0024 54 261 61 270
person 0.0019 34 276 41 291
person 0.0017 68 263 76 272
person 0.0017 158 250 164 264
person 0.0017 144 244 151 254
person 0.0016 36 275 43 284
person 0.0015 310 414 330 451
person 0.0014 160 216 172 233
person 0.0014 146 243 156 253
person 0.0012 68 266 76 276
person 0.0011 164 214 176 229
person 0.0011 136 258 146 272
person 0.0011 91 284 98 298
person 0.0011 156 246 163 263
person 0.0011 164 251 175 265
person 0.0011 122 243 136 254
car 0.6896 0 324 36 407
car 0.0319 0 355 23 407
car 0.0047 185 256 194 262
car 0.0042 256 232 264 239
car 0.0041 204 352 211 367
car 0.0040 170 257 180 265
car 0.0024 203 343 211 366
car 0.0023 0 291 4 299
car 0.0016 1 286 19 296
car 0.0013 164 251 178 265
car 0.0012 159 271 167 285
car 0.0011 163 244 181 254
car 0.0011 204 352 215 374
car 0.0011 163 250 172 264
car 0.0010 0 286 10 299
bus 0.9524 21 226 163 331
train 0.0462 203 346 313 499
