person 0.8942 320 146 373 371
person 0.8626 286 220 330 373
person 0.8599 235 198 271 342
person 0.8099 76 130 128 201
person 0.7917 198 164 247 347
person 0.0465 245 148 266 203
person 0.0369 429 152 448 198
person 0.0343 302 148 329 184
person 0.0334 186 44 496 373
person 0.0304 324 146 367 194
person 0.0266 367 147 381 169
person 0.0232 232 176 255 344
person 0.0169 246 148 264 170
person 0.0156 223 148 266 204
person 0.0107 36 75 200 309
person 0.0107 306 148 325 170
person 0.0089 218 247 240 347
person 0.0083 198 249 238 346
person 0.0072 213 163 249 212
person 0.0063 126 136 154 175
person 0.0061 246 198 269 263
person 0.0059 214 164 247 257
person 0.0044 125 140 156 200
person 0.0042 221 162 238 193
person 0.0039 214 163 231 202
person 0.0036 366 148 384 181
person 0.0034 301 147 330 222
person 0.0033 301 144 309 172
person 0.0031 115 139 150 222
person 0.0029 213 163 223 201
person 0.0028 421 151 447 248
person 0.0024 127 142 138 172
person 0.0022 139 129 177 206
person 0.0017 326 144 341 153
person 0.0016 428 152 440 187
person 0.0014 384 134 392 145
person 0.0013 46 134 89 184
person 0.0012 233 258 252 337
person 0.0012 364 146 393 197
person 0.0011 287 219 328 281
person 0.0010 245 172 266 218
person 0.0010 317 219 337 371
person 0.0010 366 147 397 171
car 0.0028 0 150 3 164
car 0.0027 0 142 4 162
bus 0.8362 2 40 499 375
bus 0.0418 4 40 498 118
bus 0.0412 -15 29 235 365
bus 0.0162 0 105 7 162
bus 0.0088 0 119 5 183
bus 0.0074 0 130 4 160
bus 0.0055 0 83 9 207
bus 0.0036 0 87 8 143
bus 0.0024 0 136 8 223
bus 0.0013 0 71 4 125
