person 0.9594 246 19 482 329
person 0.0110 413 102 466 165
person 0.0059 443 101 466 165
person 0.0026 454 101 466 136
bottle 0.5339 65 253 90 296
bottle 0.1289 15 209 62 248
bottle 0.1234 190 191 231 246
bottle 0.1075 108 191 133 250
bottle 0.0890 156 209 187 268
bottle 0.0849 13 211 62 292
bottle 0.0566 0 241 16 300
bottle 0.0173 139 195 180 263
bottle 0.0111 6 239 49 298
bottle 0.0063 0 264 7 304
bottle 0.0060 195 191 217 209
bottle 0.0040 34 210 61 243
bottle 0.0024 0 268 12 302
bottle 0.0021 235 157 258 204
bottle 0.0017 248 157 261 205
bottle 0.0016 144 217 163 264
bottle 0.0014 15 224 36 242
bottle 0.0012 201 191 213 202
bottle 0.0011 187 192 210 247
bottle 0.0010 179 205 191 247
diningtable 0.0070 10 254 310 330
diningtable 0.0036 0 290 92 330
diningtable 0.0012 90 295 275 330
