bottle 0.8313 239 0 277 91
bottle 0.8150 212 0 241 95
bottle 0.8053 100 1 142 109
bottle 0.7245 329 295 395 398
bottle 0.6800 139 0 170 102
bottle 0.6269 289 312 333 399
bottle 0.6128 179 0 212 100
bottle 0.5948 164 0 198 101
bottle 0.5547 326 244 407 382
bottle 0.0876 378 336 408 397
bottle 0.0650 203 0 222 45
bottle 0.0611 137 222 171 291
bottle 0.0539 326 255 352 304
bottle 0.0537 290 364 334 399
bottle 0.0506 118 225 140 292
bottle 0.0493 236 1 256 86
bottle 0.0324 137 9 153 98
bottle 0.0283 236 0 256 44
bottle 0.0181 326 244 387 315
bottle 0.0177 165 0 189 41
bottle 0.0160 380 337 403 368
bottle 0.0151 250 142 307 205
bottle 0.0147 250 0 276 64
bottle 0.0109 355 314 411 398
bottle 0.0109 231 289 292 324
bottle 0.0096 490 75 500 118
bottle 0.0080 166 98 195 144
bottle 0.0067 131 317 197 344
bottle 0.0060 324 245 345 266
bottle 0.0056 125 0 148 40
bottle 0.0055 330 277 352 306
bottle 0.0049 355 298 389 370
bottle 0.0048 385 368 410 399
bottle 0.0048 111 164 130 218
bottle 0.0042 430 339 499 398
bottle 0.0038 201 0 216 34
bottle 0.0037 205 -3 220 87
bottle 0.0035 329 293 345 321
bottle 0.0035 146 100 171 145
bottle 0.0033 194 98 223 141
bottle 0.0032 270 348 295 398
bottle 0.0029 151 -4 169 87
bottle 0.0028 327 254 370 354
bottle 0.0027 424 349 434 368
bottle 0.0025 88 26 199 361
bottle 0.0024 294 312 326 365
bottle 0.0024 325 245 345 286
bottle 0.0023 136 24 148 95
bottle 0.0021 336 285 352 305
bottle 0.0020 144 68 174 176
bottle 0.0018 162 12 179 94
bottle 0.0018 156 15 174 104
bottle 0.0017 263 2 277 64
bottle 0.0017 330 293 354 350
bottle 0.0017 307 0 378 55
bottle 0.0016 161 162 241 215
bottle 0.0016 161 99 230 167
bottle 0.0016 138 2 154 53
bottle 0.0014 122 187 172 283
bottle 0.0013 157 94 196 171
bottle 0.0013 251 142 282 199
bottle 0.0013 341 290 377 343
bottle 0.0012 337 339 395 399
bottle 0.0011 212 111 231 139
bottle 0.0011 166 222 199 290
bottle 0.0011 208 0 223 24
bottle 0.0011 235 143 255 193
bottle 0.0011 356 253 386 300
bottle 0.0010 156 101 186 144
bottle 0.0010 349 260 392 342
bottle 0.0010 171 43 198 100
