person 0.2142 195 176 282 206
person 0.0643 164 176 354 256
person 0.0320 203 176 303 220
person 0.0236 272 185 295 206
person 0.0228 238 43 258 57
person 0.0225 207 176 236 197
person 0.0203 213 175 225 183
person 0.0173 195 176 234 205
person 0.0054 192 196 214 207
person 0.0049 181 49 209 69
person 0.0038 154 180 232 253
person 0.0034 210 102 229 150
person 0.0025 198 88 218 104
person 0.0021 165 196 216 218
person 0.0019 280 19 309 59
person 0.0019 154 56 171 69
person 0.0017 236 184 305 207
person 0.0017 152 43 171 69
person 0.0015 252 182 305 223
person 0.0013 187 49 201 60
person 0.0012 206 91 226 115
person 0.0010 209 176 225 188
car 0.0084 434 136 474 156
motorbike 0.6652 73 177 355 258
motorbike 0.0536 153 192 261 257
motorbike 0.0235 70 196 243 254
motorbike 0.0129 214 180 355 257
motorbike 0.0012 202 181 293 256
