person 0.8355 391 212 427 283
person 0.7889 458 221 486 290
person 0.6535 149 215 159 245
person 0.6095 487 219 500 291
person 0.5898 448 217 463 280
person 0.5789 286 213 304 273
person 0.5221 435 213 446 257
person 0.5219 137 214 147 242
person 0.5162 327 216 342 274
person 0.5031 360 212 379 272
person 0.4763 108 212 120 248
person 0.2470 383 214 398 262
person 0.2414 302 214 319 273
person 0.2061 310 216 325 274
person 0.1924 102 215 111 236
person 0.1691 157 208 170 243
person 0.1618 460 213 469 233
person 0.1295 194 215 202 224
person 0.1061 181 214 191 225
person 0.0986 331 212 348 245
person 0.0843 127 215 137 249
person 0.0783 97 215 103 224
person 0.0754 179 215 187 225
person 0.0681 110 211 118 226
person 0.0658 484 217 495 238
person 0.0651 299 214 312 271
person 0.0605 488 218 499 249
person 0.0575 374 216 385 252
person 0.0559 184 215 192 224
person 0.0498 429 213 441 258
person 0.0420 99 215 106 224
person 0.0368 336 213 348 271
person 0.0347 178 215 183 225
person 0.0341 265 219 291 284
person 0.0287 479 228 493 281
person 0.0286 314 220 325 246
person 0.0275 287 213 302 241
person 0.0235 157 207 169 220
person 0.0210 127 213 134 230
person 0.0188 412 214 428 275
person 0.0182 383 215 395 240
person 0.0173 132 216 138 230
person 0.0172 424 215 432 239
person 0.0164 96 215 106 230
person 0.0154 491 250 499 291
person 0.0129 303 213 314 243
person 0.0128 355 213 374 288
person 0.0118 396 212 408 243
person 0.0116 139 214 146 232
person 0.0104 297 214 309 243
person 0.0104 93 212 99 221
person 0.0101 392 214 400 230
person 0.0085 411 216 419 247
person 0.0083 390 213 400 261
person 0.0078 134 205 144 223
person 0.0068 182 207 190 216
person 0.0067 116 210 122 225
person 0.0062 295 214 305 233
person 0.0062 93 218 106 237
person 0.0058 29 222 51 244
person 0.0054 374 217 383 233
person 0.0053 494 217 500 229
person 0.0052 314 225 325 265
person 0.0052 436 214 444 233
person 0.0051 283 222 293 236
person 0.0051 367 215 383 271
person 0.0045 327 218 341 245
person 0.0045 105 214 111 226
person 0.0042 424 214 433 263
person 0.0042 87 205 93 217
person 0.0041 357 214 374 246
person 0.0040 304 212 312 232
person 0.0039 157 207 164 216
person 0.0038 127 213 132 223
person 0.0038 449 217 463 250
person 0.0035 284 227 291 238
person 0.0034 1 220 38 245
person 0.0034 0 123 9 136
person 0.0034 287 214 294 224
person 0.0032 459 217 473 236
person 0.0032 114 212 121 246
person 0.0031 328 212 346 232
person 0.0029 409 215 418 234
person 0.0028 0 223 9 240
person 0.0026 336 239 347 274
person 0.0026 328 212 340 224
person 0.0026 424 217 431 228
person 0.0026 179 207 192 226
person 0.0024 390 216 398 234
person 0.0021 483 224 490 241
person 0.0020 415 215 429 241
person 0.0020 426 218 445 273
person 0.0019 364 215 378 242
person 0.0019 0 222 5 235
person 0.0018 314 217 324 234
person 0.0018 483 230 489 239
person 0.0017 295 213 304 225
person 0.0016 136 225 147 247
person 0.0016 477 218 498 269
person 0.0016 269 232 282 285
person 0.0016 379 215 387 232
person 0.0015 0 223 16 241
person 0.0015 130 206 140 225
person 0.0013 364 233 378 272
person 0.0013 397 212 408 230
person 0.0013 386 235 397 263
person 0.0013 463 213 476 231
person 0.0013 132 218 138 240
person 0.0011 488 228 499 264
person 0.0011 108 225 118 248
person 0.0011 191 224 204 234
person 0.0011 286 214 298 226
person 0.0010 186 223 197 231
person 0.0010 492 217 499 236
person 0.0010 371 210 380 222
car 0.8985 169 224 220 258
car 0.8935 0 212 118 299
car 0.5960 263 221 292 251
car 0.4162 251 212 277 243
car 0.1435 203 197 256 246
car 0.0444 254 226 266 243
car 0.0409 265 207 294 222
car 0.0406 88 217 118 279
car 0.0213 96 216 116 247
car 0.0183 240 201 256 247
car 0.0173 459 212 500 233
car 0.0155 194 215 203 224
car 0.0121 96 242 118 274
car 0.0101 344 225 358 245
car 0.0091 252 213 273 230
car 0.0085 248 223 256 247
car 0.0079 284 224 293 234
car 0.0066 315 212 324 220
car 0.0063 338 202 367 244
car 0.0059 219 243 232 268
car 0.0053 92 240 119 292
car 0.0052 240 224 256 248
car 0.0043 261 221 286 240
car 0.0039 345 225 357 233
car 0.0039 280 227 291 238
car 0.0039 126 225 140 249
car 0.0032 334 213 350 244
car 0.0023 266 212 282 222
car 0.0021 272 222 292 235
car 0.0020 460 213 476 232
car 0.0020 208 224 232 244
car 0.0016 106 242 119 290
car 0.0016 346 218 357 231
car 0.0013 156 229 168 255
car 0.0012 0 211 117 251
car 0.0011 110 246 119 271
car 0.0010 269 220 293 230
motorbike 0.0090 220 244 231 268
bus 0.0277 265 206 294 222
bus 0.0227 338 200 378 236
bus 0.0181 204 198 256 245
bus 0.0054 338 199 399 224
bus 0.0027 337 196 397 248
bus 0.0021 339 201 358 227
