person 0.0134 321 205 334 215
person 0.0087 325 202 339 215
person 0.0037 339 193 351 200
person 0.0032 366 194 376 205
person 0.0030 259 103 303 189
person 0.0027 351 201 366 216
person 0.0022 25 113 52 172
person 0.0022 0 111 85 254
person 0.0012 259 87 330 202
person 0.0011 342 194 358 200
person 0.0010 328 199 340 212
person 0.0010 330 202 347 216
car 0.9421 305 193 383 252
car 0.0087 262 33 400 108
car 0.0075 367 42 498 142
car 0.0058 461 98 499 133
car 0.0057 476 107 499 133
car 0.0042 348 37 392 78
car 0.0041 387 51 499 98
car 0.0040 353 8 498 82
car 0.0039 400 69 500 130
car 0.0035 348 39 410 96
car 0.0033 418 72 499 107
car 0.0027 261 38 488 154
car 0.0023 349 66 411 94
car 0.0021 198 45 284 117
car 0.0021 199 24 380 117
car 0.0012 11 5 497 144
car 0.0010 296 134 336 159
car 0.0010 348 37 371 71
bus 0.0079 1 5 497 242
bus 0.0026 4 156 494 244
