person 0.7444 272 121 292 171
person 0.3874 467 20 475 32
person 0.3670 480 17 485 28
person 0.3543 475 18 481 30
person 0.2839 462 25 467 34
person 0.0310 472 19 483 31
person 0.0186 459 24 470 34
person 0.0151 438 23 443 27
person 0.0137 326 13 330 20
person 0.0119 466 21 471 30
person 0.0104 202 20 207 28
person 0.0042 188 33 193 42
person 0.0035 423 27 428 34
person 0.0032 477 17 482 24
person 0.0032 320 0 329 19
person 0.0031 384 165 391 170
person 0.0027 386 0 393 4
person 0.0019 482 21 489 28
person 0.0014 483 24 491 29
person 0.0012 450 30 460 34
person 0.0011 209 18 215 27
person 0.0011 160 21 165 31
person 0.0010 166 21 172 31
car 0.1063 0 32 16 45
car 0.0217 0 35 7 45
car 0.0030 0 18 15 45
boat 0.8007 152 8 249 47
boat 0.2937 460 27 488 40
boat 0.0792 422 20 490 38
boat 0.0453 128 23 157 45
boat 0.0246 460 26 468 36
boat 0.0167 273 164 291 192
boat 0.0160 423 26 468 35
boat 0.0147 433 24 469 33
boat 0.0119 459 31 475 40
boat 0.0085 434 27 485 38
boat 0.0062 113 0 158 44
boat 0.0035 356 0 433 8
boat 0.0031 453 24 472 34
boat 0.0018 268 121 390 181
boat 0.0015 459 30 467 36
boat 0.0014 491 23 499 29
boat 0.0012 481 23 498 30
boat 0.0012 432 23 454 30
boat 0.0011 118 23 157 35
