person 0.8862 207 102 230 156
person 0.7834 261 155 297 188
person 0.0492 256 133 266 140
person 0.0273 293 133 304 140
person 0.0113 224 112 230 134
person 0.0069 450 113 457 118
person 0.0069 169 131 180 138
person 0.0064 261 156 332 188
person 0.0056 321 116 333 131
person 0.0050 320 113 341 131
person 0.0031 85 108 90 114
person 0.0022 110 111 114 119
person 0.0018 315 112 327 120
person 0.0018 467 122 474 137
person 0.0015 117 113 122 120
person 0.0015 298 176 315 182
person 0.0015 496 107 499 113
person 0.0013 261 173 281 187
person 0.0011 247 173 262 192
person 0.0011 321 111 333 118
person 0.0010 250 172 269 191
car 0.9376 173 157 420 250
car 0.4870 294 110 343 130
car 0.2106 459 106 499 118
car 0.0587 367 84 389 90
car 0.0131 367 85 376 90
car 0.0109 288 107 310 127
car 0.0099 321 117 343 131
car 0.0060 493 110 499 118
car 0.0058 384 85 397 90
car 0.0049 0 112 8 116
car 0.0041 334 109 351 129
car 0.0037 60 109 78 117
car 0.0032 258 102 270 115
car 0.0029 80 109 89 114
car 0.0027 331 118 343 131
car 0.0027 484 111 499 118
car 0.0026 474 106 496 115
car 0.0019 333 109 345 117
car 0.0018 424 88 428 92
car 0.0014 226 102 239 116
car 0.0014 148 62 448 285
car 0.0013 254 104 307 126
car 0.0013 294 109 306 128
car 0.0011 490 108 499 118
car 0.0010 475 111 492 118
car 0.0010 295 86 340 128
aeroplane 0.2044 480 67 499 85
aeroplane 0.0027 479 67 499 106
