person 0.8811 35 119 86 230
person 0.6960 452 111 474 159
person 0.6082 434 115 456 151
person 0.5801 406 118 426 165
person 0.1140 0 249 15 373
person 0.0357 0 316 11 373
person 0.0280 448 116 460 150
person 0.0168 60 -3 73 74
person 0.0161 406 118 424 141
person 0.0075 452 111 472 130
person 0.0072 447 115 455 127
person 0.0055 229 56 241 114
person 0.0052 489 110 499 135
person 0.0049 47 1 61 59
person 0.0046 438 115 454 131
person 0.0039 0 256 8 350
person 0.0035 22 123 90 288
person 0.0032 0 237 29 372
person 0.0026 462 111 471 125
person 0.0018 436 124 457 164
person 0.0017 415 113 457 179
person 0.0016 207 63 219 113
person 0.0016 494 110 500 117
person 0.0015 436 116 447 130
person 0.0013 0 345 7 374
person 0.0010 491 108 499 126
motorbike 0.9456 82 166 211 287
motorbike 0.9206 0 179 102 305
motorbike 0.8842 231 136 331 240
motorbike 0.8756 171 162 261 258
motorbike 0.8252 451 123 500 179
motorbike 0.7591 422 131 461 194
motorbike 0.7509 308 134 402 229
motorbike 0.6807 369 132 432 205
motorbike 0.3112 487 124 500 158
motorbike 0.1532 0 243 21 372
motorbike 0.1332 375 158 425 212
motorbike 0.1090 402 150 433 203
motorbike 0.1041 415 173 433 202
motorbike 0.0338 369 131 423 172
motorbike 0.0218 485 129 500 178
motorbike 0.0126 267 136 320 175
motorbike 0.0120 0 188 18 218
motorbike 0.0115 267 139 338 198
motorbike 0.0109 0 321 11 374
motorbike 0.0091 492 140 500 160
motorbike 0.0075 368 131 404 162
motorbike 0.0071 0 226 21 286
motorbike 0.0070 480 154 500 179
motorbike 0.0058 0 180 40 218
motorbike 0.0056 422 130 442 176
motorbike 0.0055 301 169 338 195
motorbike 0.0050 400 146 420 171
motorbike 0.0040 399 140 411 154
motorbike 0.0037 489 111 500 143
motorbike 0.0036 433 119 461 181
motorbike 0.0036 374 157 417 173
motorbike 0.0035 0 245 11 286
motorbike 0.0033 438 137 457 165
motorbike 0.0029 297 151 320 176
motorbike 0.0025 453 141 469 160
motorbike 0.0024 394 191 422 212
motorbike 0.0023 0 184 23 298
motorbike 0.0022 334 140 361 176
motorbike 0.0019 384 149 406 163
motorbike 0.0018 327 178 401 229
motorbike 0.0018 233 169 274 183
motorbike 0.0017 472 117 496 139
motorbike 0.0016 369 145 397 161
motorbike 0.0015 172 172 212 253
motorbike 0.0014 158 137 353 251
motorbike 0.0012 92 159 259 253
motorbike 0.0012 441 171 461 193
motorbike 0.0011 490 125 500 143
motorbike 0.0011 424 143 439 175
motorbike 0.0011 0 346 10 374
motorbike 0.0010 400 143 417 160
pottedplant 0.0138 405 94 427 122
pottedplant 0.0038 460 80 498 120
