person 0.2580 87 213 164 272
person 0.0379 55 214 206 273
person 0.0271 152 181 170 209
person 0.0143 103 213 142 236
person 0.0043 143 181 177 243
person 0.0020 116 213 155 237
person 0.0016 301 102 316 118
person 0.0015 97 210 165 240
person 0.0014 0 0 5 5
person 0.0010 129 220 146 236
boat 0.4824 0 0 277 295
boat 0.4343 191 0 330 107
boat 0.2497 1 243 281 296
boat 0.1266 192 66 331 110
boat 0.0836 293 92 331 121
boat 0.0755 234 90 331 122
boat 0.0521 137 1 330 157
boat 0.0464 134 90 331 151
boat 0.0404 120 95 164 120
boat 0.0299 197 90 268 112
boat 0.0225 189 67 308 92
boat 0.0199 162 0 245 117
boat 0.0181 4 206 265 288
boat 0.0173 299 164 306 169
boat 0.0150 155 94 235 119
boat 0.0137 120 59 164 119
boat 0.0137 179 89 306 118
boat 0.0101 261 99 286 116
boat 0.0095 82 0 165 120
boat 0.0077 261 72 331 121
boat 0.0065 134 99 163 116
boat 0.0053 239 95 287 120
boat 0.0052 161 154 166 159
boat 0.0051 120 97 138 119
boat 0.0050 294 92 330 107
boat 0.0048 0 0 174 235
boat 0.0042 247 93 264 111
boat 0.0040 192 36 282 106
boat 0.0037 182 0 236 90
boat 0.0033 258 96 318 119
boat 0.0032 155 84 266 116
boat 0.0031 237 107 286 121
boat 0.0023 245 92 281 112
boat 0.0023 216 69 274 89
boat 0.0022 185 95 237 115
boat 0.0019 33 0 287 132
boat 0.0018 288 69 331 108
boat 0.0015 78 49 338 220
boat 0.0014 261 94 300 114
boat 0.0013 275 1 330 115
boat 0.0011 292 85 330 102
boat 0.0011 155 95 195 104
boat 0.0011 116 85 163 112
boat 0.0011 155 95 197 117
boat 0.0010 154 79 211 118
bird 0.0043 225 153 234 159
