person 0.0312 250 292 254 302
person 0.0181 254 292 258 301
person 0.0132 57 300 61 309
person 0.0072 244 292 249 303
person 0.0069 259 292 262 301
person 0.0055 112 304 117 316
person 0.0047 125 290 131 300
person 0.0043 78 287 88 302
person 0.0034 91 287 98 300
person 0.0032 251 292 256 301
person 0.0023 111 300 124 316
person 0.0023 81 286 93 302
person 0.0023 93 286 103 301
person 0.0023 113 283 126 301
person 0.0022 400 317 406 323
person 0.0021 296 151 309 158
person 0.0015 209 300 215 311
person 0.0014 264 157 272 167
person 0.0012 114 303 121 315
person 0.0011 208 299 217 327
person 0.0010 237 293 244 302
person 0.0010 405 277 410 284
person 0.0010 368 336 373 340
car 0.0228 12 288 28 296
car 0.0152 0 287 14 298
car 0.0078 355 290 372 300
car 0.0022 395 287 400 293
car 0.0020 0 293 13 300
car 0.0016 47 294 70 302
car 0.0013 3 290 26 302
car 0.0012 163 296 175 302
aeroplane 0.9042 11 134 489 288
aeroplane 0.0058 232 248 271 287
aeroplane 0.0057 109 284 132 303
aeroplane 0.0045 382 316 424 328
aeroplane 0.0044 233 241 276 266
aeroplane 0.0033 75 268 132 302
aeroplane 0.0023 382 317 499 336
aeroplane 0.0014 13 245 270 306
aeroplane 0.0012 12 157 276 290
aeroplane 0.0012 20 267 134 304
aeroplane 0.0012 7 -15 491 294
aeroplane 0.0011 160 250 271 289
aeroplane 0.0010 398 320 425 327
chair 0.0065 0 305 13 337
chair 0.0023 114 299 126 316
diningtable 0.0055 32 303 62 311
diningtable 0.0015 59 303 71 311
