person 0.9155 157 68 344 344
person 0.9154 0 0 131 366
person 0.0062 438 143 454 165
person 0.0038 0 -1 60 354
person 0.0019 496 139 499 172
person 0.0019 114 61 461 361
person 0.0017 1 128 117 237
person 0.0017 59 173 127 371
person 0.0016 53 -18 153 360
person 0.0015 328 132 338 147
person 0.0011 445 139 455 164
person 0.0010 3 20 356 372
person 0.0010 447 151 453 164
car 0.0182 496 138 499 163
car 0.0125 168 154 183 165
car 0.0052 304 134 337 147
car 0.0050 303 135 317 145
car 0.0018 337 143 348 149
car 0.0016 331 142 338 148
car 0.0015 343 131 358 144
car 0.0013 418 152 446 159
car 0.0013 324 129 332 136
car 0.0012 341 142 362 148
car 0.0012 324 134 338 148
car 0.0012 407 144 422 159
car 0.0011 325 141 336 147
car 0.0010 2 121 120 240
car 0.0010 486 160 499 169
motorbike 0.7823 118 132 498 369
motorbike 0.0121 17 230 477 370
motorbike 0.0043 481 244 499 365
motorbike 0.0038 476 179 499 363
motorbike 0.0035 120 328 215 373
motorbike 0.0020 123 320 343 373
motorbike 0.0018 130 234 349 370
motorbike 0.0017 310 134 500 335
motorbike 0.0010 1 323 215 371
