person 0.1859 437 162 456 209
person 0.0341 0 166 12 326
person 0.0012 437 162 456 186
bottle 0.0015 472 167 488 214
bottle 0.0010 167 218 175 231
chair 0.0319 0 165 11 322
chair 0.0143 0 165 8 213
chair 0.0106 0 284 10 331
chair 0.0105 353 158 484 275
chair 0.0038 365 209 388 276
chair 0.0031 251 157 364 223
chair 0.0026 492 264 499 287
chair 0.0017 483 256 499 288
chair 0.0015 364 209 414 277
chair 0.0013 410 160 436 185
chair 0.0013 239 186 262 236
chair 0.0012 488 172 499 222
chair 0.0011 324 213 356 252
sofa 0.8463 352 161 486 274
sofa 0.8131 251 158 365 218
sofa 0.0146 0 171 11 328
sofa 0.0030 252 156 483 260
sofa 0.0022 0 279 11 329
sofa 0.0014 248 154 369 271
pottedplant 0.8515 71 163 149 250
pottedplant 0.5785 139 205 179 251
pottedplant 0.1486 189 72 260 227
pottedplant 0.0246 150 228 178 251
pottedplant 0.0093 471 184 487 220
pottedplant 0.0090 385 158 404 186
pottedplant 0.0068 211 178 244 224
pottedplant 0.0049 304 178 325 194
pottedplant 0.0043 141 204 168 235
pottedplant 0.0025 128 189 149 225
pottedplant 0.0024 264 157 285 194
pottedplant 0.0023 488 172 499 221
pottedplant 0.0021 215 195 239 224
pottedplant 0.0018 26 143 55 172
pottedplant 0.0015 205 154 255 223
pottedplant 0.0013 90 191 144 250
pottedplant 0.0012 155 220 176 242
pottedplant 0.0012 88 164 142 210
diningtable 0.1720 240 190 329 260
diningtable 0.1418 381 214 499 316
diningtable 0.0143 0 169 75 272
diningtable 0.0052 382 213 498 252
diningtable 0.0015 349 198 495 274
tvmonitor 0.4833 137 132 211 200
tvmonitor 0.0947 178 133 210 197
