person 0.9254 176 240 265 331
person 0.8991 184 154 240 220
person 0.6935 237 136 270 168
person 0.5761 432 153 454 186
person 0.4585 213 137 240 167
person 0.2502 416 155 438 185
person 0.1452 370 141 391 160
person 0.0703 479 155 492 167
person 0.0530 291 132 306 155
person 0.0473 484 158 499 171
person 0.0446 416 155 428 174
person 0.0265 289 92 298 115
person 0.0264 371 141 403 171
person 0.0190 196 137 239 174
person 0.0166 274 141 283 157
person 0.0111 415 161 430 183
person 0.0106 285 131 308 173
person 0.0102 423 160 442 186
person 0.0101 475 155 499 174
person 0.0088 213 136 225 155
person 0.0081 255 147 271 161
person 0.0070 275 99 280 110
person 0.0065 269 133 296 160
person 0.0064 487 109 499 150
person 0.0058 430 175 441 186
person 0.0044 212 137 244 201
person 0.0042 434 117 447 130
person 0.0035 483 117 500 171
person 0.0034 326 132 340 150
person 0.0034 -5 4 453 339
person 0.0031 277 144 288 156
person 0.0029 337 142 343 149
person 0.0028 446 137 461 149
person 0.0026 432 154 443 172
person 0.0026 416 170 428 183
person 0.0022 272 138 299 174
person 0.0022 447 105 456 115
person 0.0021 492 122 499 152
person 0.0021 421 156 434 170
person 0.0020 419 165 435 184
person 0.0018 217 125 275 178
person 0.0018 392 160 402 169
person 0.0016 425 114 433 124
person 0.0016 291 132 327 158
person 0.0016 280 144 294 157
person 0.0014 266 140 281 159
person 0.0013 258 173 292 214
person 0.0012 494 135 499 152
person 0.0011 263 137 302 210
person 0.0011 370 135 379 144
person 0.0010 228 140 280 202
person 0.0010 488 108 499 131
aeroplane 0.0201 0 0 493 302
aeroplane 0.0035 0 0 233 159
aeroplane 0.0023 4 2 490 107
aeroplane 0.0010 443 1 500 54
bus 0.0514 -5 146 510 367
bus 0.0024 7 233 497 329
chair 0.1162 450 171 466 188
chair 0.1004 450 208 499 329
chair 0.0646 468 165 500 193
chair 0.0344 478 186 498 195
chair 0.0338 485 195 499 209
chair 0.0302 479 187 499 209
chair 0.0279 464 167 483 192
chair 0.0157 491 197 499 209
chair 0.0140 480 169 499 189
chair 0.0132 483 159 499 171
chair 0.0125 446 198 461 209
chair 0.0112 144 141 182 197
chair 0.0074 461 197 478 209
chair 0.0072 460 190 498 209
chair 0.0071 492 187 499 195
chair 0.0064 443 172 453 187
chair 0.0062 478 162 499 208
chair 0.0056 482 292 499 332
chair 0.0049 229 161 278 190
chair 0.0047 432 171 483 192
chair 0.0045 453 152 475 168
chair 0.0032 125 121 180 199
chair 0.0027 434 190 463 208
chair 0.0022 449 195 485 209
chair 0.0020 486 176 500 188
chair 0.0019 486 170 500 184
chair 0.0019 427 185 465 196
chair 0.0019 432 173 446 187
chair 0.0018 416 162 499 208
chair 0.0014 415 155 426 173
chair 0.0013 280 159 297 174
chair 0.0012 450 154 499 192
chair 0.0012 436 164 453 186
chair 0.0011 475 196 492 209
chair 0.0010 229 142 279 201
chair 0.0010 153 142 181 179
sofa 0.0078 450 208 500 329
sofa 0.0040 468 163 499 192
diningtable 0.0273 426 187 499 209
diningtable 0.0032 459 187 499 207
diningtable 0.0029 425 185 465 194
diningtable 0.0025 447 195 485 209
diningtable 0.0022 422 186 482 198
tvmonitor 0.0075 445 0 499 55
tvmonitor 0.0053 453 152 474 167
tvmonitor 0.0017 394 0 446 14
