person 0.9545 311 23 481 352
person 0.9457 3 104 112 353
person 0.8235 216 110 336 354
person 0.1577 79 248 110 354
person 0.0611 88 248 131 353
person 0.0531 90 249 111 325
person 0.0325 91 249 109 293
person 0.0198 92 250 107 265
person 0.0098 436 48 499 346
person 0.0067 0 267 14 354
person 0.0067 2 278 53 354
person 0.0050 103 242 171 353
person 0.0042 0 187 15 353
person 0.0036 197 165 212 181
person 0.0031 0 190 33 351
person 0.0018 309 28 381 267
person 0.0015 0 286 9 353
person 0.0015 0 288 26 355
person 0.0013 94 245 134 301
person 0.0011 483 160 499 238
person 0.0010 335 35 380 101
car 0.0026 480 346 499 355
bottle 0.0969 336 38 372 61
bottle 0.0017 241 210 252 286
chair 0.0023 122 310 188 355
chair 0.0021 481 237 499 341
chair 0.0017 311 258 337 354
