bottle 0.0027 131 399 148 429
chair 0.8652 156 256 237 349
chair 0.3194 255 251 302 363
chair 0.2205 184 229 220 261
chair 0.0929 171 221 219 287
chair 0.0309 266 252 300 294
chair 0.0148 176 256 213 287
chair 0.0062 257 294 298 325
chair 0.0057 156 256 211 304
chair 0.0054 205 258 237 346
chair 0.0046 171 221 190 268
chair 0.0011 209 257 221 265
chair 0.0010 258 302 301 371
chair 0.0010 357 343 374 454
sofa 0.1087 157 256 237 349
sofa 0.0033 176 256 212 287
sofa 0.0029 356 341 374 453
sofa 0.0018 177 226 221 279
pottedplant 0.2498 280 96 336 372
pottedplant 0.0014 285 205 334 260
pottedplant 0.0013 260 251 298 295
diningtable 0.0182 81 405 371 499
diningtable 0.0010 182 256 210 265
