person 0.1099 481 268 486 275
person 0.0256 477 268 481 275
person 0.0028 479 268 486 278
person 0.0026 45 226 52 235
person 0.0024 485 277 499 292
person 0.0010 477 267 480 274
bicycle 0.0019 485 280 499 292
car 0.9514 11 179 477 407
car 0.0409 0 233 65 298
car 0.0340 494 278 500 284
car 0.0074 146 220 172 236
car 0.0050 491 275 500 285
car 0.0039 493 277 500 289
car 0.0035 484 268 499 291
car 0.0023 491 268 499 283
car 0.0014 7 178 484 258
car 0.0010 0 352 494 421
bus 0.0494 0 234 65 301
train 0.0383 0 234 65 301
boat 0.0052 484 268 499 291
