person 0.9499 355 208 427 329
person 0.8905 277 198 330 350
person 0.7610 483 221 500 300
person 0.0209 488 250 500 300
person 0.0119 496 219 500 241
person 0.0088 487 232 499 338
person 0.0055 492 245 499 271
person 0.0047 372 234 389 285
person 0.0045 274 203 440 337
person 0.0043 351 211 497 324
person 0.0034 493 223 499 256
person 0.0014 0 181 6 210
dog 0.0129 272 285 336 327
dog 0.0074 270 285 291 311
dog 0.0024 278 279 325 314
dog 0.0017 420 307 428 322
sheep 0.9164 426 273 495 324
sheep 0.8151 271 287 360 342
sheep 0.0078 270 285 290 311
sheep 0.0044 488 260 499 301
sheep 0.0017 272 284 454 336
sheep 0.0012 487 272 499 320
sheep 0.0011 489 281 500 300
chair 0.1445 0 212 45 336
chair 0.0689 158 181 178 211
chair 0.0039 5 182 34 214
chair 0.0010 29 235 47 332
pottedplant 0.1265 116 178 141 211
pottedplant 0.0108 256 299 283 318
pottedplant 0.0102 117 179 138 194
pottedplant 0.0016 117 176 138 187
tvmonitor 0.0014 359 210 373 224
