person 0.9290 185 97 280 299
person 0.9135 232 192 341 323
person 0.0150 488 143 495 150
person 0.0056 495 141 500 150
person 0.0023 160 70 169 81
person 0.0016 487 140 498 151
person 0.0016 233 184 443 325
person 0.0012 164 68 181 83
person 0.0010 121 63 131 76
person 0.0010 492 140 499 150
person 0.0010 199 76 208 86
bottle 0.0217 238 261 256 292
bottle 0.0122 238 261 254 275
bottle 0.0055 232 261 261 335
bottle 0.0021 437 119 444 135
bottle 0.0021 289 118 302 138
bottle 0.0012 146 263 159 287
bottle 0.0012 283 119 293 139
chair 0.8683 53 118 203 306
chair 0.7577 316 118 461 253
chair 0.0366 150 118 203 206
chair 0.0357 415 103 499 138
chair 0.0195 463 105 496 131
chair 0.0164 414 110 456 137
chair 0.0125 53 187 201 229
chair 0.0094 451 111 464 132
chair 0.0081 315 117 421 193
chair 0.0069 131 132 148 193
chair 0.0047 461 110 472 132
chair 0.0046 483 107 499 130
chair 0.0045 494 106 499 130
chair 0.0042 495 156 499 189
chair 0.0040 148 105 279 222
chair 0.0031 432 367 499 374
chair 0.0030 466 156 499 209
chair 0.0028 106 132 150 198
chair 0.0025 420 113 435 136
chair 0.0021 463 109 479 130
chair 0.0019 440 114 454 134
chair 0.0018 320 143 360 188
chair 0.0017 414 117 499 165
chair 0.0014 335 177 473 255
chair 0.0012 378 119 461 189
chair 0.0012 488 155 499 190
chair 0.0011 318 131 364 242
chair 0.0011 185 99 281 305
sofa 0.4715 317 117 461 253
sofa 0.0185 0 218 210 367
sofa 0.0032 0 220 86 305
sofa 0.0014 316 117 423 191
sofa 0.0010 336 178 473 254
pottedplant 0.6566 289 146 323 235
pottedplant 0.0014 279 100 291 139
diningtable 0.1097 380 218 499 372
diningtable 0.0961 380 210 500 248
diningtable 0.0591 379 217 499 275
diningtable 0.0030 280 127 315 144
diningtable 0.0022 303 267 498 373
diningtable 0.0021 392 305 500 373
diningtable 0.0015 434 325 499 372
tvmonitor 0.0574 150 115 201 151
tvmonitor 0.0258 149 115 202 198
tvmonitor 0.0094 149 110 276 193
tvmonitor 0.0020 149 114 243 154
tvmonitor 0.0010 484 139 499 151
