person 0.7458 97 297 112 340
person 0.0059 304 299 314 320
person 0.0036 154 317 159 324
person 0.0026 251 231 263 250
person 0.0024 126 317 131 324
person 0.0019 146 317 153 327
person 0.0016 24 283 29 289
person 0.0016 131 279 168 325
person 0.0012 145 315 156 331
car 0.0148 0 287 26 301
car 0.0080 4 287 25 295
car 0.0049 0 287 8 293
car 0.0046 51 284 63 298
car 0.0042 28 285 44 292
car 0.0038 0 287 30 322
car 0.0023 0 288 10 297
car 0.0019 0 284 68 323
car 0.0018 0 285 45 303
car 0.0013 69 284 85 293
car 0.0013 0 292 13 300
car 0.0012 26 284 62 298
aeroplane 0.0015 41 5 107 68
train 0.8248 166 207 306 344
train 0.2131 0 267 170 324
train 0.1461 0 206 307 343
train 0.0182 83 267 166 285
train 0.0070 87 267 170 321
train 0.0022 1 210 176 328
train 0.0019 130 267 170 321
train 0.0016 0 281 114 324
