bottle 0.0238 219 131 273 225
bottle 0.0022 233 127 260 159
chair 0.8969 134 98 232 182
chair 0.8892 289 190 476 370
chair 0.8311 421 197 499 371
chair 0.7856 0 117 51 202
chair 0.1162 29 112 82 196
chair 0.0605 377 189 499 238
chair 0.0253 149 172 220 198
chair 0.0179 121 186 488 371
chair 0.0154 371 217 427 243
chair 0.0141 37 327 214 373
chair 0.0140 0 95 21 120
chair 0.0134 283 217 384 262
chair 0.0133 27 112 80 155
chair 0.0112 104 327 291 373
chair 0.0100 471 197 500 260
chair 0.0041 107 327 193 372
chair 0.0032 437 180 499 197
chair 0.0026 465 244 499 365
chair 0.0022 364 177 499 326
chair 0.0018 40 145 82 196
chair 0.0017 147 252 432 371
chair 0.0017 374 195 441 240
chair 0.0016 0 56 17 120
chair 0.0014 86 171 220 222
chair 0.0013 430 182 484 326
chair 0.0013 483 355 500 374
chair 0.0013 181 162 227 186
chair 0.0010 439 202 499 297
sofa 0.1153 28 112 81 196
sofa 0.0190 0 117 51 202
sofa 0.0122 29 112 80 155
sofa 0.0013 116 98 248 186
sofa 0.0011 40 145 82 196
pottedplant 0.1619 185 0 351 177
diningtable 0.6888 2 154 488 368
diningtable 0.0974 0 151 493 260
diningtable 0.0700 378 189 499 236
diningtable 0.0188 0 231 169 370
diningtable 0.0151 376 189 499 287
diningtable 0.0071 5 105 494 195
diningtable 0.0049 386 184 498 203
diningtable 0.0036 83 172 212 225
diningtable 0.0034 272 160 497 247
diningtable 0.0027 0 137 219 301
diningtable 0.0024 14 175 204 238
diningtable 0.0016 106 326 305 373
diningtable 0.0016 -12 212 318 368
diningtable 0.0015 129 142 374 230
diningtable 0.0012 354 168 502 229
diningtable 0.0010 284 216 382 259
tvmonitor 0.3293 0 57 11 96
tvmonitor 0.0085 0 95 21 120
tvmonitor 0.0011 36 0 80 119
