person 0.2466 324 194 336 235
person 0.2266 98 167 125 200
person 0.1542 94 179 104 202
person 0.1017 379 221 385 232
person 0.0401 102 167 126 186
person 0.0298 333 223 340 232
person 0.0226 125 165 139 181
person 0.0133 376 223 380 232
person 0.0110 73 172 81 188
person 0.0100 372 225 376 232
person 0.0096 123 165 146 231
person 0.0084 121 165 144 198
person 0.0083 378 222 383 232
person 0.0075 288 151 329 205
person 0.0063 373 221 380 231
person 0.0050 373 214 377 222
person 0.0040 371 213 378 232
person 0.0030 388 223 394 232
person 0.0026 306 173 325 205
person 0.0024 113 168 126 182
person 0.0018 82 172 103 201
person 0.0016 324 194 333 204
person 0.0011 91 178 97 187
person 0.0010 302 161 330 234
car 0.8521 16 176 46 215
car 0.6883 149 163 329 260
car 0.0600 0 26 96 367
car 0.0163 383 5 499 371
car 0.0099 73 171 96 187
car 0.0067 333 221 346 232
car 0.0052 374 221 385 232
car 0.0016 470 324 499 375
car 0.0015 -6 11 268 351
car 0.0011 16 177 30 210
car 0.0010 0 344 21 376
bus 0.0021 385 180 446 232
dog 0.0283 288 151 329 183
