person 0.0509 167 208 170 214
person 0.0400 235 174 246 189
person 0.0169 239 175 250 189
person 0.0034 241 204 253 211
person 0.0017 226 175 251 189
person 0.0013 302 199 305 204
person 0.0011 226 190 235 197
person 0.0011 60 212 64 219
boat 0.8804 180 175 273 220
boat 0.0856 103 200 126 213
boat 0.0076 180 198 271 219
boat 0.0044 205 176 215 188
boat 0.0028 232 174 253 190
boat 0.0024 114 203 127 213
boat 0.0020 186 176 219 191
boat 0.0016 113 200 125 210
boat 0.0012 120 207 126 213
boat 0.0011 181 217 200 222
boat 0.0011 232 175 271 194
bird 0.0784 163 367 179 374
bird 0.0095 235 174 252 189
bird 0.0045 146 366 178 375
bird 0.0013 163 366 205 375
