person 0.7322 113 122 448 317
person 0.6805 59 115 217 261
person 0.0535 267 127 457 305
person 0.0129 267 173 402 244
person 0.0091 134 209 325 261
person 0.0090 126 38 144 64
person 0.0089 110 182 130 215
person 0.0087 143 50 162 77
person 0.0074 97 178 325 292
person 0.0055 98 182 242 268
person 0.0046 120 21 146 64
person 0.0043 104 22 152 83
person 0.0029 124 191 213 320
person 0.0022 137 136 218 238
person 0.0020 321 166 362 227
person 0.0017 138 204 296 318
person 0.0010 86 190 114 237
horse 0.0102 92 33 174 85
horse 0.0056 143 49 164 78
horse 0.0013 159 60 178 86
bottle 0.0080 129 196 174 277
bottle 0.0026 36 186 49 204
chair 0.7190 78 159 219 263
chair 0.1430 182 160 219 227
chair 0.0255 85 183 133 263
chair 0.0134 128 159 219 233
chair 0.0066 0 286 30 323
chair 0.0059 268 174 419 245
chair 0.0059 85 195 112 247
chair 0.0044 0 258 50 321
chair 0.0042 268 209 396 247
chair 0.0035 267 214 327 245
chair 0.0029 0 258 67 288
chair 0.0022 86 188 285 321
chair 0.0019 358 172 499 316
chair 0.0016 139 173 218 269
chair 0.0016 131 193 217 320
chair 0.0011 123 180 187 267
chair 0.0010 0 230 81 290
chair 0.0010 86 188 171 267
sofa 0.9368 261 174 499 327
sofa 0.4152 75 159 218 262
sofa 0.1074 183 161 219 228
sofa 0.0464 85 183 133 263
sofa 0.0272 59 169 479 327
sofa 0.0155 0 286 30 323
sofa 0.0093 85 197 111 242
sofa 0.0089 268 215 325 242
sofa 0.0056 0 260 82 323
sofa 0.0044 93 185 318 320
sofa 0.0025 430 173 499 302
sofa 0.0021 261 271 465 329
sofa 0.0017 86 188 171 266
sofa 0.0013 79 222 203 318
sofa 0.0012 260 297 333 330
sofa 0.0012 368 176 500 313
pottedplant 0.7435 28 109 99 186
pottedplant 0.4300 310 141 359 186
pottedplant 0.0255 285 124 316 176
pottedplant 0.0015 92 32 150 84
pottedplant 0.0010 319 145 354 220
diningtable 0.0669 0 275 189 331
diningtable 0.0509 0 192 81 278
diningtable 0.0021 79 225 203 317
diningtable 0.0018 1 262 131 322
diningtable 0.0018 1 199 73 213
diningtable 0.0013 221 169 337 216
