person 0.9573 48 121 140 260
person 0.6585 11 3 19 15
person 0.5749 54 15 63 26
person 0.0148 82 25 88 30
person 0.0084 69 16 85 30
person 0.0059 110 22 118 30
person 0.0031 433 154 440 162
person 0.0024 82 15 97 32
person 0.0021 68 17 77 28
person 0.0021 80 24 90 31
person 0.0018 91 0 97 12
person 0.0015 110 16 121 31
person 0.0015 110 15 117 27
person 0.0014 83 22 95 32
person 0.0014 88 0 97 17
person 0.0014 91 10 100 23
person 0.0013 87 0 93 14
person 0.0012 82 2 89 15
person 0.0012 108 24 116 30
person 0.0011 104 16 112 30
person 0.0011 82 17 90 30
person 0.0010 99 24 109 30
boat 0.0044 409 136 497 170
boat 0.0031 412 150 477 169
bird 0.0016 432 154 443 163
dog 0.0015 15 217 49 251
