person 0.1294 474 203 479 214
person 0.0134 345 140 353 149
person 0.0086 482 189 498 212
person 0.0073 494 205 499 213
person 0.0043 487 189 494 207
person 0.0037 494 188 499 200
person 0.0024 253 166 271 186
person 0.0023 492 197 499 212
person 0.0023 484 203 495 213
person 0.0022 481 197 489 206
person 0.0021 375 179 382 198
person 0.0019 480 197 496 211
person 0.0017 455 205 462 214
person 0.0015 0 200 4 207
person 0.0013 448 206 452 214
person 0.0012 482 191 491 207
person 0.0012 81 182 100 206
person 0.0011 267 177 273 185
car 0.0134 438 206 445 215
car 0.0038 480 196 498 212
car 0.0019 448 205 461 215
car 0.0015 436 206 442 215
car 0.0012 453 203 461 214
train 0.8516 0 93 440 325
train 0.0252 1 93 220 328
train 0.0228 206 127 439 280
train 0.0065 480 189 499 213
train 0.0012 4 92 432 164
chair 0.0013 0 146 10 207
