person 0.8990 251 396 374 499
person 0.8625 295 305 359 433
person 0.3856 341 308 357 338
person 0.3420 355 306 374 348
person 0.3058 352 348 374 426
person 0.2907 353 313 374 389
person 0.0816 300 303 320 336
person 0.0777 344 306 355 316
person 0.0556 358 306 374 324
person 0.0444 352 304 360 312
person 0.0413 363 349 374 383
person 0.0381 363 322 374 349
person 0.0139 362 350 375 418
person 0.0119 353 305 360 321
person 0.0105 363 320 375 373
person 0.0103 295 303 321 386
person 0.0084 264 250 292 300
person 0.0083 336 316 342 326
person 0.0082 367 318 374 326
person 0.0056 326 305 340 328
person 0.0045 336 306 343 325
person 0.0043 303 302 315 321
person 0.0039 337 303 343 317
person 0.0036 312 299 322 314
person 0.0030 356 307 366 336
person 0.0020 251 396 313 499
person 0.0017 350 302 358 311
person 0.0013 256 316 269 341
person 0.0012 371 309 375 321
person 0.0012 346 302 359 312
person 0.0012 336 315 346 329
person 0.0012 331 309 356 351
person 0.0011 327 306 360 380
person 0.0010 317 308 327 336
person 0.0010 340 312 359 367
motorbike 0.7819 8 116 330 499
motorbike 0.0016 3 421 229 499
motorbike 0.0014 6 391 352 499
diningtable 0.0021 1 425 97 499
