person 0.9185 386 66 499 328
person 0.9031 98 67 436 328
person 0.4722 108 16 208 190
person 0.3977 190 28 328 232
person 0.3650 0 18 84 154
person 0.3031 254 28 328 190
person 0.2134 0 18 130 224
person 0.2091 173 0 221 76
person 0.1322 105 0 221 77
person 0.0572 8 17 207 277
person 0.0365 1 19 61 92
person 0.0245 100 108 278 278
person 0.0157 115 28 332 289
person 0.0153 194 0 221 50
person 0.0138 190 129 272 227
person 0.0072 496 58 499 68
person 0.0058 274 67 440 327
person 0.0046 481 178 499 209
person 0.0045 248 26 380 228
person 0.0033 2 0 220 82
person 0.0029 0 40 16 87
person 0.0022 21 17 61 72
person 0.0021 175 29 214 76
person 0.0020 0 9 123 92
person 0.0017 76 18 131 85
person 0.0016 16 18 41 60
person 0.0015 272 120 306 199
person 0.0014 250 30 377 126
person 0.0013 496 50 499 67
person 0.0013 188 152 317 237
person 0.0013 466 63 499 86
person 0.0011 104 26 115 47
person 0.0011 107 0 179 28
person 0.0010 107 76 134 94
person 0.0010 0 48 9 88
car 0.0096 369 129 398 171
car 0.0041 376 55 499 92
car 0.0021 376 57 499 149
car 0.0015 375 166 390 178
bus 0.0032 375 55 499 91
boat 0.0055 0 180 135 331
boat 0.0010 209 0 377 71
boat 0.0010 10 0 475 76
chair 0.1265 69 132 155 238
chair 0.0770 164 240 246 270
chair 0.0320 0 118 153 292
chair 0.0309 346 283 364 333
chair 0.0225 48 115 130 231
chair 0.0161 16 218 139 330
chair 0.0160 325 48 389 68
chair 0.0114 100 132 155 201
chair 0.0103 0 149 102 277
chair 0.0067 121 221 254 303
chair 0.0057 156 222 249 266
chair 0.0053 370 130 397 169
chair 0.0050 0 252 61 330
chair 0.0040 164 239 248 311
chair 0.0040 171 231 294 331
chair 0.0033 117 241 244 279
chair 0.0030 98 128 256 274
chair 0.0028 154 244 219 275
chair 0.0026 367 63 398 92
chair 0.0023 324 47 391 85
chair 0.0022 479 180 499 208
chair 0.0022 384 107 412 130
chair 0.0016 391 127 404 156
chair 0.0015 372 55 500 92
chair 0.0014 0 42 19 86
chair 0.0014 105 195 249 275
chair 0.0013 344 283 414 333
chair 0.0012 125 188 293 323
chair 0.0011 68 130 318 323
diningtable 0.0302 0 251 61 330
diningtable 0.0163 192 73 264 96
diningtable 0.0107 216 68 262 79
diningtable 0.0054 206 66 264 85
diningtable 0.0035 192 75 267 118
diningtable 0.0015 175 63 268 107
