person 0.9622 283 81 488 370
person 0.9358 190 153 296 363
person 0.9352 89 123 201 329
person 0.7682 85 41 143 114
person 0.7585 48 0 86 94
person 0.7544 161 2 189 29
person 0.7335 0 91 32 188
person 0.3889 112 0 152 76
person 0.0678 0 31 41 99
person 0.0206 69 33 87 89
person 0.0105 162 1 190 69
person 0.0103 0 14 36 180
person 0.0094 0 35 20 67
person 0.0093 0 35 20 99
person 0.0076 113 0 151 39
person 0.0068 145 2 163 29
person 0.0038 123 0 140 70
person 0.0030 0 32 7 58
person 0.0028 112 2 134 66
person 0.0024 0 92 11 175
person 0.0020 128 121 151 144
person 0.0011 0 81 6 98
person 0.0010 48 0 83 48
person 0.0010 0 90 12 129
bottle 0.0959 76 87 91 112
bottle 0.0120 293 207 304 222
bottle 0.0070 299 198 310 209
bottle 0.0028 271 197 284 215
bottle 0.0013 288 198 329 220
bottle 0.0011 267 198 278 222
bottle 0.0010 152 305 170 325
chair 0.9087 44 178 195 369
chair 0.8470 77 113 112 193
chair 0.5495 105 103 136 134
chair 0.4493 477 220 489 276
chair 0.3472 107 132 128 174
chair 0.2745 346 220 497 372
chair 0.2046 44 178 102 300
chair 0.1947 10 35 48 97
chair 0.1851 468 220 497 373
chair 0.0960 0 143 9 178
chair 0.0916 469 336 499 374
chair 0.0415 247 167 294 198
chair 0.0376 0 144 6 167
chair 0.0357 342 337 499 373
chair 0.0319 105 103 140 159
chair 0.0290 1 31 39 71
chair 0.0232 25 36 48 85
chair 0.0225 341 351 382 374
chair 0.0224 112 129 129 154
chair 0.0221 477 220 490 319
chair 0.0179 0 69 19 84
chair 0.0160 0 160 9 178
chair 0.0137 0 41 19 64
chair 0.0114 108 121 149 171
chair 0.0109 26 36 41 62
chair 0.0100 160 75 201 96
chair 0.0089 0 141 31 186
chair 0.0088 20 63 48 96
chair 0.0087 84 78 94 87
chair 0.0086 0 68 18 99
chair 0.0083 84 56 98 79
chair 0.0078 0 58 43 99
chair 0.0065 0 138 17 182
chair 0.0062 128 66 144 94
chair 0.0049 17 120 75 134
chair 0.0047 112 129 128 142
chair 0.0038 139 25 203 96
chair 0.0036 0 69 6 98
chair 0.0035 69 36 87 90
chair 0.0027 5 31 26 49
chair 0.0026 26 35 38 46
chair 0.0025 82 273 194 370
chair 0.0025 126 110 141 128
chair 0.0025 0 141 14 168
chair 0.0024 31 121 75 130
chair 0.0024 425 222 490 372
chair 0.0024 140 105 158 112
chair 0.0021 458 219 490 276
chair 0.0019 1 80 21 101
chair 0.0018 128 121 151 139
chair 0.0017 132 89 145 109
chair 0.0016 5 111 76 133
chair 0.0015 192 25 202 82
chair 0.0015 186 162 294 201
chair 0.0014 76 113 111 147
chair 0.0014 480 260 500 344
chair 0.0014 362 350 381 363
chair 0.0014 175 235 196 257
chair 0.0013 124 104 141 114
chair 0.0013 0 145 11 197
chair 0.0013 1 90 77 133
chair 0.0012 0 99 9 177
chair 0.0011 124 90 144 114
chair 0.0010 45 222 88 303
sofa 0.0643 469 336 499 373
sofa 0.0068 342 351 382 374
sofa 0.0044 393 335 498 373
sofa 0.0033 463 219 497 371
sofa 0.0016 331 348 496 373
pottedplant 0.0109 142 87 171 110
diningtable 0.2209 137 107 204 139
diningtable 0.0508 246 188 369 255
diningtable 0.0232 237 186 371 309
diningtable 0.0061 0 69 21 93
diningtable 0.0039 137 107 205 183
diningtable 0.0036 165 171 370 277
diningtable 0.0026 177 153 305 317
