person 0.9612 154 43 325 328
person 0.9286 301 150 375 331
person 0.9121 12 197 184 329
person 0.7138 407 270 468 321
person 0.4957 486 259 499 300
person 0.4842 414 259 499 331
person 0.0298 483 259 499 332
person 0.0120 0 228 13 253
person 0.0116 466 259 500 302
person 0.0053 0 228 24 299
person 0.0031 301 147 497 329
person 0.0019 0 201 7 252
person 0.0017 181 148 376 329
person 0.0015 486 190 499 302
person 0.0014 0 194 12 254
person 0.0011 0 228 16 267
bottle 0.8094 399 311 424 332
chair 0.0032 153 265 204 331
chair 0.0023 0 293 36 311
chair 0.0017 170 245 205 295
chair 0.0011 0 307 28 332
sofa 0.0014 391 292 500 332
diningtable 0.0746 0 235 95 266
diningtable 0.0295 338 306 392 332
diningtable 0.0287 0 235 94 312
diningtable 0.0113 336 283 418 331
diningtable 0.0074 332 283 500 331
diningtable 0.0041 0 292 37 311
diningtable 0.0034 358 312 391 332
diningtable 0.0033 152 280 381 331
diningtable 0.0033 161 242 204 333
diningtable 0.0030 0 303 31 331
diningtable 0.0026 170 250 204 294
diningtable 0.0025 5 261 196 330
diningtable 0.0024 169 273 201 293
diningtable 0.0020 0 279 36 323
diningtable 0.0015 136 238 392 330
diningtable 0.0014 356 324 378 332
diningtable 0.0012 0 205 94 265
tvmonitor 0.0082 231 0 376 143
