person 0.7550 0 0 20 82
person 0.6858 59 0 93 78
person 0.5962 133 0 164 75
person 0.4011 41 0 62 30
person 0.3420 192 0 216 18
person 0.2772 227 0 247 22
person 0.2755 169 0 187 19
person 0.2445 16 0 41 44
person 0.0685 31 0 49 32
person 0.0613 447 0 457 28
person 0.0375 28 1 42 38
person 0.0293 300 0 328 15
person 0.0254 6 0 21 35
person 0.0221 167 0 188 59
person 0.0148 0 49 14 82
person 0.0125 117 0 137 27
person 0.0121 314 0 328 15
person 0.0094 183 0 197 16
person 0.0090 229 0 328 20
person 0.0076 41 0 95 31
person 0.0074 451 0 460 28
person 0.0071 31 0 50 16
person 0.0057 77 0 94 25
person 0.0055 119 10 136 30
person 0.0055 368 43 389 84
person 0.0054 286 0 303 15
person 0.0052 484 25 494 43
person 0.0052 117 0 136 12
person 0.0049 107 0 118 12
person 0.0039 136 0 165 24
person 0.0036 207 0 223 18
person 0.0035 269 0 302 16
person 0.0033 389 47 403 71
person 0.0032 80 0 98 14
person 0.0032 1 7 40 80
person 0.0028 245 0 282 18
person 0.0026 15 0 30 26
person 0.0026 152 0 166 20
person 0.0019 16 0 37 14
person 0.0018 19 4 107 71
person 0.0017 482 7 499 43
person 0.0016 59 0 84 29
person 0.0015 42 0 54 16
person 0.0015 353 40 384 83
person 0.0014 136 0 154 19
person 0.0014 267 0 286 16
person 0.0013 0 0 14 16
person 0.0012 29 0 41 21
person 0.0012 208 2 217 18
person 0.0011 411 0 456 36
person 0.0011 0 2 9 33
car 0.9610 37 14 425 313
car 0.9036 19 10 141 70
car 0.0107 396 29 425 70
car 0.0083 395 30 424 50
car 0.0025 19 26 66 69
car 0.0023 231 0 327 18
car 0.0019 10 8 238 75
motorbike 0.0098 1 45 40 82
motorbike 0.0051 0 12 39 82
chair 0.0108 458 0 499 38
chair 0.0010 478 0 499 43
pottedplant 0.0049 411 0 454 33
