person 0.8509 40 67 85 215
person 0.4271 0 125 22 208
person 0.0485 141 98 162 132
person 0.0315 13 125 47 205
person 0.0280 402 170 427 212
person 0.0196 143 96 185 136
person 0.0080 37 118 53 178
person 0.0063 0 108 21 158
person 0.0060 237 96 268 133
person 0.0050 36 83 54 126
person 0.0050 149 98 164 126
person 0.0030 14 164 45 205
person 0.0029 34 84 54 182
person 0.0029 0 129 19 274
person 0.0027 0 111 12 143
person 0.0026 35 113 44 124
person 0.0023 179 100 201 133
person 0.0018 0 172 19 209
person 0.0014 11 95 18 113
person 0.0013 1 106 50 191
person 0.0011 34 118 49 135
person 0.0010 178 102 216 137
person 0.0010 382 96 391 117
bicycle 0.0070 0 124 22 179
bicycle 0.0010 0 125 7 151
car 0.9137 63 65 416 313
car 0.3504 0 107 17 127
car 0.0471 0 107 19 144
car 0.0163 0 108 11 124
car 0.0138 0 107 16 118
car 0.0126 1 109 49 204
car 0.0079 0 108 47 149
car 0.0039 0 107 27 182
car 0.0032 379 207 499 370
car 0.0020 35 117 45 125
car 0.0013 436 351 499 373
car 0.0013 77 117 109 145
motorbike 0.0493 401 170 427 212
motorbike 0.0061 386 158 427 212
motorbike 0.0036 0 107 26 182
chair 0.0019 461 202 499 228
tvmonitor 0.0559 376 63 457 120
tvmonitor 0.0047 379 92 405 117
tvmonitor 0.0026 418 65 456 119
