person 0.5309 458 164 468 182
person 0.5063 418 152 427 179
person 0.4594 430 169 437 183
person 0.3581 443 154 453 183
person 0.3107 133 151 143 173
person 0.2924 120 153 129 177
person 0.2466 151 149 160 177
person 0.1522 450 154 457 183
person 0.1430 467 150 477 177
person 0.1397 435 153 443 178
person 0.1201 437 153 445 183
person 0.1188 454 149 462 181
person 0.0954 429 151 436 175
person 0.0929 0 149 18 188
person 0.0894 84 146 97 178
person 0.0724 419 153 426 167
person 0.0694 73 148 83 178
person 0.0528 452 153 459 183
person 0.0499 112 151 121 177
person 0.0429 143 148 152 177
person 0.0378 431 151 437 170
person 0.0279 151 151 159 166
person 0.0261 413 152 418 165
person 0.0251 73 148 82 160
person 0.0202 442 155 448 183
person 0.0161 84 147 92 159
person 0.0159 415 153 420 166
person 0.0153 129 152 138 173
person 0.0150 90 148 101 177
person 0.0149 80 147 92 178
person 0.0117 454 149 462 165
person 0.0111 0 148 16 164
person 0.0109 463 150 470 168
person 0.0095 452 167 458 183
person 0.0075 454 148 460 158
person 0.0070 107 148 118 180
person 0.0063 476 161 483 180
person 0.0056 468 149 475 157
person 0.0052 424 153 430 165
person 0.0046 495 153 499 160
person 0.0041 183 147 187 156
person 0.0041 494 153 500 179
person 0.0040 463 149 469 158
person 0.0040 420 164 428 180
person 0.0030 419 151 426 159
person 0.0028 121 153 138 179
person 0.0027 70 147 91 180
person 0.0027 0 148 8 160
person 0.0026 135 151 142 161
person 0.0020 93 149 105 177
person 0.0020 53 138 67 181
person 0.0017 172 149 178 156
person 0.0017 488 154 499 179
person 0.0016 407 153 412 163
person 0.0015 171 149 182 176
person 0.0015 472 148 478 157
person 0.0014 476 155 490 181
person 0.0012 111 148 116 157
person 0.0012 81 157 101 178
person 0.0011 43 137 65 180
person 0.0011 408 152 417 165
bicycle 0.0012 86 162 100 178
car 0.0010 406 146 421 153
train 0.8086 212 131 380 204
train 0.0056 434 101 499 177
train 0.0037 488 113 499 158
train 0.0015 0 103 118 189
train 0.0013 0 159 120 191
train 0.0012 213 133 376 169
