person 0.8712 220 14 333 190
person 0.7889 142 54 257 210
person 0.5822 0 161 361 370
person 0.5519 52 75 96 161
person 0.1574 451 286 499 372
person 0.0794 196 179 359 343
person 0.0755 199 178 496 370
person 0.0340 77 116 97 140
person 0.0238 105 178 429 316
person 0.0189 77 115 108 157
person 0.0180 125 180 158 210
person 0.0155 3 5 487 367
person 0.0087 374 284 499 373
person 0.0084 64 37 286 217
person 0.0083 353 214 499 371
person 0.0035 3 156 289 254
person 0.0017 62 62 356 339
horse 0.0051 400 349 429 374
bottle 0.0402 126 179 158 210
bottle 0.0021 246 98 273 135
chair 0.1912 213 259 308 372
chair 0.0692 197 178 361 370
chair 0.0588 117 181 283 253
chair 0.0272 288 263 343 372
chair 0.0202 351 217 488 372
chair 0.0099 456 285 499 373
chair 0.0045 263 264 317 373
chair 0.0024 371 306 416 372
chair 0.0023 213 275 275 318
chair 0.0017 370 281 496 373
chair 0.0016 253 173 285 209
chair 0.0013 286 186 366 370
chair 0.0010 342 193 429 241
sofa 0.0254 349 219 497 372
sofa 0.0227 14 181 489 373
sofa 0.0151 452 285 499 372
sofa 0.0137 118 169 285 252
sofa 0.0071 2 10 493 365
sofa 0.0043 207 260 302 373
sofa 0.0033 257 179 498 370
sofa 0.0012 0 225 324 372
pottedplant 0.0012 52 161 65 181
diningtable 0.0044 52 156 113 184
tvmonitor 0.4490 3 2 457 259
tvmonitor 0.0073 27 0 56 184
tvmonitor 0.0017 27 10 248 213
