person 0.0059 275 234 285 249
person 0.0055 369 230 392 258
person 0.0047 152 250 156 263
person 0.0041 234 252 240 263
person 0.0022 197 250 202 262
person 0.0020 365 230 378 257
person 0.0019 378 246 395 258
person 0.0018 378 246 383 258
person 0.0018 147 249 150 255
person 0.0016 432 249 445 258
person 0.0016 429 249 439 258
person 0.0010 415 247 428 260
person 0.0010 394 244 401 256
car 0.9326 390 244 487 303
car 0.6461 198 251 206 263
car 0.6338 221 250 240 264
car 0.0505 234 250 242 255
car 0.0389 209 252 223 260
car 0.0320 331 244 366 256
car 0.0124 379 246 402 258
car 0.0079 331 232 367 257
car 0.0051 395 248 402 258
car 0.0019 202 252 208 260
car 0.0018 348 245 366 257
car 0.0016 330 248 339 256
car 0.0013 236 187 243 192
car 0.0013 232 251 241 264
car 0.0013 331 245 348 256
car 0.0010 339 244 390 257
bus 0.4078 335 228 399 257
bus 0.0132 370 230 399 257
bus 0.0082 334 229 369 256
bird 0.0099 493 85 499 93
bird 0.0024 458 57 473 62
