person 0.7995 66 37 297 290
person 0.7084 275 142 489 316
person 0.0074 130 142 491 369
person 0.0039 1 20 419 328
person 0.0011 1 158 160 315
bottle 0.1091 0 212 102 320
bottle 0.0190 0 272 68 317
chair 0.5455 0 1 46 132
chair 0.1879 0 1 155 132
chair 0.0543 77 0 156 131
chair 0.0098 1 153 158 304
chair 0.0024 54 0 84 75
chair 0.0018 36 1 411 189
chair 0.0013 411 228 499 311
chair 0.0011 0 0 41 65
sofa 0.3676 153 0 498 234
sofa 0.1388 1 -1 500 369
sofa 0.0026 34 0 501 123
sofa 0.0013 351 237 496 370
diningtable 0.0737 355 240 499 370
diningtable 0.0084 0 1 46 132
