person 0.9240 277 212 341 344
person 0.8368 46 250 70 313
person 0.8006 461 262 474 312
person 0.6879 347 257 370 313
person 0.6649 439 269 454 312
person 0.4982 397 259 411 314
person 0.3046 83 285 97 314
person 0.1340 384 258 403 316
person 0.1061 447 268 455 308
person 0.0633 303 146 317 159
person 0.0571 489 272 499 311
person 0.0560 79 263 95 313
person 0.0446 491 292 500 310
person 0.0317 109 291 121 309
person 0.0275 494 270 500 307
person 0.0207 316 151 323 164
person 0.0185 11 373 44 415
person 0.0105 309 146 322 162
person 0.0101 0 235 9 303
person 0.0100 291 141 317 160
person 0.0087 449 271 455 289
person 0.0084 480 264 499 310
person 0.0071 86 287 121 312
person 0.0067 483 168 499 203
person 0.0055 248 140 272 161
person 0.0053 442 273 451 286
person 0.0027 291 142 305 158
person 0.0026 368 256 386 283
person 0.0025 0 253 9 287
person 0.0023 397 258 409 288
person 0.0022 0 263 8 297
person 0.0022 0 245 15 318
person 0.0022 462 287 474 311
person 0.0021 3 269 21 317
person 0.0021 255 140 285 159
person 0.0020 77 239 99 311
person 0.0020 269 142 285 158
person 0.0020 462 264 473 288
person 0.0019 352 259 369 284
person 0.0018 494 268 500 285
person 0.0018 398 284 410 313
person 0.0018 3 243 24 304
person 0.0017 0 236 8 262
person 0.0017 486 263 499 285
person 0.0017 91 285 97 292
person 0.0016 397 259 404 279
person 0.0014 246 141 257 161
person 0.0014 492 261 499 291
person 0.0014 0 235 4 257
person 0.0013 339 257 355 309
person 0.0012 56 229 68 257
person 0.0012 385 256 404 284
person 0.0011 359 256 397 316
person 0.0011 203 159 224 209
person 0.0011 0 261 10 322
person 0.0010 89 285 98 311
aeroplane 0.8305 1 47 499 332
aeroplane 0.0064 2 50 497 181
aeroplane 0.0044 472 265 500 307
aeroplane 0.0020 412 245 497 302
aeroplane 0.0019 2 37 496 119
aeroplane 0.0016 3 245 493 338
