person 0.9515 0 106 224 347
person 0.8983 339 68 499 370
person 0.8537 218 114 384 372
person 0.0211 437 248 499 372
person 0.0090 12 118 398 370
person 0.0075 323 74 362 284
person 0.0065 157 1 194 42
person 0.0047 200 5 220 55
person 0.0035 0 104 113 317
person 0.0022 157 3 175 42
person 0.0021 27 115 51 153
person 0.0019 307 210 385 371
person 0.0016 192 54 527 381
person 0.0014 0 133 27 306
bottle 0.9044 21 221 54 334
bottle 0.8055 365 85 401 174
bottle 0.6406 324 79 354 172
bottle 0.1283 332 1 409 290
bottle 0.0983 339 206 382 281
bottle 0.0977 95 317 136 374
bottle 0.0631 357 83 402 286
bottle 0.0073 323 79 364 277
bottle 0.0070 471 0 488 77
bottle 0.0028 488 0 499 86
bottle 0.0026 339 0 412 149
bottle 0.0021 337 159 396 281
bottle 0.0017 363 0 381 19
bottle 0.0017 391 0 405 48
bottle 0.0016 381 0 400 47
bottle 0.0010 479 1 499 80
chair 0.0555 0 130 30 193
chair 0.0336 160 170 242 258
chair 0.0153 215 231 241 258
chair 0.0137 0 129 40 308
chair 0.0025 216 231 226 259
chair 0.0022 87 167 320 258
chair 0.0019 0 127 95 312
chair 0.0010 0 129 30 149
sofa 0.0791 0 129 31 192
sofa 0.0146 1 133 233 271
sofa 0.0048 13 116 462 370
sofa 0.0037 -2 154 371 292
sofa 0.0037 0 127 61 194
sofa 0.0030 0 119 231 194
sofa 0.0023 -9 182 324 372
sofa 0.0019 0 117 61 302
sofa 0.0019 0 129 30 149
sofa 0.0017 0 122 123 193
diningtable 0.5824 2 287 273 371
diningtable 0.0704 0 288 115 359
diningtable 0.0346 112 335 275 374
diningtable 0.0219 186 339 275 373
diningtable 0.0111 0 297 499 372
diningtable 0.0109 52 288 104 351
diningtable 0.0097 3 216 269 364
diningtable 0.0091 2 223 121 359
diningtable 0.0077 55 310 353 372
diningtable 0.0074 8 319 81 359
diningtable 0.0038 0 301 24 325
diningtable 0.0030 196 346 357 374
diningtable 0.0025 37 289 148 368
diningtable 0.0025 145 297 269 373
diningtable 0.0011 0 302 28 345
