person 0.8270 81 80 287 354
person 0.5100 209 124 420 368
person 0.0442 0 94 451 366
person 0.0112 219 121 373 271
person 0.0026 310 154 471 372
person 0.0011 470 88 499 138
cat 0.4109 212 183 375 338
cat 0.0746 308 184 372 260
cat 0.0057 280 183 372 301
cat 0.0019 210 232 302 303
cat 0.0017 202 118 240 159
cat 0.0010 232 178 375 267
dog 0.7037 210 185 371 342
dog 0.0808 307 184 372 260
dog 0.0091 280 183 372 304
dog 0.0018 218 236 311 307
dog 0.0012 264 163 416 359
dog 0.0010 173 231 339 350
chair 0.0167 352 165 478 374
chair 0.0033 467 88 499 270
chair 0.0018 202 118 240 157
sofa 0.8549 4 124 466 369
sofa 0.0209 -9 245 488 410
sofa 0.0131 359 165 479 371
sofa 0.0043 1 106 162 368
sofa 0.0037 -1 86 285 323
sofa 0.0026 216 140 477 371
sofa 0.0021 1 303 167 371
sofa 0.0016 56 274 421 380
sofa 0.0015 0 238 168 364
sofa 0.0011 141 214 424 351
pottedplant 0.0010 468 85 499 268
diningtable 0.0020 468 88 499 269
