person 0.8979 315 125 357 306
person 0.8966 73 129 96 217
person 0.8932 54 137 76 214
person 0.5296 488 194 496 214
person 0.0786 219 333 278 375
person 0.0567 0 182 35 220
person 0.0168 132 322 277 375
person 0.0098 0 282 114 371
person 0.0078 0 313 77 373
person 0.0078 480 194 491 231
person 0.0038 483 194 491 215
person 0.0036 468 195 489 234
person 0.0032 489 195 495 205
person 0.0029 74 135 81 171
person 0.0020 468 214 488 240
person 0.0013 486 183 497 216
person 0.0013 73 141 82 188
person 0.0010 73 130 84 159
bicycle 0.8756 428 179 493 236
bicycle 0.8475 177 254 342 347
bicycle 0.1719 177 269 308 309
bicycle 0.0359 482 194 497 231
bicycle 0.0342 1 186 305 370
bicycle 0.0306 461 179 495 232
bicycle 0.0244 176 272 255 304
bicycle 0.0078 467 195 489 234
bicycle 0.0075 131 313 278 375
bicycle 0.0052 1 285 276 373
bicycle 0.0038 277 271 309 300
bicycle 0.0035 303 254 342 336
bicycle 0.0031 428 187 464 234
bicycle 0.0015 218 333 278 374
bicycle 0.0015 490 216 499 229
bicycle 0.0013 488 202 499 227
bicycle 0.0012 252 269 308 301
bicycle 0.0010 227 259 309 305
chair 0.0100 461 178 494 230
chair 0.0047 460 178 492 196
