person 0.9244 272 14 348 233
person 0.8684 431 123 449 178
person 0.2451 418 133 426 151
person 0.2325 477 131 483 139
person 0.1743 494 133 499 140
person 0.1707 402 130 410 146
person 0.1604 480 132 486 139
person 0.0755 442 121 449 135
person 0.0532 426 133 433 152
person 0.0492 492 133 499 164
person 0.0357 478 132 486 142
person 0.0352 454 130 460 139
person 0.0260 427 133 432 140
person 0.0190 420 133 426 143
person 0.0173 496 150 500 167
person 0.0087 88 114 102 128
person 0.0084 435 123 443 132
person 0.0071 413 135 424 151
person 0.0060 212 40 344 229
person 0.0054 459 132 465 138
person 0.0049 489 132 500 140
person 0.0047 178 136 198 156
person 0.0045 486 133 493 140
person 0.0041 443 121 456 141
person 0.0039 429 131 436 140
person 0.0036 479 139 487 148
person 0.0026 435 122 449 145
person 0.0024 57 117 66 125
person 0.0022 94 115 104 130
person 0.0021 495 151 500 174
person 0.0016 475 136 498 175
person 0.0016 490 136 499 153
person 0.0013 466 140 474 147
person 0.0012 489 134 498 147
person 0.0011 453 131 463 144
person 0.0010 171 139 188 159
person 0.0010 148 169 225 184
car 0.1024 0 105 131 196
car 0.0078 178 136 198 156
dog 0.9463 144 203 196 344
horse 0.9541 216 69 421 371
horse 0.3856 170 136 199 169
horse 0.0029 170 134 228 171
horse 0.0016 214 68 298 216
cow 0.1803 170 136 199 169
chair 0.0460 424 138 432 153
chair 0.0392 468 149 500 176
chair 0.0373 413 141 427 152
chair 0.0053 411 143 419 152
chair 0.0050 404 137 414 150
chair 0.0047 468 157 489 177
