person 0.0362 44 245 61 272
person 0.0122 466 193 475 200
person 0.0083 481 195 489 201
person 0.0066 239 187 247 195
person 0.0065 473 193 483 201
person 0.0046 210 182 219 191
person 0.0036 193 180 210 201
person 0.0034 330 79 340 90
person 0.0030 235 185 248 195
person 0.0027 199 180 219 201
person 0.0024 462 192 469 200
person 0.0022 423 116 429 123
person 0.0021 202 181 215 197
person 0.0018 375 79 379 89
person 0.0017 50 248 55 262
person 0.0015 478 190 492 202
person 0.0014 35 49 80 84
person 0.0014 233 187 250 200
person 0.0010 426 199 430 206
person 0.0010 412 11 420 17
bicycle 0.0086 43 249 60 272
car 0.5990 408 184 499 225
car 0.1769 70 218 104 257
car 0.0727 87 227 104 255
car 0.0233 484 189 499 203
car 0.0201 407 202 432 220
car 0.0098 285 60 318 91
car 0.0067 483 189 499 217
car 0.0037 489 192 500 204
car 0.0029 88 227 102 240
car 0.0029 492 208 499 225
bus 0.4801 169 118 303 272
train 0.7856 169 108 303 272
boat 0.0041 476 46 499 56
boat 0.0034 476 38 499 55
bird 0.0023 488 0 499 14
pottedplant 0.4578 65 237 80 266
pottedplant 0.3399 30 217 47 258
pottedplant 0.1499 70 218 104 258
pottedplant 0.1294 48 222 67 257
pottedplant 0.1250 84 238 98 262
pottedplant 0.1137 69 237 85 264
pottedplant 0.1086 60 241 69 266
pottedplant 0.0946 77 239 88 263
pottedplant 0.0897 43 245 61 272
pottedplant 0.0648 87 228 104 255
pottedplant 0.0535 56 243 66 267
pottedplant 0.0410 51 222 79 266
pottedplant 0.0297 50 222 65 238
pottedplant 0.0235 77 247 85 263
pottedplant 0.0227 52 244 63 269
pottedplant 0.0223 65 252 79 266
pottedplant 0.0169 42 251 54 272
pottedplant 0.0148 88 239 101 258
pottedplant 0.0104 73 222 90 257
pottedplant 0.0100 60 225 73 243
pottedplant 0.0099 46 233 62 257
pottedplant 0.0093 75 250 82 265
pottedplant 0.0088 84 247 94 261
pottedplant 0.0064 52 254 60 271
pottedplant 0.0063 31 234 42 258
pottedplant 0.0062 46 233 59 248
pottedplant 0.0059 66 233 80 252
pottedplant 0.0058 29 217 44 238
pottedplant 0.0054 69 220 89 243
pottedplant 0.0053 38 233 48 258
pottedplant 0.0041 40 221 92 270
pottedplant 0.0037 70 217 101 239
pottedplant 0.0036 59 255 66 266
pottedplant 0.0034 50 195 66 224
pottedplant 0.0032 34 241 46 259
pottedplant 0.0031 65 227 73 240
pottedplant 0.0027 53 233 64 261
pottedplant 0.0023 71 255 79 266
pottedplant 0.0020 44 216 52 235
pottedplant 0.0018 78 255 84 263
pottedplant 0.0018 71 229 86 246
pottedplant 0.0017 41 242 50 266
pottedplant 0.0015 42 261 52 272
pottedplant 0.0013 0 214 13 277
pottedplant 0.0011 40 224 53 254
pottedplant 0.0010 95 244 103 255
pottedplant 0.0010 0 250 6 278
