person 0.9301 0 28 83 218
person 0.9170 339 105 399 219
person 0.8817 273 69 364 219
person 0.8762 45 0 127 158
person 0.5839 199 17 337 155
person 0.0418 204 15 216 38
person 0.0268 101 0 144 36
person 0.0208 200 11 247 103
person 0.0192 190 14 216 38
person 0.0171 203 14 223 57
person 0.0138 90 2 115 42
person 0.0128 204 11 245 61
person 0.0091 193 14 219 55
person 0.0039 229 25 304 100
person 0.0034 178 15 215 49
person 0.0030 203 0 245 35
person 0.0030 131 0 157 33
person 0.0027 185 0 218 36
person 0.0017 203 14 230 39
person 0.0011 157 0 193 36
bottle 0.2373 160 25 172 56
bottle 0.1194 189 100 213 159
bottle 0.0455 149 0 161 45
bottle 0.0178 150 0 160 27
bottle 0.0150 141 31 154 56
bottle 0.0028 140 38 149 57
bottle 0.0021 133 32 144 55
bottle 0.0021 176 20 185 38
bottle 0.0018 152 19 161 47
bottle 0.0018 176 7 189 38
bottle 0.0013 131 0 154 33
chair 0.3356 344 41 368 104
chair 0.3348 331 73 359 141
chair 0.0453 345 35 400 112
chair 0.0335 387 85 399 106
chair 0.0183 302 68 359 142
chair 0.0154 84 80 102 103
chair 0.0150 228 85 247 95
chair 0.0138 243 173 314 220
chair 0.0097 321 41 367 90
chair 0.0079 228 69 247 93
chair 0.0069 386 31 400 107
chair 0.0049 328 38 368 132
chair 0.0045 274 68 358 178
chair 0.0036 372 34 400 110
chair 0.0030 302 63 313 71
chair 0.0029 25 190 132 220
chair 0.0025 377 83 400 111
chair 0.0019 26 203 95 221
chair 0.0018 337 99 359 143
chair 0.0017 288 62 313 73
chair 0.0015 306 29 349 86
chair 0.0014 387 29 399 66
chair 0.0014 276 203 315 221
chair 0.0013 88 80 102 94
chair 0.0010 0 186 54 220
sofa 0.0129 0 4 55 42
sofa 0.0020 0 27 51 47
diningtable 0.6950 40 78 299 218
diningtable 0.1553 92 24 216 78
diningtable 0.1027 30 162 307 219
diningtable 0.0112 97 54 215 77
diningtable 0.0049 192 167 314 220
diningtable 0.0024 114 32 229 61
diningtable 0.0018 226 200 312 221
diningtable 0.0011 102 60 210 88
