person 0.9468 138 92 240 367
person 0.9043 257 116 341 373
person 0.8987 362 116 437 373
person 0.8568 10 135 70 228
person 0.8263 455 147 499 372
person 0.6685 0 117 31 372
person 0.1969 306 116 348 312
person 0.0541 0 118 14 170
person 0.0329 470 146 499 237
person 0.0197 0 263 31 372
person 0.0187 0 117 17 247
person 0.0170 455 323 499 372
person 0.0133 -1 112 90 372
person 0.0076 12 135 70 181
person 0.0064 0 272 18 366
person 0.0057 380 116 435 194
person 0.0051 473 144 499 198
person 0.0051 405 120 436 211
person 0.0032 13 135 70 158
person 0.0030 246 113 287 189
person 0.0028 12 159 29 183
person 0.0027 248 144 274 188
person 0.0025 9 121 20 160
person 0.0022 455 270 499 373
person 0.0018 333 152 347 178
person 0.0016 37 156 55 175
person 0.0016 370 115 389 138
person 0.0015 0 95 15 154
person 0.0014 0 158 17 192
person 0.0014 8 145 20 159
person 0.0011 475 168 484 187
person 0.0010 0 179 18 370
bicycle 0.8172 10 184 94 242
bicycle 0.0132 78 222 108 243
bicycle 0.0067 32 219 108 243
bicycle 0.0026 13 183 121 209
bicycle 0.0017 2 210 93 251
bicycle 0.0011 51 196 103 243
bicycle 0.0010 66 202 92 243
bicycle 0.0010 87 149 118 187
car 0.0027 13 135 70 157
car 0.0016 5 124 69 190
car 0.0011 306 100 353 134
car 0.0010 87 149 119 187
bus 0.0063 7 133 119 212
dog 0.0057 246 110 287 189
bottle 0.7327 238 210 262 231
bottle 0.1552 251 200 267 220
bottle 0.0936 476 258 499 289
bottle 0.0011 225 211 236 247
pottedplant 0.0019 425 199 480 266
pottedplant 0.0018 243 1 499 76
pottedplant 0.0016 444 206 476 283
pottedplant 0.0014 99 201 121 242
pottedplant 0.0011 64 89 118 162
pottedplant 0.0010 418 195 467 300
