person 0.5093 3 12 300 498
person 0.0385 174 22 323 491
person 0.0238 24 0 255 69
person 0.0103 0 292 216 430
person 0.0049 6 0 270 121
person 0.0049 1 279 305 499
person 0.0037 184 237 324 485
person 0.0025 81 4 343 382
person 0.0019 0 8 105 501
person 0.0017 0 0 32 86
person 0.0017 1 1 278 249
person 0.0015 0 308 155 499
car 0.0065 291 219 354 245
car 0.0052 274 199 364 274
dog 0.6776 2 3 282 488
dog 0.0347 0 291 212 498
dog 0.0022 0 135 159 497
dog 0.0014 1 378 153 498
chair 0.1131 270 165 372 400
chair 0.0018 346 181 374 399
chair 0.0015 312 326 327 400
chair 0.0014 270 166 373 277
sofa 0.0030 0 0 33 88
tvmonitor 0.0015 0 0 32 86
