person 0.9292 0 0 146 280
person 0.8530 128 0 355 184
person 0.0192 250 0 355 162
person 0.0123 0 0 23 34
person 0.0084 1 0 84 46
person 0.0080 0 0 80 132
person 0.0071 127 53 149 154
person 0.0037 0 44 61 135
person 0.0027 251 0 315 82
person 0.0026 187 0 303 116
person 0.0021 0 5 138 152
person 0.0021 312 0 374 99
person 0.0013 0 -30 69 234
person 0.0010 129 5 190 171
person 0.0010 302 3 357 152
bottle 0.9084 295 79 342 259
bottle 0.9001 125 29 237 460
bottle 0.0070 303 78 356 150
bottle 0.0056 164 0 188 27
bottle 0.0040 77 198 286 438
bottle 0.0029 306 86 333 153
bottle 0.0025 132 26 226 278
bottle 0.0024 317 93 333 148
bottle 0.0015 327 96 356 151
bottle 0.0012 243 80 368 185
bottle 0.0011 296 78 331 183
chair 0.0145 336 95 374 149
chair 0.0029 327 92 356 149
chair 0.0022 292 82 357 150
chair 0.0017 128 63 148 155
chair 0.0012 136 110 148 154
diningtable 0.3862 0 233 374 496
diningtable 0.0645 61 21 361 483
diningtable 0.0128 189 71 373 482
diningtable 0.0055 142 73 465 554
diningtable 0.0041 107 20 252 374
diningtable 0.0039 335 184 375 245
diningtable 0.0019 40 29 308 305
diningtable 0.0019 122 25 361 229
diningtable 0.0013 2 -1 235 491
diningtable 0.0013 284 173 374 253
diningtable 0.0011 269 82 372 184
