bird 0.0025 94 95 114 117
bird 0.0016 231 86 275 118
bird 0.0014 94 109 113 117
bird 0.0013 299 98 308 108
cat 0.0448 0 323 13 371
dog 0.0584 0 323 13 371
dog 0.0092 0 323 43 373
bottle 0.7785 310 262 329 310
chair 0.3402 366 283 499 372
chair 0.0082 0 323 26 372
chair 0.0047 366 331 433 373
chair 0.0019 367 327 498 373
chair 0.0019 0 305 12 370
chair 0.0015 0 325 49 374
sofa 0.9645 90 118 394 371
sofa 0.7341 367 284 499 371
sofa 0.0030 0 323 27 372
sofa 0.0025 365 330 437 373
diningtable 0.0947 0 277 178 372
diningtable 0.0221 294 282 499 372
diningtable 0.0015 0 319 51 373
