person 0.0277 234 61 305 129
person 0.0114 13 69 105 137
person 0.0060 222 0 252 5
person 0.0038 251 0 274 5
person 0.0038 120 456 149 499
person 0.0030 109 83 161 114
person 0.0020 243 92 303 131
person 0.0016 195 20 231 65
person 0.0013 265 63 318 123
person 0.0012 89 453 149 500
person 0.0012 111 78 140 105
person 0.0011 226 0 273 6
person 0.0011 108 37 185 107
person 0.0010 238 0 256 5
car 0.2822 3 2 380 494
car 0.0687 4 1 383 199
car 0.0566 260 0 380 23
car 0.0140 9 0 382 31
car 0.0124 8 177 373 351
car 0.0050 227 4 381 493
car 0.0032 148 80 355 428
car 0.0021 0 -3 154 501
car 0.0019 285 0 377 12
car 0.0012 0 277 381 500
car 0.0011 151 196 348 340
bird 0.0056 15 70 108 137
dog 0.0013 93 196 349 340
