person 0.2308 290 99 305 120
person 0.0100 16 119 39 145
person 0.0091 121 115 129 147
person 0.0053 308 98 317 117
person 0.0019 214 96 237 114
person 0.0016 291 99 304 109
person 0.0016 127 120 137 136
person 0.0014 121 115 133 135
person 0.0014 341 90 352 117
person 0.0012 26 124 40 142
person 0.0011 341 98 349 115
person 0.0010 159 94 176 119
person 0.0010 0 121 13 146
bicycle 0.0025 127 116 149 139
bicycle 0.0018 121 114 144 146
bicycle 0.0014 298 93 355 123
car 0.5069 126 76 458 322
car 0.0287 126 113 147 136
car 0.0184 166 109 192 119
car 0.0112 0 120 39 146
car 0.0025 154 77 285 119
car 0.0020 348 77 500 140
car 0.0019 0 121 9 146
car 0.0013 121 115 136 135
car 0.0011 126 112 147 125
motorbike 0.0243 15 119 39 145
bus 0.0021 97 36 157 132
train 0.0087 0 1 158 145
train 0.0046 0 118 41 146
train 0.0018 96 35 157 134
