person 0.0015 281 48 296 62
bicycle 0.6007 13 1 497 363
bicycle 0.0154 0 6 239 368
bicycle 0.0019 68 0 245 203
bicycle 0.0013 2 17 124 369
bicycle 0.0012 160 3 251 200
motorbike 0.5535 13 1 497 363
motorbike 0.0017 253 0 499 349
bird 0.0013 280 67 412 161
chair 0.0208 251 0 331 76
chair 0.0171 244 3 344 188
chair 0.0041 0 16 63 120
chair 0.0027 256 62 417 179
chair 0.0023 1 16 104 228
chair 0.0023 247 2 497 189
chair 0.0023 0 16 45 73
chair 0.0020 2 3 158 96
chair 0.0015 1 6 240 241
diningtable 0.0019 1 51 88 361
tvmonitor 0.0080 391 1 499 96
tvmonitor 0.0024 457 1 499 77
