person 0.0062 0 206 10 218
person 0.0025 147 168 155 180
person 0.0021 0 195 12 218
person 0.0011 0 167 5 176
person 0.0010 147 169 157 194
car 0.0143 399 176 424 186
car 0.0037 8 171 18 179
car 0.0021 0 195 10 211
car 0.0012 0 170 17 181
car 0.0012 465 167 500 184
car 0.0011 441 173 486 186
car 0.0010 471 168 478 173
car 0.0010 465 178 486 186
train 0.8583 29 140 354 224
train 0.0088 0 0 356 225
train 0.0065 36 149 151 219
train 0.0017 0 120 19 179
boat 0.0073 0 174 10 192
boat 0.0036 1 0 353 223
boat 0.0029 0 206 10 218
boat 0.0019 0 0 64 123
boat 0.0014 0 1 127 219
boat 0.0010 0 172 7 179
