person 0.9218 308 19 498 392
person 0.5915 353 15 435 127
person 0.2593 484 250 499 386
person 0.1901 84 108 120 139
person 0.0443 352 15 429 241
person 0.0333 490 102 499 170
person 0.0230 481 145 500 375
person 0.0226 375 13 500 252
person 0.0193 73 107 95 131
person 0.0177 490 104 499 139
person 0.0165 484 65 499 169
person 0.0152 473 54 499 314
person 0.0120 423 9 444 22
person 0.0081 463 84 500 387
person 0.0070 416 10 444 89
person 0.0044 363 162 395 214
person 0.0037 374 17 429 77
person 0.0035 489 248 499 346
person 0.0034 492 124 499 189
person 0.0033 478 66 499 122
person 0.0033 471 119 498 214
person 0.0030 353 14 485 155
person 0.0024 481 106 500 204
person 0.0023 413 28 502 400
person 0.0022 70 106 108 136
person 0.0016 420 9 444 55
person 0.0012 491 67 499 135
car 0.9579 1 90 264 288
car 0.7167 242 98 284 146
car 0.6094 241 69 498 318
car 0.0327 241 98 285 246
car 0.0127 459 185 499 256
car 0.0104 480 65 500 346
car 0.0094 461 41 499 366
car 0.0053 241 71 388 272
car 0.0039 239 83 320 249
car 0.0032 481 188 499 241
car 0.0027 444 176 500 310
car 0.0023 462 121 500 285
car 0.0019 241 67 376 146
car 0.0015 488 110 499 170
car 0.0014 244 95 337 147
car 0.0014 480 166 500 273
car 0.0012 0 101 21 115
bus 0.0206 0 29 14 114
bottle 0.0011 358 114 370 125
