person 0.8811 453 1 500 154
person 0.8520 0 0 48 120
person 0.7737 385 0 465 165
person 0.7151 0 96 46 233
person 0.2593 0 168 46 233
person 0.2406 41 0 68 53
person 0.2360 454 0 484 92
person 0.1405 100 0 131 32
person 0.1040 125 0 146 44
person 0.0718 63 0 90 21
person 0.0575 378 0 399 41
person 0.0467 351 0 385 46
person 0.0438 24 1 69 116
person 0.0369 333 0 363 42
person 0.0327 0 95 4 112
person 0.0267 365 0 399 79
person 0.0254 101 0 144 45
person 0.0210 115 0 131 32
person 0.0185 390 1 403 42
person 0.0185 0 37 22 90
person 0.0151 456 39 481 92
person 0.0113 0 5 17 82
person 0.0113 327 0 341 14
person 0.0084 333 0 398 49
person 0.0077 384 0 402 58
person 0.0062 0 36 9 82
person 0.0061 313 0 341 15
person 0.0060 0 67 5 112
person 0.0053 0 37 14 116
person 0.0052 0 54 8 116
person 0.0049 360 26 380 53
person 0.0049 376 11 394 57
person 0.0049 111 1 134 49
person 0.0049 457 0 481 47
person 0.0049 480 0 499 28
person 0.0042 0 18 7 73
person 0.0034 59 0 76 21
person 0.0032 480 1 499 91
person 0.0030 389 0 414 44
person 0.0029 145 0 167 37
person 0.0029 100 0 123 21
person 0.0028 127 0 141 18
person 0.0027 363 0 382 35
person 0.0021 0 36 5 69
person 0.0021 0 59 10 81
person 0.0019 345 0 371 42
person 0.0015 167 0 186 13
person 0.0014 310 0 331 11
person 0.0012 436 -2 479 146
person 0.0012 41 0 67 20
person 0.0012 365 26 380 44
person 0.0010 460 0 499 63
car 0.8893 78 1 422 281
car 0.0306 366 38 396 80
car 0.0199 365 3 400 80
car 0.0156 37 17 142 110
car 0.0050 334 0 398 79
car 0.0022 375 1 470 92
car 0.0015 43 1 139 65
car 0.0011 378 78 391 94
