person 0.1305 493 166 500 178
person 0.0083 432 148 446 175
person 0.0057 435 157 446 174
person 0.0034 390 90 402 109
person 0.0021 379 88 403 116
person 0.0018 483 173 494 178
person 0.0017 377 101 403 117
car 0.9420 0 42 468 334
car 0.0685 2 252 497 345
car 0.0553 0 151 16 167
car 0.0168 0 144 23 168
car 0.0067 1 305 494 370
car 0.0050 0 143 25 155
car 0.0045 0 151 16 191
car 0.0012 0 149 13 160
bus 0.0116 374 49 500 225
bus 0.0030 447 173 500 225
train 0.0022 441 171 500 225
train 0.0015 -2 41 482 119
boat 0.0058 447 174 499 224
pottedplant 0.1616 489 137 500 177
tvmonitor 0.0306 392 67 411 83
tvmonitor 0.0033 479 160 496 176
