person 0.9205 246 58 499 369
person 0.8514 223 67 279 148
person 0.8383 261 64 428 207
person 0.8101 60 57 148 151
person 0.7763 255 60 338 167
person 0.7562 0 67 146 315
person 0.7103 0 57 29 148
person 0.1217 467 51 499 78
person 0.0345 0 55 30 262
person 0.0210 344 53 406 108
person 0.0087 366 54 406 95
person 0.0075 466 48 499 146
person 0.0066 465 17 499 77
person 0.0052 17 77 250 369
person 0.0028 366 54 397 74
person 0.0020 58 126 81 155
person 0.0018 0 136 5 193
person 0.0017 0 64 68 245
person 0.0011 88 114 109 155
car 0.0012 297 40 359 67
bottle 0.8675 189 113 207 172
bottle 0.8164 143 100 158 163
bottle 0.7120 241 133 262 213
bottle 0.6470 212 130 231 169
bottle 0.3252 242 133 259 179
bottle 0.1717 203 122 217 162
bottle 0.1104 226 130 234 159
bottle 0.0637 210 132 232 197
bottle 0.0428 180 139 191 163
bottle 0.0174 144 131 158 164
bottle 0.0067 207 143 217 164
bottle 0.0055 240 175 262 213
bottle 0.0048 230 151 242 192
bottle 0.0038 144 101 158 135
bottle 0.0031 245 132 256 149
bottle 0.0020 125 125 204 178
bottle 0.0016 242 157 260 182
bottle 0.0012 117 99 222 145
bottle 0.0011 231 165 240 196
chair 0.9223 407 239 499 373
chair 0.8879 1 251 157 373
chair 0.2252 0 246 19 370
chair 0.2153 41 277 108 313
chair 0.1973 0 244 108 314
chair 0.1603 395 93 439 178
chair 0.1045 321 96 361 132
chair 0.0905 232 61 263 78
chair 0.0883 416 135 438 181
chair 0.0448 0 285 29 374
chair 0.0423 0 244 13 276
chair 0.0396 260 97 282 111
chair 0.0186 325 90 435 167
chair 0.0167 291 239 499 371
chair 0.0160 155 289 248 373
chair 0.0146 230 61 264 109
chair 0.0127 416 135 436 149
chair 0.0076 427 149 444 182
chair 0.0076 5 264 63 371
chair 0.0072 0 244 17 301
chair 0.0064 0 181 108 345
chair 0.0057 487 333 499 374
chair 0.0055 69 199 255 371
chair 0.0049 303 287 324 318
chair 0.0042 16 317 29 374
chair 0.0029 426 163 438 182
chair 0.0029 40 67 84 90
chair 0.0028 344 89 353 104
chair 0.0027 256 79 280 112
chair 0.0027 0 307 17 370
chair 0.0023 291 90 419 136
chair 0.0021 153 101 175 126
chair 0.0020 0 205 14 280
chair 0.0018 251 61 263 78
chair 0.0017 474 332 499 374
chair 0.0016 339 53 366 85
chair 0.0016 246 72 340 157
chair 0.0016 195 102 209 121
chair 0.0016 435 312 499 373
chair 0.0016 5 312 157 372
chair 0.0015 66 68 84 87
chair 0.0015 0 100 159 374
chair 0.0015 272 68 486 240
chair 0.0014 169 97 222 143
chair 0.0014 0 130 34 374
chair 0.0013 27 276 249 372
chair 0.0013 58 126 81 155
chair 0.0011 0 135 12 292
chair 0.0011 200 100 226 129
chair 0.0010 386 98 404 119
chair 0.0010 226 80 240 112
sofa 0.0442 321 97 362 133
sofa 0.0290 222 91 419 152
sofa 0.0276 325 92 435 158
sofa 0.0257 267 68 424 206
sofa 0.0043 251 85 362 143
sofa 0.0032 322 76 429 135
sofa 0.0026 391 90 501 175
sofa 0.0010 189 93 356 164
pottedplant 0.3227 152 1 223 141
pottedplant 0.0199 155 89 219 143
pottedplant 0.0038 464 2 499 50
pottedplant 0.0027 479 11 500 48
pottedplant 0.0016 301 1 350 43
pottedplant 0.0011 297 1 367 66
diningtable 0.4821 70 120 391 332
diningtable 0.0112 268 180 391 255
diningtable 0.0105 76 171 308 372
diningtable 0.0028 319 88 347 97
diningtable 0.0023 0 0 68 67
diningtable 0.0013 153 168 407 373
diningtable 0.0012 93 177 260 238
diningtable 0.0010 60 140 194 195
