person 0.9400 359 125 493 326
person 0.9303 35 92 208 318
person 0.0142 262 29 268 47
person 0.0045 203 36 208 44
person 0.0027 170 11 176 18
person 0.0027 290 101 481 367
person 0.0021 289 145 295 164
person 0.0019 123 118 210 315
person 0.0014 196 37 200 44
person 0.0012 154 0 168 17
person 0.0010 297 4 310 25
person 0.0010 291 145 299 163
car 0.0014 289 89 317 98
bird 0.0017 263 166 267 174
chair 0.9154 288 132 500 371
chair 0.8964 0 126 288 370
chair 0.0031 16 343 168 374
chair 0.0030 307 332 463 373
chair 0.0025 349 133 482 305
chair 0.0013 0 261 18 372
chair 0.0012 439 129 499 364
chair 0.0011 144 130 286 366
chair 0.0010 42 225 207 312
sofa 0.0171 1 127 496 371
sofa 0.0011 4 279 494 371
sofa 0.0011 -2 101 503 262
pottedplant 0.0030 0 15 30 59
pottedplant 0.0012 0 37 30 59
