person 0.9586 139 173 294 432
person 0.9197 112 6 158 122
person 0.7524 202 21 238 119
person 0.3997 228 105 249 121
person 0.1533 199 22 223 110
person 0.0110 282 104 297 135
person 0.0067 181 21 220 117
person 0.0051 156 21 204 112
person 0.0049 153 25 176 107
person 0.0040 179 21 208 77
person 0.0027 200 21 224 58
person 0.0022 212 170 225 181
person 0.0022 84 145 369 435
person 0.0022 209 169 225 187
person 0.0016 226 105 267 130
person 0.0016 163 22 202 74
person 0.0015 157 27 178 67
person 0.0015 280 103 305 141
person 0.0013 256 166 268 201
person 0.0013 316 53 340 70
person 0.0013 431 51 449 66
person 0.0010 146 16 163 112
person 0.0010 471 55 484 66
car 0.6317 391 46 500 106
car 0.0076 392 62 452 76
car 0.0062 414 46 494 70
car 0.0040 390 62 418 75
car 0.0039 464 83 500 112
car 0.0024 478 84 499 106
car 0.0022 493 93 499 107
car 0.0021 496 61 500 69
car 0.0017 493 95 499 116
car 0.0016 389 61 476 82
car 0.0014 459 68 499 106
car 0.0013 409 56 493 93
car 0.0013 481 91 500 115
car 0.0010 482 74 499 95
train 0.7129 171 54 499 387
train 0.0248 150 61 204 120
train 0.0092 5 5 217 121
train 0.0050 5 37 495 122
train 0.0046 2 64 205 121
train 0.0018 -3 45 494 269
train 0.0013 0 1 124 103
train 0.0013 10 142 490 405
train 0.0011 202 117 268 199
