person 0.9339 186 83 382 335
person 0.8649 417 69 499 368
person 0.8320 371 0 427 166
person 0.8153 252 0 306 81
person 0.7324 117 0 173 62
person 0.7291 333 0 373 44
person 0.6275 197 0 286 129
person 0.6094 74 0 109 50
person 0.4620 419 0 461 112
person 0.4561 21 0 55 62
person 0.4271 357 0 391 112
person 0.1070 303 8 320 35
person 0.0788 467 0 500 104
person 0.0759 49 17 73 49
person 0.0714 169 0 198 37
person 0.0548 197 0 228 33
person 0.0528 107 0 126 49
person 0.0440 161 0 176 42
person 0.0272 194 0 211 23
person 0.0203 0 21 18 71
person 0.0190 48 1 78 39
person 0.0169 434 1 470 108
person 0.0160 300 8 320 55
person 0.0159 333 1 374 110
person 0.0142 451 1 488 104
person 0.0129 49 0 76 22
person 0.0120 116 0 140 53
person 0.0109 0 1 29 65
person 0.0082 492 68 499 106
person 0.0068 356 0 405 172
person 0.0059 15 22 37 62
person 0.0054 136 0 174 44
person 0.0050 174 0 229 53
person 0.0049 305 0 336 26
person 0.0047 195 0 212 8
person 0.0046 68 0 87 44
person 0.0045 45 17 74 72
person 0.0044 49 17 62 31
person 0.0034 113 10 127 51
person 0.0029 0 11 16 29
person 0.0028 419 102 493 144
person 0.0025 452 6 468 71
person 0.0022 456 0 480 70
person 0.0020 418 19 499 242
person 0.0020 304 0 320 26
person 0.0019 379 250 471 342
person 0.0018 193 2 325 177
person 0.0017 252 0 299 45
person 0.0015 169 0 196 8
person 0.0015 250 0 263 21
person 0.0015 478 0 499 69
person 0.0014 436 177 499 281
person 0.0014 0 0 29 29
person 0.0014 412 0 460 43
person 0.0014 448 31 470 101
person 0.0013 459 0 477 41
person 0.0012 118 0 144 31
person 0.0012 61 1 83 31
person 0.0012 76 0 85 15
person 0.0012 463 244 499 371
person 0.0011 197 0 260 34
person 0.0010 457 70 499 244
person 0.0010 27 0 53 31
bicycle 0.0023 9 55 70 80
bicycle 0.0014 34 39 70 64
bicycle 0.0012 51 32 77 71
car 0.0124 173 24 206 52
car 0.0012 174 21 233 53
car 0.0011 172 2 304 57
motorbike 0.7665 288 38 369 146
motorbike 0.6653 -6 72 499 381
motorbike 0.3680 73 45 206 107
motorbike 0.3570 0 62 72 164
motorbike 0.2150 0 39 74 89
motorbike 0.1224 0 88 34 165
motorbike 0.0945 0 36 206 162
motorbike 0.0643 138 46 206 108
motorbike 0.0576 172 24 206 52
motorbike 0.0490 0 71 71 111
motorbike 0.0350 1 36 205 95
motorbike 0.0300 0 40 122 106
motorbike 0.0192 0 23 18 73
motorbike 0.0143 73 47 138 75
motorbike 0.0127 2 35 119 77
motorbike 0.0110 49 19 80 71
motorbike 0.0108 0 78 25 109
motorbike 0.0098 29 39 75 78
motorbike 0.0091 418 90 499 261
motorbike 0.0071 297 27 343 61
motorbike 0.0066 2 20 56 75
motorbike 0.0065 197 7 365 150
motorbike 0.0064 0 116 24 166
motorbike 0.0064 232 134 477 369
motorbike 0.0057 53 2 112 75
motorbike 0.0054 287 43 321 92
motorbike 0.0050 313 66 371 158
motorbike 0.0048 341 59 369 126
motorbike 0.0045 287 40 359 95
motorbike 0.0044 356 136 486 363
motorbike 0.0037 297 38 318 61
motorbike 0.0036 0 81 27 134
motorbike 0.0035 131 43 206 162
motorbike 0.0034 4 55 67 80
motorbike 0.0033 169 20 282 60
motorbike 0.0031 109 38 271 172
motorbike 0.0026 171 6 212 52
motorbike 0.0025 134 104 206 187
motorbike 0.0023 0 50 233 370
motorbike 0.0022 0 61 19 79
motorbike 0.0022 295 10 321 64
motorbike 0.0022 300 9 332 57
motorbike 0.0019 286 57 305 88
motorbike 0.0017 0 58 71 280
motorbike 0.0015 153 8 287 129
motorbike 0.0015 0 89 11 113
motorbike 0.0013 0 42 18 84
motorbike 0.0012 15 89 40 110
motorbike 0.0012 195 3 305 97
motorbike 0.0011 315 14 371 126
motorbike 0.0011 0 113 11 140
motorbike 0.0011 438 70 463 107
motorbike 0.0011 148 71 255 175
motorbike 0.0010 305 25 342 44
motorbike 0.0010 151 24 208 90
bottle 0.0052 411 98 423 133
chair 0.0054 0 26 18 74
chair 0.0047 259 23 279 59
chair 0.0044 73 47 138 74
chair 0.0039 50 31 73 50
chair 0.0016 114 49 139 72
chair 0.0014 29 39 54 63
chair 0.0013 42 47 198 110
