person 0.9338 71 54 181 361
person 0.3431 170 92 188 120
person 0.2750 166 80 209 330
person 0.1756 142 171 155 189
person 0.1640 350 232 410 330
person 0.0619 399 239 435 290
person 0.0493 160 92 189 143
person 0.0318 153 172 165 190
person 0.0155 179 159 208 329
person 0.0137 173 58 189 121
person 0.0068 360 235 393 311
person 0.0062 159 93 186 189
person 0.0062 181 90 238 313
person 0.0061 368 234 392 271
person 0.0048 242 60 272 105
person 0.0043 179 40 295 334
person 0.0041 401 239 427 273
person 0.0028 125 99 154 123
person 0.0026 157 176 165 190
person 0.0026 157 117 181 142
person 0.0023 120 100 180 142
person 0.0022 188 166 201 189
person 0.0018 126 94 183 126
person 0.0018 146 94 162 122
person 0.0016 126 107 166 125
person 0.0015 177 81 187 96
person 0.0014 169 63 212 119
person 0.0013 170 91 198 143
person 0.0012 177 58 187 97
person 0.0010 301 339 331 360
bicycle 0.7479 204 183 503 369
bicycle 0.4912 411 181 499 367
bicycle 0.0157 204 240 330 363
bicycle 0.0109 346 220 423 337
bicycle 0.0088 455 255 500 327
bicycle 0.0069 477 264 499 320
bicycle 0.0063 366 192 408 218
bicycle 0.0053 453 41 500 157
bicycle 0.0028 440 247 499 369
bicycle 0.0024 195 5 486 371
bicycle 0.0020 296 192 408 223
bicycle 0.0017 396 0 499 157
bicycle 0.0015 201 259 228 330
bicycle 0.0014 454 191 500 354
bicycle 0.0014 297 84 397 158
bottle 0.0041 303 340 330 359
pottedplant 0.0010 301 87 397 158
tvmonitor 0.2162 183 34 286 118
