person 0.0032 147 361 177 441
person 0.0030 160 382 192 429
person 0.0014 19 381 33 399
person 0.0010 179 391 190 405
bicycle 0.0213 312 402 351 449
bicycle 0.0036 297 414 321 442
bicycle 0.0011 297 396 309 422
car 0.8674 19 383 118 421
car 0.7667 153 379 261 452
car 0.0555 19 390 49 420
car 0.0037 19 385 69 421
car 0.0019 19 381 33 404
car 0.0015 147 362 178 441
car 0.0014 0 459 66 500
car 0.0010 98 386 119 419
motorbike 0.4957 301 400 351 449
motorbike 0.0875 296 418 321 464
motorbike 0.0149 296 399 320 444
motorbike 0.0067 297 397 314 424
motorbike 0.0010 133 400 148 425
chair 0.3312 295 419 320 464
chair 0.0358 296 441 320 464
chair 0.0013 296 418 305 444
pottedplant 0.6752 107 388 143 444
pottedplant 0.6529 40 385 71 428
pottedplant 0.6355 89 275 108 295
pottedplant 0.5967 108 266 128 289
pottedplant 0.2967 135 163 157 185
pottedplant 0.2375 183 108 218 154
pottedplant 0.1369 94 177 134 209
pottedplant 0.1303 76 47 177 134
pottedplant 0.0862 115 178 134 197
pottedplant 0.0781 114 314 149 334
pottedplant 0.0769 196 28 226 57
pottedplant 0.0709 149 362 177 405
pottedplant 0.0597 132 217 223 320
pottedplant 0.0292 160 270 207 321
pottedplant 0.0219 132 253 158 284
pottedplant 0.0217 132 268 144 284
pottedplant 0.0202 144 362 177 442
pottedplant 0.0181 95 170 158 208
pottedplant 0.0170 330 279 355 293
pottedplant 0.0137 132 252 169 311
pottedplant 0.0133 320 281 336 294
pottedplant 0.0129 133 279 161 311
pottedplant 0.0121 94 183 114 210
pottedplant 0.0100 149 362 176 384
pottedplant 0.0087 202 191 266 284
pottedplant 0.0070 199 367 217 380
pottedplant 0.0066 113 314 153 353
pottedplant 0.0060 44 403 65 427
pottedplant 0.0057 306 283 323 296
pottedplant 0.0055 174 217 222 269
pottedplant 0.0050 218 191 257 240
pottedplant 0.0044 19 381 33 403
pottedplant 0.0035 133 251 176 286
pottedplant 0.0029 143 56 177 89
pottedplant 0.0026 251 370 262 395
pottedplant 0.0025 46 411 62 428
pottedplant 0.0025 210 235 266 280
pottedplant 0.0025 89 274 126 297
pottedplant 0.0022 130 389 149 425
pottedplant 0.0019 61 383 80 422
pottedplant 0.0018 202 233 242 282
pottedplant 0.0017 111 424 134 444
pottedplant 0.0014 74 90 106 133
pottedplant 0.0013 20 396 52 422
pottedplant 0.0013 74 87 136 134
pottedplant 0.0013 137 191 266 312
pottedplant 0.0012 136 253 156 270
pottedplant 0.0011 111 284 126 292
pottedplant 0.0010 20 382 33 393
