person 0.9054 220 14 404 372
person 0.8102 0 48 61 219
person 0.7983 352 166 434 269
person 0.0569 446 224 465 234
person 0.0225 405 243 436 273
person 0.0123 353 170 445 367
person 0.0103 267 286 329 372
person 0.0098 444 223 478 268
person 0.0088 396 242 438 347
person 0.0042 408 225 476 277
person 0.0032 0 3 60 129
person 0.0031 0 42 91 371
person 0.0027 433 224 465 236
person 0.0018 219 15 371 233
person 0.0015 445 223 469 244
person 0.0015 0 102 60 311
person 0.0012 375 241 435 273
person 0.0011 0 19 104 228
person 0.0010 417 243 435 259
person 0.0010 446 224 478 237
bicycle 0.0662 462 188 499 260
bicycle 0.0274 462 190 499 363
bicycle 0.0259 182 138 241 369
bicycle 0.0179 359 271 498 372
bicycle 0.0073 425 225 498 369
bicycle 0.0040 357 181 499 369
bicycle 0.0038 140 137 261 371
bicycle 0.0037 383 313 497 372
bicycle 0.0017 269 249 492 370
bicycle 0.0017 177 135 316 369
bicycle 0.0014 462 187 500 219
bicycle 0.0012 443 315 499 372
bicycle 0.0011 159 277 235 373
bus 0.0014 239 3 512 376
bottle 0.0861 362 259 385 296
bottle 0.0139 392 250 403 270
bottle 0.0112 385 251 393 267
bottle 0.0079 391 255 413 304
bottle 0.0076 384 252 395 280
bottle 0.0072 437 176 445 190
bottle 0.0059 381 243 395 267
bottle 0.0055 236 229 255 261
bottle 0.0033 386 242 403 269
bottle 0.0029 357 262 367 291
bottle 0.0029 391 252 404 285
bottle 0.0026 388 246 428 344
bottle 0.0022 235 214 277 265
bottle 0.0021 383 253 398 300
bottle 0.0017 451 293 465 320
bottle 0.0012 382 223 412 269
bottle 0.0011 362 245 424 313
bottle 0.0010 395 254 405 272
chair 0.0117 462 190 500 293
chair 0.0041 489 61 499 95
chair 0.0025 442 224 478 317
chair 0.0023 445 227 479 275
chair 0.0018 390 260 430 348
chair 0.0018 444 228 500 365
diningtable 0.0039 272 266 496 371
diningtable 0.0029 357 249 435 366
diningtable 0.0024 394 176 480 233
diningtable 0.0016 359 253 392 365
diningtable 0.0010 394 177 478 196
tvmonitor 0.0036 49 209 92 259
