cow 0.9439 137 113 222 202
cow 0.9344 240 92 366 185
cow 0.5731 218 99 269 145
cow 0.4689 204 104 241 128
cow 0.0638 296 129 344 173
cow 0.0371 224 100 269 123
cow 0.0342 238 97 295 142
cow 0.0325 306 100 366 179
cow 0.0162 317 128 351 178
cow 0.0144 222 105 241 117
cow 0.0127 205 109 225 127
cow 0.0097 211 105 245 145
cow 0.0061 293 143 323 173
cow 0.0052 307 142 334 175
cow 0.0047 246 98 293 121
cow 0.0045 308 143 323 169
cow 0.0041 218 123 240 145
cow 0.0024 246 100 270 109
cow 0.0017 244 100 270 117
cow 0.0013 202 101 265 180
cow 0.0011 172 85 308 159
cow 0.0010 313 140 329 169
