person 0.6067 302 173 367 207
person 0.1838 207 23 214 34
person 0.1362 302 174 331 207
person 0.0566 270 195 282 206
person 0.0091 201 23 215 35
person 0.0044 273 173 342 207
person 0.0038 269 195 298 206
person 0.0034 304 173 437 210
person 0.0027 300 173 432 248
person 0.0012 302 189 314 206
car 0.8692 155 172 440 249
car 0.0064 154 172 301 244
car 0.0013 268 195 309 206
car 0.0010 177 188 242 203
motorbike 0.0034 215 172 442 250
boat 0.0181 197 24 217 35
boat 0.0117 199 31 217 36
boat 0.0032 194 31 236 37
boat 0.0025 194 23 235 37
boat 0.0012 195 32 221 39
