person 0.9377 220 329 374 499
person 0.8881 0 121 82 498
person 0.8850 104 77 307 411
person 0.8815 270 147 366 329
person 0.8305 34 133 115 322
person 0.6470 17 359 154 499
person 0.5714 63 128 113 223
person 0.2714 329 259 375 353
person 0.1488 269 194 314 331
person 0.1117 149 385 231 499
person 0.0935 363 261 375 311
person 0.0486 349 227 371 266
person 0.0284 333 227 374 319
person 0.0278 17 314 232 498
person 0.0244 15 126 178 498
person 0.0208 63 128 95 167
person 0.0156 352 235 374 282
person 0.0081 351 381 374 500
person 0.0049 100 311 277 500
person 0.0046 234 184 317 384
person 0.0044 52 109 72 131
person 0.0041 103 162 167 317
person 0.0037 329 291 375 494
person 0.0032 367 260 374 290
person 0.0029 18 447 145 499
person 0.0029 214 288 267 409
person 0.0028 37 113 123 470
person 0.0022 275 194 373 425
person 0.0022 59 117 152 311
person 0.0021 270 161 324 383
person 0.0019 353 240 369 264
person 0.0018 366 244 374 267
person 0.0018 -54 105 71 505
person 0.0015 89 153 99 178
person 0.0013 188 287 250 417
person 0.0013 349 226 369 246
person 0.0012 35 132 105 213
person 0.0011 356 260 374 345
person 0.0011 137 291 230 502
person 0.0010 82 143 113 212
person 0.0010 104 250 124 314
horse 0.0092 52 305 231 500
bottle 0.0221 331 438 361 463
chair 0.0944 154 386 231 499
chair 0.0243 329 318 374 387
chair 0.0237 138 469 174 499
chair 0.0210 214 286 261 406
chair 0.0169 300 267 332 293
chair 0.0096 329 316 374 345
chair 0.0082 323 492 346 499
chair 0.0063 352 381 374 496
chair 0.0050 301 266 333 329
chair 0.0043 330 378 374 500
chair 0.0027 351 235 370 265
chair 0.0024 266 188 280 202
chair 0.0021 355 362 374 389
chair 0.0019 350 340 374 389
chair 0.0015 366 244 374 266
chair 0.0015 134 287 264 413
chair 0.0015 329 285 368 321
chair 0.0015 218 336 248 404
chair 0.0014 309 302 332 328
chair 0.0013 13 453 152 499
chair 0.0011 302 270 369 332
sofa 0.0096 330 320 375 389
sofa 0.0024 224 330 372 391
sofa 0.0020 136 378 373 500
tvmonitor 0.1182 0 0 58 89
