person 0.8905 31 0 119 195
person 0.8831 327 49 399 243
person 0.8578 106 0 173 121
person 0.8482 266 1 366 232
person 0.7575 116 48 267 263
person 0.6845 147 162 329 297
person 0.4250 218 7 296 231
person 0.0416 376 51 399 115
person 0.0297 218 9 293 109
person 0.0266 293 30 396 201
person 0.0144 0 4 10 105
person 0.0108 148 162 228 296
person 0.0077 0 2 30 112
person 0.0075 0 6 8 60
person 0.0070 106 30 381 294
person 0.0058 0 1 22 66
person 0.0042 0 8 4 22
person 0.0042 284 1 366 113
person 0.0039 0 0 9 27
person 0.0032 0 0 27 26
person 0.0024 177 49 217 79
person 0.0017 0 8 5 33
person 0.0015 0 0 6 20
person 0.0013 165 272 218 299
person 0.0011 185 15 293 156
person 0.0011 0 92 49 290
person 0.0011 350 53 399 156
car 0.0037 0 55 7 71
bottle 0.0522 0 268 14 299
bottle 0.0254 335 92 343 115
bottle 0.0072 10 83 22 96
bottle 0.0069 0 252 4 274
bottle 0.0065 0 100 6 113
bottle 0.0035 0 82 6 112
bottle 0.0026 9 83 23 107
bottle 0.0024 0 238 14 301
bottle 0.0021 0 253 8 290
bottle 0.0019 1 83 26 123
bottle 0.0017 0 273 10 294
bottle 0.0015 0 65 22 98
bottle 0.0014 0 257 3 283
bottle 0.0013 0 68 14 107
bottle 0.0010 0 80 11 104
chair 0.9142 71 99 150 279
chair 0.2591 5 22 55 132
chair 0.0773 295 37 398 204
chair 0.0129 373 160 399 208
chair 0.0114 4 19 45 74
chair 0.0105 71 99 134 206
chair 0.0057 0 58 18 111
chair 0.0057 350 42 393 116
chair 0.0042 0 9 18 117
chair 0.0032 338 224 399 297
chair 0.0027 0 173 42 289
chair 0.0026 175 48 215 77
chair 0.0026 23 0 43 52
chair 0.0025 4 0 42 54
chair 0.0023 0 56 8 106
chair 0.0020 5 24 29 68
chair 0.0016 3 6 116 164
chair 0.0016 194 160 250 228
chair 0.0015 345 159 400 210
chair 0.0014 0 55 7 70
chair 0.0014 105 47 123 99
chair 0.0014 0 26 11 68
chair 0.0013 23 0 40 25
chair 0.0012 4 54 60 173
chair 0.0012 373 164 399 262
chair 0.0010 266 42 296 72
chair 0.0010 32 92 55 145
sofa 0.3356 296 46 396 200
sofa 0.2707 260 24 374 215
sofa 0.0397 299 151 401 207
sofa 0.0289 373 160 399 209
sofa 0.0183 338 224 399 297
sofa 0.0122 128 14 375 236
sofa 0.0106 349 42 392 122
sofa 0.0100 327 123 400 230
sofa 0.0058 231 33 388 130
sofa 0.0024 264 42 296 71
sofa 0.0017 179 20 354 158
sofa 0.0016 290 109 386 198
sofa 0.0016 373 163 400 263
sofa 0.0011 221 29 297 97
sofa 0.0010 294 133 356 198
pottedplant 0.0300 0 86 50 185
pottedplant 0.0098 0 54 9 104
pottedplant 0.0055 0 55 15 112
pottedplant 0.0033 0 27 8 74
pottedplant 0.0030 0 0 27 56
pottedplant 0.0028 0 85 53 287
pottedplant 0.0021 0 50 7 70
pottedplant 0.0015 0 22 20 126
pottedplant 0.0010 0 0 27 25
diningtable 0.0266 0 176 41 292
diningtable 0.0200 339 223 399 297
diningtable 0.0037 1 175 91 292
diningtable 0.0025 0 55 7 71
diningtable 0.0022 14 276 173 298
diningtable 0.0010 6 231 166 296
