person 0.8546 209 3 402 325
person 0.3349 133 168 165 216
person 0.2662 95 168 115 210
person 0.0061 33 4 454 327
person 0.0034 97 158 111 174
person 0.0028 53 192 66 209
person 0.0021 52 155 183 226
person 0.0020 134 169 150 193
person 0.0013 141 187 165 214
person 0.0013 119 168 155 215
person 0.0012 89 161 145 221
person 0.0010 122 156 133 170
bottle 0.0049 226 209 247 248
bottle 0.0045 237 270 278 330
bottle 0.0030 203 230 235 262
chair 0.8726 343 159 490 327
chair 0.0017 463 34 499 326
chair 0.0015 460 264 486 330
chair 0.0014 467 198 499 329
chair 0.0010 142 158 494 329
sofa 0.0029 345 159 490 328
sofa 0.0017 479 200 499 328
tvmonitor 0.8481 29 134 204 275
tvmonitor 0.0010 16 42 101 287
