person 0.3065 131 304 141 326
person 0.0573 156 303 162 316
person 0.0408 61 301 66 309
person 0.0389 51 300 56 308
person 0.0366 55 301 61 308
person 0.0342 37 301 42 308
person 0.0306 155 302 164 322
person 0.0276 17 299 23 308
person 0.0245 123 307 127 315
person 0.0196 151 302 157 316
person 0.0186 5 297 11 305
person 0.0143 33 300 38 309
person 0.0114 0 297 7 305
person 0.0100 118 303 122 315
person 0.0100 66 302 71 309
person 0.0093 105 301 111 319
person 0.0086 70 302 76 308
person 0.0068 122 305 128 325
person 0.0068 25 299 30 308
person 0.0067 31 301 37 310
person 0.0067 147 298 180 324
person 0.0061 420 365 435 375
person 0.0051 105 300 110 309
person 0.0051 150 302 159 323
person 0.0051 0 299 8 332
person 0.0046 116 301 128 325
person 0.0042 380 359 397 374
person 0.0036 156 301 164 311
person 0.0036 120 302 126 316
person 0.0035 0 302 7 315
person 0.0035 46 301 51 308
person 0.0031 13 298 18 307
person 0.0029 0 297 9 317
person 0.0029 99 302 104 313
person 0.0028 112 303 118 314
person 0.0025 48 299 59 308
person 0.0025 112 300 121 324
person 0.0022 142 299 161 318
person 0.0022 165 305 177 314
person 0.0021 51 300 64 309
person 0.0019 15 298 22 308
person 0.0017 131 302 140 315
person 0.0016 1 297 11 306
person 0.0015 77 300 82 306
person 0.0015 168 302 174 309
person 0.0014 154 300 165 314
person 0.0014 81 299 87 306
person 0.0013 158 304 168 317
person 0.0012 119 305 132 326
person 0.0012 103 302 114 326
person 0.0011 101 301 105 309
person 0.0011 490 340 499 357
person 0.0010 102 301 108 318
person 0.0010 117 301 125 314
person 0.0010 107 299 126 325
person 0.0010 118 317 126 325
person 0.0010 0 308 5 331
bicycle 0.0038 380 358 397 375
car 0.0084 175 316 183 323
car 0.0021 164 305 182 323
train 0.8413 0 289 182 336
train 0.0718 0 290 84 336
train 0.0109 133 298 182 324
train 0.0039 67 290 183 326
train 0.0010 53 289 134 334
