person 0.9359 55 114 244 329
person 0.0026 0 30 13 43
person 0.0021 56 176 154 329
person 0.0014 72 129 82 157
person 0.0014 258 0 283 24
person 0.0013 258 0 294 35
person 0.0013 123 133 146 167
person 0.0012 0 0 31 17
person 0.0011 186 64 198 81
car 0.0013 265 138 306 182
car 0.0011 478 316 499 332
car 0.0010 0 244 17 330
bus 0.8072 0 0 141 328
bus 0.0016 341 9 497 193
boat 0.7069 138 0 498 328
boat 0.2885 343 7 499 209
boat 0.0204 405 86 499 204
boat 0.0123 476 160 499 204
boat 0.0079 140 0 436 185
boat 0.0066 476 121 499 203
boat 0.0052 344 1 499 97
boat 0.0023 323 108 462 234
boat 0.0017 144 160 495 327
boat 0.0016 124 0 319 320
boat 0.0013 167 299 336 330
boat 0.0012 317 39 356 75
boat 0.0012 181 181 255 286
boat 0.0011 144 -1 335 119
boat 0.0011 363 72 500 259
chair 0.2650 270 137 356 259
chair 0.0288 412 69 443 91
chair 0.0116 275 186 342 258
chair 0.0112 413 70 430 86
chair 0.0058 478 316 499 332
chair 0.0034 488 300 499 323
chair 0.0033 408 69 432 98
chair 0.0031 441 68 463 89
chair 0.0024 301 198 340 255
chair 0.0023 480 299 499 332
chair 0.0020 446 76 462 89
chair 0.0015 326 75 377 87
chair 0.0014 467 67 499 88
chair 0.0012 253 300 340 331
chair 0.0011 411 67 467 90
chair 0.0010 257 181 303 263
diningtable 0.0104 0 247 16 272
diningtable 0.0021 0 247 16 331
