car 0.0016 466 31 500 64
bottle 0.0019 389 108 420 216
chair 0.9051 5 127 173 187
chair 0.8744 411 121 499 224
chair 0.5091 181 147 277 196
chair 0.0600 297 153 335 184
chair 0.0145 404 213 499 275
chair 0.0094 459 128 499 224
chair 0.0070 182 154 352 192
chair 0.0059 304 155 366 199
chair 0.0051 13 151 61 169
chair 0.0043 353 160 377 206
chair 0.0038 125 91 392 198
chair 0.0033 411 214 500 241
chair 0.0024 85 95 425 264
chair 0.0019 281 154 338 204
chair 0.0015 0 255 9 288
chair 0.0014 261 132 321 206
chair 0.0012 0 132 6 169
chair 0.0010 0 273 9 288
chair 0.0010 184 119 364 195
pottedplant 0.4535 262 167 311 212
pottedplant 0.2096 321 139 370 195
pottedplant 0.0236 320 81 371 197
pottedplant 0.0148 309 132 379 220
pottedplant 0.0119 384 166 424 214
pottedplant 0.0105 383 117 425 218
pottedplant 0.0075 321 140 370 166
pottedplant 0.0073 489 55 499 106
pottedplant 0.0039 262 126 311 209
pottedplant 0.0027 188 149 342 204
diningtable 0.5180 0 76 498 373
diningtable 0.0181 7 74 495 189
diningtable 0.0101 0 283 74 371
diningtable 0.0060 95 182 267 253
diningtable 0.0036 12 205 348 370
diningtable 0.0029 200 73 490 316
diningtable 0.0025 405 213 499 278
diningtable 0.0022 374 213 499 372
diningtable 0.0015 90 128 444 221
diningtable 0.0013 -1 265 498 370
diningtable 0.0010 0 246 111 370
tvmonitor 0.0020 160 2 276 105
