person 0.9528 0 222 153 499
person 0.9141 319 188 374 353
person 0.9029 243 128 311 252
person 0.8690 163 128 232 210
person 0.8583 35 181 166 398
person 0.8413 289 138 353 300
person 0.7842 105 132 186 236
person 0.5946 81 145 124 253
person 0.0239 37 150 122 239
person 0.0194 52 20 111 92
person 0.0097 179 42 197 80
person 0.0078 35 182 117 304
person 0.0073 80 141 160 269
person 0.0042 160 38 197 81
person 0.0023 49 158 162 313
person 0.0022 224 21 284 94
person 0.0022 162 490 175 499
person 0.0020 225 130 339 295
person 0.0018 117 231 146 271
person 0.0016 88 29 113 90
person 0.0016 224 22 252 91
person 0.0012 139 33 193 89
person 0.0011 61 21 96 78
cat 0.0361 55 21 112 91
cat 0.0163 88 31 113 81
cat 0.0027 61 35 95 80
dog 0.0235 88 31 112 80
dog 0.0054 59 23 96 82
bottle 0.9109 241 314 265 380
bottle 0.8943 180 282 199 353
bottle 0.7223 170 201 184 244
bottle 0.4561 156 186 171 210
bottle 0.0666 189 393 211 436
bottle 0.0198 241 300 263 333
bottle 0.0047 224 206 239 224
bottle 0.0028 235 324 250 344
bottle 0.0016 117 204 221 262
bottle 0.0013 159 200 190 225
bottle 0.0013 315 348 339 378
chair 0.3103 30 209 51 227
chair 0.2330 56 175 82 189
chair 0.1681 36 174 83 226
chair 0.1019 70 174 82 188
chair 0.0501 149 479 165 499
chair 0.0366 37 186 51 208
chair 0.0257 216 191 231 211
chair 0.0199 350 185 375 243
chair 0.0199 33 185 53 227
chair 0.0169 35 163 120 234
chair 0.0087 243 174 251 218
chair 0.0086 30 203 85 229
chair 0.0065 363 189 375 243
chair 0.0035 350 185 374 209
chair 0.0034 365 209 375 243
chair 0.0028 136 385 163 492
chair 0.0024 289 482 374 500
chair 0.0021 30 208 52 243
chair 0.0020 141 437 164 490
chair 0.0017 37 187 45 211
chair 0.0017 129 356 139 399
chair 0.0017 244 177 257 225
chair 0.0014 148 479 188 500
chair 0.0012 307 282 323 304
chair 0.0011 35 181 132 292
chair 0.0011 358 216 372 241
chair 0.0010 157 174 177 197
chair 0.0010 350 344 365 355
chair 0.0010 214 172 232 210
pottedplant 0.0338 193 217 254 264
pottedplant 0.0050 226 23 273 90
pottedplant 0.0030 224 21 253 66
pottedplant 0.0018 224 20 248 45
diningtable 0.9068 124 202 375 498
diningtable 0.0077 120 203 208 262
diningtable 0.0035 144 378 374 499
diningtable 0.0035 148 469 372 499
diningtable 0.0010 142 205 267 233
