person 0.0853 421 175 427 188
person 0.0761 424 176 431 188
person 0.0132 373 169 388 184
person 0.0096 97 179 107 197
person 0.0093 380 170 388 183
person 0.0089 389 176 395 185
person 0.0054 137 190 144 200
person 0.0027 29 180 39 189
person 0.0027 463 185 473 196
person 0.0025 453 194 470 202
person 0.0021 0 198 6 204
person 0.0020 22 179 31 188
person 0.0019 97 179 103 191
person 0.0017 128 190 144 200
person 0.0016 91 175 110 207
person 0.0015 179 110 200 152
person 0.0013 178 111 239 157
person 0.0011 98 184 110 204
person 0.0011 133 189 148 199
person 0.0010 179 127 185 138
car 0.0011 494 177 499 192
boat 0.8288 0 171 105 218
boat 0.5671 103 109 476 224
boat 0.2626 445 193 499 222
boat 0.2099 469 200 499 221
boat 0.0484 24 146 493 243
boat 0.0459 443 196 475 222
boat 0.0379 471 211 499 222
boat 0.0263 492 195 499 204
boat 0.0242 135 109 331 180
boat 0.0211 469 177 500 222
boat 0.0168 478 193 499 204
boat 0.0155 492 198 499 219
boat 0.0109 452 194 470 203
boat 0.0080 0 3 108 219
boat 0.0072 83 192 106 215
boat 0.0058 494 210 499 219
boat 0.0057 85 163 399 224
boat 0.0052 0 194 105 220
boat 0.0052 117 153 324 180
boat 0.0048 425 210 451 222
boat 0.0040 99 180 475 250
boat 0.0035 448 194 471 215
boat 0.0034 411 205 424 217
boat 0.0030 62 191 106 217
boat 0.0029 111 157 327 202
boat 0.0028 450 193 491 204
boat 0.0025 85 190 107 206
boat 0.0024 421 190 477 223
boat 0.0020 478 178 500 204
boat 0.0020 461 92 499 221
boat 0.0019 127 190 144 200
boat 0.0017 394 133 418 189
boat 0.0016 0 171 62 196
boat 0.0016 0 120 106 219
boat 0.0014 423 206 469 222
boat 0.0013 180 111 242 156
boat 0.0012 85 202 105 216
boat 0.0012 409 205 453 222
boat 0.0011 122 186 147 200
boat 0.0011 455 205 492 221
boat 0.0011 494 215 499 223
boat 0.0010 468 208 477 220
boat 0.0010 88 175 109 213
