chair 0.9302 221 184 326 296
chair 0.9169 62 189 146 299
chair 0.0789 319 211 383 235
chair 0.0282 474 357 499 374
chair 0.0089 292 177 491 370
chair 0.0053 458 235 499 318
chair 0.0042 319 180 407 235
chair 0.0032 490 296 500 322
chair 0.0020 116 186 121 197
chair 0.0014 471 296 499 323
chair 0.0013 404 292 499 374
sofa 0.9030 293 178 499 371
sofa 0.1732 63 188 146 299
sofa 0.0793 221 184 326 296
sofa 0.0017 76 97 120 150
sofa 0.0010 454 202 499 315
diningtable 0.0172 154 219 226 270
tvmonitor 0.0302 147 142 209 222
