person 0.2471 134 183 201 272
person 0.1168 69 377 79 387
person 0.1107 114 382 121 393
person 0.0832 60 372 68 382
person 0.0665 151 382 158 394
person 0.0617 213 382 221 389
person 0.0615 64 372 71 382
person 0.0540 17 363 25 370
person 0.0302 83 368 92 384
person 0.0267 235 382 241 390
person 0.0264 43 368 52 383
person 0.0256 77 372 83 386
person 0.0247 92 374 99 385
person 0.0243 54 372 61 383
person 0.0237 104 379 111 388
person 0.0163 241 383 247 390
person 0.0150 58 369 65 382
person 0.0131 124 379 137 394
person 0.0117 98 375 104 385
person 0.0103 92 376 101 387
person 0.0098 75 400 97 419
person 0.0085 78 370 85 382
person 0.0077 51 366 58 382
person 0.0075 27 363 33 371
person 0.0072 118 382 124 394
person 0.0071 170 377 175 382
person 0.0065 112 403 127 421
person 0.0061 74 371 85 386
person 0.0055 183 377 187 383
person 0.0055 101 377 109 387
person 0.0053 93 402 107 417
person 0.0052 241 384 255 399
person 0.0049 2 367 16 380
person 0.0048 37 371 44 382
person 0.0047 71 371 77 380
person 0.0043 40 370 47 382
person 0.0040 80 378 89 385
person 0.0039 63 397 87 419
person 0.0036 73 377 84 387
person 0.0036 128 384 148 400
person 0.0031 0 366 7 380
person 0.0030 46 377 50 384
person 0.0027 119 379 128 393
person 0.0023 155 379 162 390
person 0.0022 15 338 34 371
person 0.0022 84 400 104 419
person 0.0021 107 415 120 426
person 0.0021 212 393 224 404
person 0.0018 72 397 91 415
person 0.0017 35 360 50 382
person 0.0017 222 383 229 390
person 0.0016 92 370 98 380
person 0.0016 154 377 162 384
person 0.0015 95 401 106 411
person 0.0015 140 184 175 233
person 0.0015 25 361 36 371
person 0.0015 183 383 200 400
person 0.0014 58 374 70 385
person 0.0013 104 383 123 393
person 0.0013 231 382 236 390
person 0.0013 15 362 26 378
person 0.0013 61 404 78 420
person 0.0012 106 408 121 424
person 0.0012 224 394 235 407
person 0.0012 79 399 93 411
person 0.0011 16 363 33 383
person 0.0011 177 204 201 266
person 0.0011 218 393 231 405
person 0.0011 182 379 189 385
person 0.0010 109 376 117 386
car 0.9400 0 388 171 480
car 0.9087 186 390 258 435
car 0.8757 146 381 203 418
car 0.1931 181 437 280 499
car 0.0736 197 384 213 397
car 0.0634 49 385 120 401
car 0.0543 253 389 280 413
car 0.0335 131 384 154 401
car 0.0277 254 389 279 402
car 0.0271 150 380 161 394
car 0.0254 197 384 212 390
car 0.0099 153 378 162 385
car 0.0078 33 361 49 373
car 0.0077 23 386 98 419
car 0.0071 19 385 148 409
car 0.0068 55 386 95 400
car 0.0060 118 379 150 400
car 0.0058 0 402 40 437
car 0.0048 0 387 58 436
car 0.0044 70 386 125 396
car 0.0042 30 361 53 380
car 0.0035 250 385 279 398
car 0.0034 186 384 214 406
car 0.0033 272 386 280 393
car 0.0026 0 373 48 400
car 0.0026 269 389 280 397
car 0.0023 241 387 257 400
car 0.0021 0 368 39 391
car 0.0020 0 366 16 380
car 0.0020 143 383 159 399
car 0.0018 252 389 274 397
car 0.0013 29 402 58 418
car 0.0011 84 381 157 399
car 0.0011 79 378 93 386
car 0.0010 235 383 258 409
car 0.0010 15 433 276 500
motorbike 0.0084 123 382 149 401
bus 0.0051 0 337 39 384
bird 0.0037 0 107 4 115
bird 0.0011 2 192 8 198
tvmonitor 0.1529 131 178 210 285
tvmonitor 0.0029 45 281 110 327
