person 0.0209 41 108 74 155
person 0.0132 73 95 134 154
person 0.0086 73 94 97 153
person 0.0037 82 94 95 126
bottle 0.0350 88 351 102 376
bottle 0.0026 103 354 112 375
bottle 0.0022 11 287 19 315
bottle 0.0016 135 279 140 289
bottle 0.0013 11 286 20 347
bottle 0.0011 97 352 103 364
chair 0.9348 0 360 50 499
chair 0.2475 227 364 258 416
chair 0.1849 230 333 258 368
chair 0.1074 73 125 133 154
chair 0.0908 341 334 374 478
chair 0.0516 88 351 102 376
chair 0.0360 225 330 265 416
chair 0.0229 108 125 146 154
chair 0.0103 0 359 48 422
chair 0.0099 72 93 135 156
chair 0.0058 72 125 96 153
chair 0.0053 233 342 259 388
chair 0.0053 59 93 92 148
chair 0.0046 141 311 155 338
chair 0.0029 256 331 268 345
chair 0.0028 255 340 267 390
chair 0.0027 41 110 74 155
chair 0.0024 143 312 155 321
chair 0.0021 266 257 350 418
chair 0.0018 0 359 43 369
chair 0.0018 192 145 215 152
chair 0.0017 225 335 235 367
chair 0.0015 232 349 257 368
chair 0.0015 88 351 115 378
chair 0.0013 142 317 155 331
chair 0.0013 129 129 147 153
chair 0.0011 236 331 258 349
chair 0.0011 88 351 100 363
chair 0.0011 350 220 374 296
chair 0.0010 255 340 268 365
chair 0.0010 353 460 374 489
sofa 0.2312 341 333 374 481
pottedplant 0.7684 225 292 268 349
pottedplant 0.1885 228 364 257 391
pottedplant 0.0339 73 94 133 154
pottedplant 0.0084 64 93 95 152
pottedplant 0.0046 250 308 267 332
pottedplant 0.0022 255 318 268 331
pottedplant 0.0010 232 364 256 380
diningtable 0.0073 229 335 264 370
diningtable 0.0022 256 330 268 343
diningtable 0.0018 2 366 117 496
diningtable 0.0015 0 359 50 499
diningtable 0.0010 0 360 49 422
tvmonitor 0.0060 59 93 92 147
