person 0.6074 248 116 499 371
person 0.0743 461 117 499 208
person 0.0259 454 118 499 369
person 0.0033 404 118 498 369
person 0.0024 236 113 501 225
person 0.0010 427 119 499 213
bird 0.8793 100 104 380 292
bird 0.0269 0 135 7 163
bird 0.0175 94 104 498 366
bird 0.0090 0 135 3 139
bird 0.0044 254 162 493 209
bird 0.0026 99 105 240 176
bird 0.0022 215 136 368 292
bird 0.0020 149 152 256 240
bird 0.0012 148 148 319 261
bird 0.0010 292 117 498 212
chair 0.0229 248 172 499 371
chair 0.0151 115 100 499 370
chair 0.0027 301 326 479 372
chair 0.0016 1 226 90 371
chair 0.0011 437 327 500 373
chair 0.0010 441 331 473 374
tvmonitor 0.0059 0 51 82 228
