person 0.9179 279 27 333 283
person 0.8694 29 28 57 109
person 0.8462 75 28 98 120
person 0.7717 73 27 252 381
person 0.6513 0 24 17 79
person 0.6123 7 26 27 73
person 0.5671 50 32 69 97
person 0.3830 215 0 236 51
person 0.3664 22 33 33 72
person 0.2088 302 0 332 33
person 0.1598 180 0 238 128
person 0.1526 76 80 177 364
person 0.1309 191 61 224 130
person 0.1164 57 22 71 48
person 0.0920 225 0 239 50
person 0.0687 69 30 79 63
person 0.0660 179 33 200 109
person 0.0469 299 0 332 63
person 0.0285 214 55 237 133
person 0.0252 43 27 52 43
person 0.0250 21 33 33 50
person 0.0170 27 27 35 40
person 0.0160 178 1 211 112
person 0.0121 252 76 295 129
person 0.0115 212 1 238 129
person 0.0114 71 31 78 52
person 0.0114 50 35 321 496
person 0.0106 14 15 27 39
person 0.0102 95 24 109 53
person 0.0096 180 0 238 55
person 0.0082 174 0 314 69
person 0.0069 32 27 43 41
person 0.0058 52 34 69 69
person 0.0055 28 27 53 73
person 0.0047 96 23 107 41
person 0.0046 166 93 255 189
person 0.0043 253 78 294 103
person 0.0040 254 0 270 18
person 0.0040 16 15 25 29
person 0.0038 76 30 254 192
person 0.0037 101 21 111 53
person 0.0037 6 22 15 31
person 0.0036 0 11 8 30
person 0.0031 142 0 171 19
person 0.0029 170 1 201 84
person 0.0029 217 82 231 152
person 0.0027 62 28 79 65
person 0.0024 108 0 241 66
person 0.0024 20 32 30 43
person 0.0023 67 42 77 63
person 0.0023 217 59 294 156
person 0.0022 78 17 86 30
person 0.0022 0 19 16 132
person 0.0022 78 32 97 78
person 0.0021 4 25 15 41
person 0.0020 79 77 96 119
person 0.0020 98 35 110 54
person 0.0020 30 27 45 45
person 0.0020 328 0 333 8
person 0.0019 221 58 237 108
person 0.0018 50 32 60 51
person 0.0018 105 21 111 35
person 0.0018 82 68 207 251
person 0.0017 181 67 198 109
person 0.0017 303 26 332 61
person 0.0017 164 6 182 99
person 0.0017 328 0 333 14
person 0.0016 282 80 301 128
person 0.0015 214 0 245 71
person 0.0015 52 31 60 41
person 0.0014 263 215 302 345
person 0.0014 216 53 237 92
person 0.0014 319 0 333 19
person 0.0014 259 78 293 91
person 0.0013 93 32 101 51
person 0.0013 2 20 13 34
person 0.0013 0 21 8 31
person 0.0012 132 0 170 30
person 0.0012 76 29 84 49
person 0.0012 135 0 155 10
person 0.0012 123 0 140 7
person 0.0011 261 78 280 90
person 0.0011 7 13 17 30
person 0.0010 47 27 53 34
person 0.0010 220 54 304 312
motorbike 0.9374 37 106 319 499
motorbike 0.7000 253 0 331 69
motorbike 0.4778 179 0 238 67
motorbike 0.2748 275 131 297 182
motorbike 0.2092 251 78 299 176
motorbike 0.0996 272 129 324 182
motorbike 0.0841 112 1 169 53
motorbike 0.0651 151 0 314 69
motorbike 0.0288 275 80 331 199
motorbike 0.0283 118 0 238 67
motorbike 0.0080 252 76 295 128
motorbike 0.0072 219 75 297 141
motorbike 0.0039 217 36 298 168
motorbike 0.0032 80 28 284 410
motorbike 0.0025 144 0 170 21
motorbike 0.0022 259 212 289 265
motorbike 0.0021 258 208 300 338
motorbike 0.0019 131 0 170 30
motorbike 0.0016 233 0 299 67
motorbike 0.0015 256 0 333 30
motorbike 0.0011 254 0 299 48
motorbike 0.0010 111 9 140 53
motorbike 0.0010 95 35 110 53
motorbike 0.0010 253 101 297 141
motorbike 0.0010 217 78 327 185
bottle 0.0011 94 187 140 202
