person 0.8452 364 57 393 115
person 0.7998 349 53 369 109
person 0.7654 404 51 437 147
person 0.6974 433 65 461 142
person 0.6328 47 66 65 111
person 0.5803 478 79 500 147
person 0.5699 65 65 79 105
person 0.5479 28 65 46 111
person 0.4903 443 54 468 103
person 0.4631 90 67 104 113
person 0.4279 78 66 91 104
person 0.3726 399 57 419 96
person 0.2795 0 68 8 87
person 0.2585 102 69 114 104
person 0.2514 17 68 28 88
person 0.2149 478 80 499 111
person 0.1499 337 62 351 86
person 0.1344 142 62 151 85
person 0.1329 113 64 127 98
person 0.1242 9 68 18 87
person 0.1017 0 82 16 105
person 0.0862 489 107 499 148
person 0.0806 133 67 145 86
person 0.0606 336 61 353 105
person 0.0480 336 62 346 77
person 0.0404 0 76 14 94
person 0.0294 117 64 133 94
person 0.0274 400 57 417 134
person 0.0257 23 68 29 82
person 0.0199 487 75 500 92
person 0.0177 132 67 147 108
person 0.0161 112 66 142 115
person 0.0142 360 52 370 78
person 0.0119 141 62 152 105
person 0.0108 43 69 53 106
person 0.0097 409 57 419 66
person 0.0090 428 61 451 101
person 0.0060 0 82 20 127
person 0.0058 91 65 103 80
person 0.0053 404 57 419 75
person 0.0050 477 78 500 214
person 0.0046 110 92 131 115
person 0.0044 117 64 125 86
person 0.0041 118 64 125 76
person 0.0036 361 52 370 64
person 0.0033 45 71 53 89
person 0.0031 376 56 393 88
person 0.0024 484 75 497 85
person 0.0023 423 52 431 63
person 0.0022 418 51 436 70
person 0.0019 491 75 499 84
person 0.0018 354 54 362 66
person 0.0018 422 61 450 140
person 0.0017 450 58 468 130
person 0.0016 32 65 45 83
person 0.0016 417 51 429 64
person 0.0015 492 83 500 145
person 0.0014 352 54 364 80
person 0.0014 410 51 433 78
person 0.0014 482 76 491 85
person 0.0014 82 67 93 88
person 0.0013 488 92 500 109
person 0.0012 426 53 438 69
person 0.0012 419 51 426 58
person 0.0011 66 65 79 85
person 0.0011 479 75 491 92
bicycle 0.0058 390 99 410 130
car 0.0824 0 67 9 85
car 0.0028 1 65 31 85
car 0.0027 0 67 17 89
car 0.0024 0 82 14 93
car 0.0017 5 86 29 107
car 0.0015 483 75 499 88
car 0.0011 151 27 340 94
motorbike 0.0057 134 82 152 111
motorbike 0.0015 132 71 147 109
motorbike 0.0011 139 82 151 101
chair 0.3704 0 104 23 131
chair 0.1018 15 87 33 104
chair 0.0245 9 86 20 106
chair 0.0229 0 85 16 106
chair 0.0044 390 98 410 129
chair 0.0033 0 103 7 119
chair 0.0018 0 96 7 105
chair 0.0014 9 95 17 106
chair 0.0012 74 85 83 104
chair 0.0012 111 92 143 115
chair 0.0011 0 104 10 124
