person 0.0202 284 154 317 173
person 0.0079 160 156 199 187
person 0.0068 299 156 317 173
person 0.0038 332 159 348 174
person 0.0030 0 90 10 121
person 0.0021 210 154 236 182
person 0.0012 485 87 494 98
car 0.9483 15 137 490 313
car 0.0081 454 177 473 195
car 0.0078 455 169 499 240
car 0.0041 9 246 497 315
car 0.0038 0 88 10 120
car 0.0037 454 176 487 224
car 0.0033 456 168 499 206
car 0.0028 493 176 499 228
car 0.0027 479 168 499 234
car 0.0016 488 178 499 236
car 0.0012 469 95 481 100
car 0.0011 0 216 11 229
