person 0.8963 63 341 129 500
person 0.2112 63 356 97 419
person 0.1858 63 354 98 492
person 0.1454 121 363 133 384
person 0.1096 137 373 168 441
person 0.0650 121 363 139 412
person 0.0618 131 371 143 410
person 0.0545 124 364 139 384
person 0.0346 131 371 143 385
person 0.0332 139 373 165 405
person 0.0183 73 356 98 381
person 0.0148 96 355 101 366
person 0.0134 160 359 165 365
person 0.0119 96 360 101 367
person 0.0102 140 373 165 387
person 0.0073 148 358 154 372
person 0.0057 120 367 135 441
person 0.0055 121 361 131 375
person 0.0034 147 390 168 442
person 0.0029 92 357 100 368
person 0.0027 128 369 138 384
person 0.0022 93 344 120 395
person 0.0022 123 357 136 371
person 0.0016 94 354 104 367
person 0.0015 159 359 166 370
person 0.0014 132 358 139 371
person 0.0013 133 356 145 371
person 0.0012 62 364 76 416
car 0.2129 21 352 67 371
car 0.1833 72 355 79 362
car 0.0494 50 353 67 363
car 0.0375 74 353 90 362
car 0.0192 78 349 89 361
car 0.0184 34 351 44 358
car 0.0170 66 353 71 362
car 0.0161 77 346 95 362
car 0.0150 22 353 37 359
car 0.0126 76 354 97 365
car 0.0126 64 352 76 363
car 0.0120 90 354 98 364
car 0.0114 21 352 48 368
car 0.0092 60 353 69 359
car 0.0088 89 350 97 361
car 0.0081 78 346 89 355
car 0.0078 131 355 153 364
car 0.0077 64 351 71 359
car 0.0071 122 356 141 367
car 0.0047 123 354 154 369
car 0.0045 38 350 43 356
car 0.0035 121 356 133 368
car 0.0034 114 360 121 371
car 0.0023 46 354 59 363
car 0.0020 55 352 70 362
car 0.0019 51 353 69 370
car 0.0018 36 350 49 358
car 0.0017 21 352 35 365
car 0.0014 115 353 122 359
car 0.0014 119 357 165 381
car 0.0014 53 352 81 368
car 0.0011 115 355 121 367
