person 0.4283 138 262 147 275
person 0.3034 131 262 137 272
person 0.1633 279 300 287 311
person 0.1616 122 262 128 271
person 0.1538 124 293 130 304
person 0.1028 274 298 280 312
person 0.0467 124 262 130 271
person 0.0466 270 297 278 312
person 0.0310 75 261 88 279
person 0.0266 155 294 163 310
person 0.0263 135 289 142 306
person 0.0261 163 294 175 310
person 0.0230 79 261 86 273
person 0.0223 128 291 136 305
person 0.0214 73 250 85 279
person 0.0210 73 266 79 279
person 0.0193 334 301 343 317
person 0.0193 148 294 153 309
person 0.0148 162 294 169 309
person 0.0126 144 291 151 307
person 0.0125 167 301 176 311
person 0.0123 338 301 344 310
person 0.0110 185 304 198 318
person 0.0103 118 262 126 271
person 0.0095 150 292 156 309
person 0.0073 252 321 260 335
person 0.0071 186 300 206 317
person 0.0071 228 303 240 320
person 0.0070 142 294 149 308
person 0.0050 226 128 232 140
person 0.0046 118 274 125 284
person 0.0044 174 289 184 309
person 0.0044 140 292 152 308
person 0.0043 122 275 129 283
person 0.0042 334 302 340 310
person 0.0041 130 286 139 303
person 0.0038 168 292 180 312
person 0.0036 227 131 232 143
person 0.0036 137 287 144 304
person 0.0034 227 127 232 135
person 0.0033 115 274 124 288
person 0.0031 270 297 276 305
person 0.0031 114 264 121 270
person 0.0030 172 290 180 307
person 0.0030 326 301 333 310
person 0.0029 249 132 253 139
person 0.0028 107 276 118 290
person 0.0027 254 303 262 316
person 0.0027 120 262 133 272
person 0.0026 148 231 153 242
person 0.0025 106 264 112 270
person 0.0021 197 307 208 319
person 0.0021 105 275 114 290
person 0.0021 99 275 108 289
person 0.0018 163 287 170 295
person 0.0017 170 306 182 315
person 0.0017 115 273 130 290
person 0.0016 210 298 220 319
person 0.0016 210 313 216 319
person 0.0016 120 295 129 304
person 0.0014 235 304 245 320
person 0.0014 324 301 335 316
person 0.0013 74 250 101 281
person 0.0012 193 299 210 319
person 0.0012 253 300 265 317
person 0.0012 242 302 253 319
person 0.0012 145 301 150 308
person 0.0011 166 289 174 298
person 0.0011 147 290 160 310
person 0.0011 229 129 236 141
person 0.0011 235 129 240 138
person 0.0011 232 158 244 178
person 0.0011 76 251 85 269
person 0.0011 261 306 268 315
person 0.0011 94 275 103 289
person 0.0010 223 302 230 319
person 0.0010 246 304 255 318
person 0.0010 244 298 251 311
boat 0.8404 73 8 369 350
boat 0.0837 73 265 366 352
boat 0.0284 196 49 287 179
boat 0.0121 135 -1 225 335
boat 0.0059 74 13 210 329
boat 0.0040 185 77 300 355
boat 0.0032 74 250 87 279
boat 0.0010 291 299 352 321
boat 0.0010 186 159 274 321
bird 0.0079 251 322 262 335
bird 0.0020 148 231 153 242
bird 0.0013 119 239 124 248
