person 0.3239 456 45 499 81
person 0.1277 11 175 23 193
person 0.0079 278 60 347 114
person 0.0050 491 50 500 76
person 0.0044 422 44 499 85
person 0.0035 301 60 365 110
person 0.0025 259 201 281 240
person 0.0020 0 151 28 193
person 0.0019 0 167 6 189
person 0.0015 0 161 19 192
person 0.0010 260 207 295 256
bus 0.9491 26 0 499 371
bus 0.5747 0 151 29 268
bus 0.0482 4 1 499 97
bus 0.0334 16 288 498 371
bus 0.0180 23 150 45 268
bus 0.0031 25 112 62 273
bus 0.0020 16 200 498 371
bus 0.0010 0 149 29 200
chair 0.3014 277 83 331 117
chair 0.2163 223 98 252 129
chair 0.0924 345 63 366 104
chair 0.0258 316 89 344 109
chair 0.0248 185 110 215 132
chair 0.0205 173 119 212 142
chair 0.0140 209 113 225 131
chair 0.0092 318 63 366 108
chair 0.0086 457 45 499 80
chair 0.0069 137 121 168 146
chair 0.0065 187 98 251 132
chair 0.0049 348 61 415 104
chair 0.0036 130 123 151 147
chair 0.0033 130 131 144 147
chair 0.0033 280 83 313 107
chair 0.0028 308 74 354 109
chair 0.0026 353 62 366 90
chair 0.0020 242 99 253 124
chair 0.0018 172 110 230 143
chair 0.0015 343 88 361 104
chair 0.0010 209 99 235 131
