person 0.0333 198 38 214 71
person 0.0129 236 89 282 121
person 0.0053 181 29 192 47
person 0.0036 231 88 310 142
person 0.0033 54 2 67 65
person 0.0032 198 38 214 50
person 0.0010 181 17 212 48
person 0.0010 65 54 82 85
car 0.9653 6 59 427 303
car 0.0609 487 40 499 63
car 0.0229 204 40 244 54
car 0.0095 237 44 244 55
car 0.0078 197 39 213 49
car 0.0047 470 34 499 63
car 0.0038 181 29 193 47
car 0.0033 179 30 214 47
car 0.0029 198 40 245 68
car 0.0014 181 41 195 47
pottedplant 0.0199 414 62 429 80
pottedplant 0.0165 393 49 429 70
pottedplant 0.0083 402 66 416 79
pottedplant 0.0021 354 41 374 57
pottedplant 0.0018 416 62 428 71
pottedplant 0.0012 307 44 353 56
