person 0.8910 0 41 191 329
person 0.8533 150 85 320 329
person 0.8494 301 106 498 329
person 0.7125 453 8 499 146
person 0.4445 219 45 290 175
person 0.1239 45 87 77 123
person 0.1029 0 135 31 242
person 0.0692 0 90 81 244
person 0.0337 0 135 40 328
person 0.0317 236 116 316 210
person 0.0308 0 134 28 188
person 0.0231 257 84 309 170
person 0.0207 219 44 263 98
person 0.0157 36 85 79 148
person 0.0128 260 83 292 124
person 0.0096 0 133 18 331
person 0.0095 365 129 393 162
person 0.0059 49 77 78 94
person 0.0057 184 83 216 145
person 0.0056 182 86 249 214
person 0.0055 448 10 500 254
person 0.0032 245 77 290 135
person 0.0031 368 0 432 147
person 0.0026 187 83 216 110
person 0.0023 242 88 263 123
person 0.0020 484 20 499 71
person 0.0020 268 84 289 112
person 0.0017 127 224 176 329
person 0.0017 0 180 9 239
person 0.0017 389 0 499 149
person 0.0016 417 307 467 332
person 0.0015 0 48 31 226
person 0.0015 0 53 21 140
person 0.0012 385 82 500 245
person 0.0011 105 34 133 49
person 0.0010 0 130 91 328
person 0.0010 0 130 55 217
bottle 0.0200 292 38 301 64
bottle 0.0195 464 247 499 331
bottle 0.0178 283 37 293 67
bottle 0.0117 319 36 329 64
bottle 0.0076 310 38 320 65
bottle 0.0067 300 37 311 65
bottle 0.0021 344 200 357 224
chair 0.0587 387 126 499 263
chair 0.0551 171 302 244 332
chair 0.0228 391 127 435 151
chair 0.0215 0 135 27 189
chair 0.0198 0 135 32 243
chair 0.0182 236 117 318 216
chair 0.0170 242 195 348 286
chair 0.0089 369 130 392 162
chair 0.0072 241 194 347 240
chair 0.0065 251 116 312 173
chair 0.0064 414 141 464 251
chair 0.0047 327 238 363 331
chair 0.0046 252 221 350 327
chair 0.0034 0 184 9 242
chair 0.0022 330 294 367 332
chair 0.0021 483 139 500 148
chair 0.0019 387 129 499 156
chair 0.0016 331 238 349 302
chair 0.0015 243 226 325 289
chair 0.0015 437 133 499 149
chair 0.0012 237 156 323 242
chair 0.0012 439 134 499 261
chair 0.0012 304 235 494 329
chair 0.0010 321 229 349 321
chair 0.0010 171 293 317 331
sofa 0.1275 234 116 344 248
sofa 0.0407 172 303 244 332
sofa 0.0157 233 115 498 242
sofa 0.0075 1 286 241 331
sofa 0.0064 238 109 402 209
sofa 0.0054 0 228 240 330
sofa 0.0050 252 117 312 171
sofa 0.0044 164 186 345 330
sofa 0.0038 2 106 324 326
sofa 0.0029 235 150 314 217
sofa 0.0024 171 301 314 332
sofa 0.0021 164 215 247 331
sofa 0.0012 171 268 318 331
sofa 0.0011 178 94 318 219
diningtable 0.1584 438 246 500 329
diningtable 0.0568 242 194 349 246
diningtable 0.0383 243 194 349 304
diningtable 0.0150 247 221 348 244
diningtable 0.0053 419 292 499 332
diningtable 0.0044 460 315 499 332
diningtable 0.0042 309 239 497 330
diningtable 0.0034 214 112 483 329
diningtable 0.0032 310 196 348 232
diningtable 0.0032 419 313 500 332
diningtable 0.0032 161 219 507 331
diningtable 0.0021 418 303 466 332
diningtable 0.0012 463 290 499 330
diningtable 0.0011 285 223 346 241
diningtable 0.0010 423 183 499 331
tvmonitor 0.0138 275 29 336 72
