person 0.9447 79 118 175 235
person 0.9432 376 82 456 189
person 0.7355 270 18 330 105
person 0.0039 256 0 292 98
person 0.0025 476 0 500 29
person 0.0025 294 58 332 109
person 0.0011 293 55 331 82
bicycle 0.9188 353 128 489 206
bicycle 0.9180 71 163 238 266
bottle 0.0012 380 131 398 177
chair 0.1032 284 81 327 111
chair 0.0946 421 5 454 30
chair 0.0820 400 29 437 54
chair 0.0804 391 5 419 29
chair 0.0642 438 31 465 55
chair 0.0507 366 29 399 54
chair 0.0483 291 2 323 28
chair 0.0362 454 6 482 30
chair 0.0345 339 29 368 54
chair 0.0270 326 4 358 28
chair 0.0248 354 4 386 29
chair 0.0191 480 5 499 30
chair 0.0187 257 2 294 42
chair 0.0166 384 54 413 82
chair 0.0151 350 54 380 82
chair 0.0146 396 19 418 30
chair 0.0143 401 28 432 41
chair 0.0133 366 27 398 41
chair 0.0131 264 19 292 41
chair 0.0126 429 21 452 30
chair 0.0123 468 30 499 55
chair 0.0113 414 55 446 82
chair 0.0101 367 20 386 29
chair 0.0090 436 30 464 41
chair 0.0086 475 0 499 6
chair 0.0085 394 7 420 55
chair 0.0084 380 44 399 54
chair 0.0076 431 21 463 42
chair 0.0070 412 44 434 55
chair 0.0065 257 1 294 22
chair 0.0064 413 0 442 5
chair 0.0063 384 54 413 67
chair 0.0060 272 64 329 107
chair 0.0056 326 5 364 54
chair 0.0056 305 27 342 52
chair 0.0055 324 79 357 108
chair 0.0055 456 8 499 55
chair 0.0053 395 18 420 43
chair 0.0053 303 19 323 28
chair 0.0049 357 5 399 45
chair 0.0049 271 66 293 106
chair 0.0048 423 8 461 55
chair 0.0047 303 19 332 41
chair 0.0042 477 4 500 56
chair 0.0039 443 0 474 6
chair 0.0036 329 18 357 29
chair 0.0035 408 30 437 82
chair 0.0033 386 3 418 19
chair 0.0032 416 2 450 19
chair 0.0032 457 20 482 31
chair 0.0031 378 34 407 82
chair 0.0030 332 29 379 83
chair 0.0027 350 54 378 68
chair 0.0027 339 28 365 41
chair 0.0027 417 55 446 69
chair 0.0025 287 81 321 99
chair 0.0025 341 43 365 54
chair 0.0025 352 0 379 5
chair 0.0025 466 22 499 44
chair 0.0024 455 19 499 31
chair 0.0024 255 2 320 65
chair 0.0024 382 0 408 5
chair 0.0024 352 71 379 82
chair 0.0024 396 30 414 54
chair 0.0022 411 43 446 72
chair 0.0021 439 44 465 56
chair 0.0021 480 51 500 82
chair 0.0020 327 17 364 42
chair 0.0019 367 29 400 82
chair 0.0018 460 20 481 55
chair 0.0017 449 55 480 72
chair 0.0017 290 3 333 48
chair 0.0017 414 0 443 14
chair 0.0015 475 0 499 15
chair 0.0015 487 5 500 23
chair 0.0015 480 20 499 30
chair 0.0014 459 82 499 108
chair 0.0014 382 4 399 29
chair 0.0014 82 61 118 103
chair 0.0013 493 26 500 53
chair 0.0012 115 61 161 104
chair 0.0012 424 64 447 84
chair 0.0012 459 54 499 106
chair 0.0012 365 6 398 29
chair 0.0011 341 28 388 65
chair 0.0011 363 29 381 54
chair 0.0010 300 14 326 28
chair 0.0010 369 18 419 54
chair 0.0010 479 44 499 55
chair 0.0010 379 42 399 72
