person 0.1180 68 159 125 226
person 0.0755 310 250 372 281
person 0.0475 40 202 71 239
person 0.0198 107 192 157 240
person 0.0184 473 184 499 220
person 0.0158 208 160 223 181
person 0.0099 243 163 258 179
person 0.0066 67 160 157 247
person 0.0061 405 189 434 228
person 0.0053 347 219 366 245
person 0.0046 339 251 369 280
person 0.0038 208 163 217 180
person 0.0038 118 246 137 279
person 0.0038 470 157 499 223
person 0.0032 235 157 258 179
person 0.0028 81 245 137 288
person 0.0023 246 226 265 246
person 0.0021 317 250 411 285
person 0.0018 420 189 435 229
person 0.0017 490 177 499 217
person 0.0016 469 147 499 171
person 0.0015 494 194 499 215
person 0.0014 363 253 414 274
person 0.0013 78 160 114 211
person 0.0012 295 228 307 247
person 0.0011 391 196 429 240
person 0.0011 57 154 123 264
person 0.0010 346 251 362 270
person 0.0010 397 144 429 170
person 0.0010 210 137 223 179
bicycle 0.0024 82 245 138 288
bicycle 0.0013 362 253 415 274
bicycle 0.0012 117 245 137 280
car 0.1389 8 225 26 235
car 0.0366 0 228 7 235
car 0.0090 23 224 28 233
car 0.0085 0 226 26 239
car 0.0037 0 222 22 233
car 0.0020 10 227 495 317
car 0.0014 1 225 13 233
bus 0.9393 19 97 497 318
bus 0.0062 11 96 497 158
bus 0.0014 0 150 35 235
bus 0.0012 0 176 6 228
bird 0.0044 442 207 461 222
dog 0.0050 115 193 156 241
dog 0.0039 118 245 137 277
horse 0.0157 110 192 157 240
horse 0.0046 70 182 155 246
