person 0.8887 141 223 165 258
person 0.8825 112 222 140 258
person 0.8685 90 200 104 240
person 0.8669 182 223 208 260
person 0.8160 206 211 215 238
person 0.6653 164 223 189 256
person 0.6416 62 212 68 226
person 0.5377 154 211 161 226
person 0.5078 196 218 203 230
person 0.3400 119 214 124 222
person 0.2949 56 233 70 239
person 0.2200 139 216 149 224
person 0.1703 179 217 187 226
person 0.1502 89 202 96 232
person 0.0993 89 217 94 230
person 0.0480 177 216 188 232
person 0.0245 90 204 96 216
person 0.0197 179 216 203 230
person 0.0093 187 222 197 232
person 0.0076 176 223 186 234
person 0.0046 119 214 131 223
person 0.0037 117 213 124 231
person 0.0029 129 220 139 224
person 0.0021 154 210 160 220
person 0.0017 154 223 163 234
person 0.0016 177 224 189 246
person 0.0011 54 233 94 240
bird 0.0341 110 45 113 48
cow 0.9326 351 216 381 272
cow 0.0024 353 216 374 223
