person 0.5351 0 206 27 372
person 0.0075 0 159 45 369
person 0.0032 0 82 21 357
person 0.0020 379 10 392 97
bicycle 0.9798 62 163 358 372
bottle 0.9189 177 257 216 299
bottle 0.8347 215 256 239 299
bottle 0.0101 190 220 213 259
bottle 0.0061 214 287 232 310
bottle 0.0034 227 256 238 272
bottle 0.0021 210 271 238 315
bottle 0.0018 215 284 232 299
bottle 0.0014 177 257 192 272
bottle 0.0012 177 261 233 315
chair 0.0038 16 273 38 372
chair 0.0037 0 204 36 372
chair 0.0015 0 268 27 371
diningtable 0.0235 0 159 55 370
diningtable 0.0013 0 159 48 198
