person 0.9241 183 35 330 229
person 0.8387 198 0 237 55
person 0.8295 173 0 200 55
person 0.1487 488 11 499 40
person 0.0188 186 1 201 50
person 0.0170 400 0 431 31
person 0.0137 175 0 256 55
person 0.0076 487 0 500 14
person 0.0052 400 0 417 27
person 0.0043 225 2 243 47
person 0.0042 411 0 431 22
person 0.0042 469 0 499 14
person 0.0022 224 0 237 18
person 0.0016 492 0 499 9
person 0.0016 483 -1 499 38
person 0.0015 198 0 235 24
person 0.0015 489 25 500 41
bicycle 0.0563 463 0 499 39
car 0.2157 0 0 100 37
car 0.0585 96 0 175 54
car 0.0028 329 0 379 11
car 0.0024 0 1 27 34
motorbike 0.9395 181 123 358 288
motorbike 0.7786 463 0 499 40
motorbike 0.6216 394 1 458 33
motorbike 0.0287 488 4 500 41
motorbike 0.0284 429 1 473 32
motorbike 0.0083 450 11 471 33
motorbike 0.0038 489 0 500 14
motorbike 0.0021 419 0 498 35
motorbike 0.0017 434 11 457 32
motorbike 0.0012 180 146 207 172
motorbike 0.0012 389 1 417 33
motorbike 0.0010 325 0 461 36
