person 0.0568 465 88 470 97
person 0.0065 363 83 369 91
person 0.0060 14 3 36 49
person 0.0048 116 97 120 103
person 0.0027 256 88 263 95
person 0.0019 110 91 115 102
car 0.9656 39 105 476 253
car 0.5485 350 82 404 96
car 0.3340 414 84 442 98
car 0.2509 257 91 277 96
car 0.0448 223 89 256 98
car 0.0252 76 98 89 102
car 0.0242 13 94 30 103
car 0.0238 0 92 30 103
car 0.0131 15 96 25 103
car 0.0113 350 89 424 130
car 0.0082 228 88 279 97
car 0.0062 23 96 30 102
car 0.0059 55 93 65 101
car 0.0054 4 93 54 103
car 0.0052 362 82 427 95
car 0.0034 412 58 453 96
car 0.0031 13 96 21 103
car 0.0031 404 87 423 94
car 0.0031 401 87 435 97
car 0.0026 40 95 47 101
car 0.0018 349 90 369 96
car 0.0017 412 84 468 99
car 0.0015 196 89 261 101
car 0.0013 403 88 425 98
car 0.0013 424 82 442 89
car 0.0011 42 93 64 101
car 0.0011 131 89 471 136
car 0.0011 63 94 76 100
car 0.0010 136 91 304 122
car 0.0010 85 98 91 102
car 0.0010 18 95 32 102
dog 0.0187 134 97 212 121
dog 0.0078 135 92 280 122
sheep 0.0018 134 97 189 121
