bird 0.0063 0 21 24 33
bird 0.0052 122 48 161 66
bird 0.0036 0 21 24 60
cat 0.0131 0 121 24 147
cat 0.0047 189 120 319 219
dog 0.9169 97 95 319 220
dog 0.0659 53 30 110 55
dog 0.0314 98 93 209 212
dog 0.0185 0 121 24 146
dog 0.0070 91 48 376 323
dog 0.0035 189 119 319 219
sheep 0.1191 53 34 110 55
sheep 0.0078 0 121 24 146
sheep 0.0010 52 19 117 55
chair 0.0057 0 22 20 62
chair 0.0042 0 143 141 325
pottedplant 0.9104 278 2 390 170
pottedplant 0.8395 95 0 328 146
pottedplant 0.8352 372 50 472 156
pottedplant 0.8193 438 5 499 126
pottedplant 0.4470 362 0 449 67
pottedplant 0.4317 113 147 378 326
pottedplant 0.3274 354 196 499 327
pottedplant 0.1416 236 105 296 147
pottedplant 0.0312 363 18 410 67
pottedplant 0.0265 463 197 499 303
pottedplant 0.0199 297 152 379 209
pottedplant 0.0176 414 1 472 66
pottedplant 0.0159 379 91 443 156
pottedplant 0.0138 219 1 324 148
pottedplant 0.0126 443 76 499 126
pottedplant 0.0123 429 1 499 68
pottedplant 0.0110 293 80 390 169
pottedplant 0.0106 370 0 497 101
pottedplant 0.0087 414 32 448 67
pottedplant 0.0084 272 158 488 328
pottedplant 0.0062 96 89 322 214
pottedplant 0.0058 38 38 435 325
pottedplant 0.0055 0 52 58 147
pottedplant 0.0049 367 158 494 248
pottedplant 0.0046 468 0 499 25
pottedplant 0.0046 390 1 430 38
pottedplant 0.0045 234 56 297 146
pottedplant 0.0044 422 0 460 31
pottedplant 0.0044 436 196 499 250
pottedplant 0.0044 207 1 319 48
pottedplant 0.0036 400 40 441 69
pottedplant 0.0034 369 40 410 67
pottedplant 0.0027 422 0 483 40
pottedplant 0.0025 431 197 499 325
pottedplant 0.0021 458 0 500 42
pottedplant 0.0019 486 208 500 313
pottedplant 0.0019 464 197 500 234
pottedplant 0.0018 401 45 425 69
pottedplant 0.0017 200 104 241 124
pottedplant 0.0015 411 29 489 90
pottedplant 0.0014 480 198 499 277
pottedplant 0.0013 0 18 172 163
pottedplant 0.0010 362 122 497 295
pottedplant 0.0010 273 95 306 134
pottedplant 0.0010 204 0 257 40
diningtable 0.0030 8 202 491 328
diningtable 0.0010 -3 45 404 334
