person 0.9530 322 132 499 371
person 0.9305 287 158 399 337
person 0.9068 273 130 350 311
person 0.7180 23 141 98 262
person 0.5652 164 151 247 285
person 0.5425 90 154 157 211
person 0.1845 22 140 158 302
person 0.0807 30 161 272 305
person 0.0140 89 146 246 273
person 0.0119 164 152 231 234
person 0.0094 92 153 240 218
person 0.0082 89 150 166 255
person 0.0041 491 129 499 197
person 0.0018 21 144 168 222
person 0.0017 285 129 349 238
person 0.0010 32 141 96 204
person 0.0010 488 127 499 260
car 0.0351 0 87 43 111
car 0.0011 0 87 44 137
bird 0.0027 261 97 276 118
bottle 0.0596 186 279 204 312
chair 0.0426 0 175 65 317
chair 0.0291 366 333 475 373
chair 0.0098 208 171 286 293
chair 0.0047 365 333 402 374
chair 0.0037 133 175 171 198
chair 0.0029 120 169 164 182
chair 0.0017 487 100 500 118
chair 0.0017 483 93 500 115
chair 0.0017 338 144 494 353
chair 0.0013 134 171 163 178
chair 0.0011 367 281 490 373
chair 0.0010 414 334 475 356
sofa 0.9058 0 175 284 313
sofa 0.3760 320 156 499 365
sofa 0.2630 0 175 65 317
sofa 0.0936 206 171 286 293
sofa 0.0609 386 183 446 246
sofa 0.0331 367 333 475 373
sofa 0.0331 210 176 467 362
sofa 0.0083 29 275 230 372
sofa 0.0080 137 164 279 293
sofa 0.0069 386 176 499 244
sofa 0.0065 2 176 126 317
sofa 0.0057 125 170 165 182
sofa 0.0051 289 173 439 308
sofa 0.0049 367 264 495 373
sofa 0.0048 130 174 174 200
sofa 0.0029 18 228 450 373
sofa 0.0029 312 187 452 244
sofa 0.0020 368 187 469 278
sofa 0.0019 366 333 402 374
sofa 0.0010 0 181 40 277
pottedplant 0.8277 41 192 134 299
pottedplant 0.7986 125 194 208 306
pottedplant 0.7593 305 98 387 177
pottedplant 0.6648 451 102 494 136
pottedplant 0.4475 407 150 454 193
pottedplant 0.0972 89 134 143 171
pottedplant 0.0647 490 129 499 163
pottedplant 0.0405 348 143 387 177
pottedplant 0.0361 408 132 499 193
pottedplant 0.0264 305 98 360 151
pottedplant 0.0162 434 150 456 195
pottedplant 0.0138 316 135 387 177
pottedplant 0.0124 491 15 499 38
pottedplant 0.0064 487 105 500 158
pottedplant 0.0061 63 151 176 292
pottedplant 0.0055 450 117 499 190
pottedplant 0.0030 90 136 126 160
pottedplant 0.0022 490 129 499 146
pottedplant 0.0019 88 98 145 171
pottedplant 0.0015 483 128 500 180
pottedplant 0.0015 375 133 404 178
pottedplant 0.0015 480 99 500 142
pottedplant 0.0013 417 157 498 196
pottedplant 0.0011 11 133 130 325
pottedplant 0.0011 31 266 229 373
diningtable 0.1049 468 186 499 371
diningtable 0.0040 276 216 299 227
diningtable 0.0011 468 286 499 372
