person 0.0228 169 83 213 109
person 0.0150 20 48 27 64
person 0.0145 26 47 32 64
person 0.0137 23 47 29 64
person 0.0110 0 116 3 132
person 0.0047 8 48 16 66
person 0.0022 218 68 251 106
person 0.0013 169 73 248 109
person 0.0010 0 91 21 109
bicycle 0.0015 0 71 5 84
car 0.9626 22 57 473 290
car 0.8600 0 84 39 181
car 0.5305 0 241 27 371
car 0.0152 0 84 39 109
car 0.0099 0 116 3 132
car 0.0084 0 82 34 371
car 0.0025 23 94 65 121
car 0.0024 19 92 65 141
car 0.0024 24 78 114 128
car 0.0022 9 78 113 183
car 0.0019 4 73 111 107
car 0.0016 26 93 64 109
car 0.0013 74 88 115 118
car 0.0011 0 91 21 108
car 0.0010 0 308 27 372
motorbike 0.0110 0 240 31 371
cat 0.0217 393 167 413 182
