cat 0.1230 0 151 48 208
cat 0.0026 0 151 47 293
dog 0.9621 130 141 499 365
dog 0.2850 0 151 49 208
dog 0.0036 0 73 47 208
dog 0.0026 0 150 47 296
chair 0.6884 61 1 277 194
chair 0.3136 0 151 48 208
chair 0.0890 292 96 390 154
chair 0.0289 278 2 400 151
chair 0.0083 0 151 48 352
chair 0.0072 0 73 46 207
chair 0.0044 324 41 416 138
chair 0.0039 0 46 26 73
chair 0.0023 91 0 262 64
chair 0.0012 0 265 33 351
chair 0.0012 0 4 27 74
sofa 0.6505 61 1 277 194
sofa 0.0024 0 155 49 214
diningtable 0.0017 24 272 495 370
diningtable 0.0017 0 46 26 73
tvmonitor 0.0163 400 2 499 108
tvmonitor 0.0035 444 4 499 98
