person 0.0366 85 210 98 240
person 0.0168 494 278 500 305
person 0.0161 478 309 499 334
person 0.0068 77 214 88 239
person 0.0057 147 138 198 217
person 0.0041 478 278 499 334
person 0.0037 44 206 53 238
person 0.0034 485 278 496 306
person 0.0031 14 242 25 270
person 0.0027 477 278 485 305
person 0.0020 53 206 64 239
person 0.0015 59 207 73 237
person 0.0013 2 239 13 269
person 0.0011 0 239 8 268
person 0.0010 30 243 38 271
person 0.0010 431 276 444 303
bicycle 0.0043 77 214 89 239
bicycle 0.0031 85 210 99 241
bicycle 0.0015 133 157 183 216
bicycle 0.0011 132 141 233 219
bicycle 0.0010 33 206 46 238
bicycle 0.0010 484 279 498 306
car 0.0123 478 310 499 334
car 0.0033 494 308 499 318
boat 0.0013 137 85 291 220
horse 0.9527 277 73 388 228
horse 0.0024 143 137 217 218
chair 0.0439 230 143 288 220
chair 0.0045 154 136 208 217
chair 0.0039 192 132 264 213
chair 0.0014 179 139 232 218
chair 0.0014 156 138 189 170
