person 0.8798 247 43 497 370
person 0.6764 9 34 268 368
person 0.0777 437 200 499 321
person 0.0111 139 26 268 108
person 0.0092 95 30 108 59
person 0.0029 481 196 499 257
person 0.0025 429 98 500 356
person 0.0021 103 15 123 40
person 0.0018 224 202 492 370
person 0.0018 395 184 498 358
person 0.0010 466 112 499 332
cat 0.5905 12 198 163 297
cat 0.2092 97 185 215 276
cat 0.1515 11 173 240 305
cat 0.0636 92 26 272 382
cat 0.0596 2 113 265 358
bottle 0.0073 112 51 117 60
bottle 0.0052 96 30 107 59
bottle 0.0033 137 37 146 53
bottle 0.0030 91 47 96 59
bottle 0.0010 97 41 106 59
bottle 0.0010 0 39 4 50
chair 0.8064 473 73 499 102
chair 0.3719 0 58 26 98
chair 0.0799 0 74 21 98
chair 0.0776 0 59 20 80
chair 0.0550 12 54 51 100
chair 0.0219 118 71 146 106
chair 0.0145 378 101 499 202
chair 0.0143 17 54 39 90
chair 0.0081 237 124 294 156
chair 0.0077 143 28 162 41
chair 0.0077 0 28 16 49
chair 0.0042 128 26 270 109
chair 0.0038 4 42 17 51
chair 0.0037 0 39 19 79
chair 0.0035 403 307 499 371
chair 0.0035 102 77 120 103
chair 0.0034 113 65 147 82
chair 0.0033 105 62 150 104
chair 0.0030 132 28 144 40
chair 0.0023 0 85 16 98
chair 0.0023 115 61 151 74
chair 0.0019 3 50 18 57
chair 0.0017 375 0 457 110
chair 0.0015 15 59 26 95
chair 0.0014 130 25 163 40
chair 0.0013 115 66 142 75
chair 0.0012 22 84 52 100
chair 0.0012 141 39 160 58
chair 0.0012 25 65 51 99
chair 0.0010 0 72 6 82
chair 0.0010 103 78 120 91
sofa 0.5600 1 112 499 369
sofa 0.1945 1 72 271 370
sofa 0.0493 379 101 499 368
sofa 0.0479 376 100 499 198
sofa 0.0185 1 99 498 207
sofa 0.0156 403 307 499 371
sofa 0.0086 436 195 499 324
sofa 0.0073 0 98 145 287
sofa 0.0069 118 71 148 107
sofa 0.0052 8 277 497 369
sofa 0.0033 111 103 500 168
sofa 0.0029 246 91 501 199
sofa 0.0027 222 106 321 156
sofa 0.0025 0 152 51 282
sofa 0.0023 405 199 499 368
sofa 0.0012 108 98 318 149
sofa 0.0010 9 61 491 163
sofa 0.0010 372 100 498 128
pottedplant 0.8405 188 1 312 109
pottedplant 0.0059 0 140 53 280
pottedplant 0.0044 104 50 153 61
pottedplant 0.0026 116 51 143 61
pottedplant 0.0026 98 40 154 62
pottedplant 0.0012 127 3 369 114
diningtable 0.0989 0 53 38 96
diningtable 0.0396 0 58 20 80
diningtable 0.0319 83 56 152 101
diningtable 0.0168 0 79 20 98
diningtable 0.0100 87 48 152 65
diningtable 0.0081 20 87 52 99
diningtable 0.0072 0 50 18 58
diningtable 0.0059 222 104 321 128
diningtable 0.0056 0 84 52 100
diningtable 0.0052 0 54 18 60
diningtable 0.0047 82 58 151 71
diningtable 0.0046 15 53 39 85
diningtable 0.0043 0 40 19 78
diningtable 0.0024 99 40 162 60
diningtable 0.0019 111 61 151 81
diningtable 0.0016 118 25 163 41
diningtable 0.0011 0 73 5 81
diningtable 0.0010 0 55 9 59
diningtable 0.0010 0 54 13 63
