person 0.8014 435 127 473 191
person 0.7341 0 193 14 249
person 0.4824 17 193 28 239
person 0.3321 384 119 405 134
person 0.1145 7 193 20 243
person 0.1043 0 260 11 268
person 0.0408 435 127 478 241
person 0.0273 0 212 12 268
person 0.0190 0 251 11 268
person 0.0121 307 53 339 90
person 0.0119 78 0 178 40
person 0.0091 9 192 19 212
person 0.0085 384 119 451 189
person 0.0076 342 63 369 94
person 0.0076 1 191 24 266
person 0.0056 1 192 18 214
person 0.0047 382 118 409 152
person 0.0044 18 191 27 216
person 0.0041 383 119 426 158
person 0.0040 395 119 406 134
person 0.0031 0 192 14 205
person 0.0026 386 122 478 243
person 0.0023 8 197 19 222
person 0.0022 0 193 4 202
person 0.0017 338 74 350 93
person 0.0015 355 64 369 93
person 0.0011 0 192 7 204
person 0.0011 307 60 322 88
person 0.0010 381 75 400 96
person 0.0010 402 132 463 191
person 0.0010 336 68 358 93
car 0.9342 60 55 480 338
car 0.0111 1 249 498 352
car 0.0056 307 52 341 91
car 0.0042 341 63 399 95
car 0.0022 342 62 369 94
car 0.0019 380 73 400 96
car 0.0011 307 55 373 94
car 0.0010 0 172 27 200
bird 0.0011 141 0 177 40
tvmonitor 0.0023 49 0 222 63
