person 0.0063 69 97 77 108
sheep 0.8743 288 35 306 59
sheep 0.7742 181 37 202 62
sheep 0.6615 160 31 183 60
sheep 0.3338 161 31 202 62
sheep 0.0120 289 49 299 59
sheep 0.0102 30 36 37 44
sheep 0.0066 332 50 371 64
sheep 0.0065 335 36 349 43
sheep 0.0039 292 33 303 38
sheep 0.0036 33 1 37 6
sheep 0.0027 162 31 304 64
sheep 0.0026 289 46 304 60
sheep 0.0026 10 33 17 40
sheep 0.0018 161 31 174 43
sheep 0.0018 163 31 179 37
sheep 0.0014 54 6 60 10
sheep 0.0013 56 50 65 63
sheep 0.0013 0 136 10 149
sheep 0.0012 366 71 378 79
sheep 0.0012 171 30 186 37
sheep 0.0011 291 33 305 43
cow 0.0192 288 35 306 59
