person 0.2404 18 170 30 201
person 0.1691 21 170 30 182
person 0.1046 40 166 47 171
person 0.0178 37 166 46 172
person 0.0115 27 170 32 181
person 0.0101 495 74 499 85
person 0.0078 39 165 50 173
person 0.0059 37 166 48 177
person 0.0058 17 168 45 183
person 0.0043 197 213 215 228
person 0.0040 7 171 18 184
person 0.0022 11 167 32 183
person 0.0021 3 174 19 194
person 0.0021 14 105 27 135
person 0.0016 14 116 25 134
person 0.0014 22 160 50 170
car 0.9022 98 200 287 272
car 0.2548 238 217 287 237
car 0.0593 484 82 499 92
car 0.0536 238 217 280 227
car 0.0337 490 84 500 91
car 0.0069 237 217 287 264
car 0.0028 43 132 53 139
car 0.0023 481 73 500 86
car 0.0010 479 71 500 80
boat 0.5120 6 158 60 201
boat 0.5037 0 184 102 235
boat 0.0086 29 167 59 187
boat 0.0059 9 166 32 184
boat 0.0056 0 183 19 195
boat 0.0052 2 70 102 237
boat 0.0044 0 172 20 195
boat 0.0036 480 72 499 92
boat 0.0033 8 160 49 184
boat 0.0031 5 157 98 214
boat 0.0017 6 68 59 197
bird 0.0013 175 0 181 5
