person 0.9509 121 43 285 458
person 0.9315 307 116 374 360
person 0.2413 151 181 169 260
person 0.0328 74 185 89 194
person 0.0115 12 172 35 197
person 0.0103 150 123 171 248
person 0.0047 133 182 169 258
person 0.0022 67 182 97 197
person 0.0013 72 185 108 195
person 0.0013 20 148 47 196
person 0.0010 153 179 170 201
bottle 0.0072 321 248 329 276
bottle 0.0012 323 262 328 275
chair 0.2755 133 227 159 252
chair 0.0719 285 274 337 335
chair 0.0050 128 261 153 350
chair 0.0049 129 225 159 308
chair 0.0048 133 226 163 274
chair 0.0039 286 273 373 346
chair 0.0027 13 172 35 197
chair 0.0027 127 259 157 272
chair 0.0015 127 259 158 284
sofa 0.0011 297 273 363 348
pottedplant 0.0099 12 172 35 196
tvmonitor 0.1784 55 83 97 134
tvmonitor 0.0481 285 274 339 335
