person 0.6913 228 6 498 368
person 0.0950 237 100 445 331
person 0.0357 227 83 377 190
person 0.0194 226 6 481 194
person 0.0193 427 86 499 376
person 0.0065 2 31 446 376
person 0.0035 94 38 487 258
person 0.0030 42 82 439 187
person 0.0022 357 33 499 359
person 0.0011 215 0 256 64
cat 0.8344 1 136 267 367
cat 0.0066 28 110 430 369
cat 0.0028 227 85 375 191
cat 0.0028 0 139 89 222
chair 0.3048 0 68 26 113
chair 0.0297 0 117 16 147
chair 0.0238 90 109 155 143
chair 0.0230 20 84 46 121
chair 0.0164 0 119 49 146
chair 0.0111 2 94 63 147
chair 0.0056 0 71 6 96
chair 0.0043 0 98 17 142
chair 0.0039 251 0 323 45
chair 0.0039 0 46 6 72
chair 0.0038 190 0 323 82
chair 0.0034 0 34 9 73
chair 0.0034 160 115 210 130
chair 0.0034 0 72 45 144
chair 0.0025 16 108 38 122
chair 0.0025 0 128 9 148
chair 0.0024 19 95 89 145
chair 0.0020 0 38 11 98
chair 0.0020 0 71 5 85
chair 0.0019 51 95 87 144
chair 0.0019 49 102 69 144
chair 0.0018 81 96 208 141
chair 0.0017 0 119 14 198
chair 0.0014 63 96 80 143
chair 0.0011 81 107 234 173
sofa 0.0632 0 206 214 370
sofa 0.0363 0 116 443 371
sofa 0.0176 0 68 26 113
sofa 0.0066 91 109 248 178
sofa 0.0045 82 99 208 141
sofa 0.0017 347 300 499 371
sofa 0.0011 428 131 499 231
sofa 0.0010 90 106 161 141
pottedplant 0.0072 0 0 25 38
pottedplant 0.0067 304 0 324 44
pottedplant 0.0028 175 0 252 87
pottedplant 0.0025 253 0 324 45
pottedplant 0.0014 20 60 33 84
pottedplant 0.0011 176 0 325 88
diningtable 0.0174 0 117 16 130
diningtable 0.0169 0 117 18 147
diningtable 0.0148 0 117 41 146
diningtable 0.0114 67 89 211 142
diningtable 0.0048 0 110 16 120
diningtable 0.0022 0 99 15 113
