person 0.2228 284 133 306 155
person 0.0091 243 123 272 156
person 0.0062 357 127 386 151
person 0.0046 258 131 308 156
person 0.0026 346 115 374 151
person 0.0025 13 177 33 225
person 0.0025 425 106 454 147
person 0.0021 356 112 398 151
person 0.0020 11 167 25 223
person 0.0016 416 110 441 147
person 0.0015 485 122 500 145
person 0.0014 256 127 287 154
person 0.0014 253 120 276 152
person 0.0012 302 129 328 153
person 0.0011 155 130 179 161
person 0.0011 479 100 499 144
person 0.0010 29 183 50 226
car 0.1386 0 207 14 228
car 0.0348 1 183 50 228
car 0.0313 0 210 6 229
car 0.0059 0 187 15 225
car 0.0053 0 204 41 228
car 0.0017 30 210 38 221
car 0.0014 29 192 50 227
bus 0.9607 38 65 498 295
bus 0.0528 0 159 51 227
bus 0.0229 0 163 16 227
bus 0.0194 24 130 66 227
bus 0.0073 11 65 500 129
bus 0.0038 23 247 498 297
