person 0.6345 242 10 248 24
person 0.0660 474 9 481 19
person 0.0599 485 190 499 218
person 0.0071 414 6 418 14
person 0.0067 482 61 499 219
person 0.0058 473 14 480 19
person 0.0046 240 8 250 25
person 0.0045 414 4 418 12
person 0.0028 485 189 499 249
person 0.0022 472 10 494 18
person 0.0022 485 142 499 218
person 0.0022 463 9 484 19
person 0.0020 464 1 470 7
person 0.0019 490 202 499 287
person 0.0013 278 10 283 16
person 0.0011 278 9 287 16
car 0.0442 287 7 303 16
car 0.0342 383 0 399 7
car 0.0283 352 5 366 10
car 0.0190 447 3 456 8
car 0.0119 344 5 355 11
car 0.0107 344 4 365 12
car 0.0044 396 2 408 8
car 0.0037 352 4 376 11
car 0.0035 361 4 381 10
car 0.0015 278 8 289 15
car 0.0011 326 0 339 6
car 0.0010 447 1 468 8
boat 0.1269 485 19 499 25
boat 0.0493 485 13 500 23
boat 0.0304 287 7 304 16
boat 0.0249 238 19 249 26
boat 0.0116 228 0 244 17
boat 0.0106 308 7 325 13
boat 0.0101 152 12 168 18
boat 0.0094 238 4 249 24
boat 0.0084 396 4 408 8
boat 0.0065 485 6 500 25
boat 0.0061 246 3 280 15
boat 0.0059 469 10 498 19
boat 0.0050 244 2 263 11
boat 0.0050 371 4 383 9
boat 0.0035 262 5 280 15
boat 0.0033 252 10 279 16
boat 0.0029 91 1 168 18
boat 0.0028 238 11 243 16
boat 0.0027 383 0 399 9
boat 0.0027 447 2 460 8
boat 0.0025 309 2 327 13
boat 0.0024 298 6 324 14
boat 0.0021 155 7 167 16
boat 0.0021 485 16 500 39
boat 0.0019 153 2 168 19
boat 0.0018 396 3 422 11
boat 0.0018 191 10 203 15
boat 0.0017 232 11 240 16
boat 0.0016 290 8 314 15
boat 0.0015 203 10 212 15
boat 0.0014 359 3 384 10
boat 0.0013 240 1 311 17
boat 0.0012 200 0 236 17
boat 0.0012 162 0 237 16
boat 0.0010 277 7 294 16
boat 0.0010 182 11 197 16
boat 0.0010 460 11 473 16
boat 0.0010 352 3 375 11
dog 0.9567 202 107 307 233
dog 0.0217 483 190 499 218
dog 0.0139 483 189 499 286
dog 0.0012 485 151 499 220
sheep 0.0520 485 190 499 218
sheep 0.0147 485 189 499 282
cow 0.0354 485 190 499 218
cow 0.0156 485 190 500 285
