person 0.5426 319 259 328 275
person 0.3898 327 257 333 267
person 0.2080 332 258 341 275
person 0.1961 366 260 374 275
person 0.1936 350 258 355 268
person 0.1284 320 258 327 267
person 0.1126 341 260 347 267
person 0.1061 312 260 321 275
person 0.0967 332 257 338 267
person 0.0821 343 260 351 273
person 0.0778 313 260 320 266
person 0.0707 330 257 335 267
person 0.0487 345 258 353 267
person 0.0307 326 257 334 272
person 0.0305 350 262 359 275
person 0.0236 339 260 344 267
person 0.0174 358 262 371 275
person 0.0117 294 261 302 274
person 0.0114 285 262 296 275
person 0.0110 347 258 357 275
person 0.0105 371 264 375 275
person 0.0086 367 260 374 268
person 0.0085 289 266 297 275
person 0.0082 354 260 366 267
person 0.0068 358 261 370 267
person 0.0057 308 260 333 276
person 0.0049 295 258 299 266
person 0.0039 328 257 339 267
person 0.0038 60 124 85 151
person 0.0034 351 252 356 260
person 0.0031 370 261 374 274
person 0.0030 347 258 356 267
person 0.0018 349 258 370 268
person 0.0018 296 260 304 267
car 0.1525 351 261 370 273
car 0.0558 269 260 288 274
car 0.0515 293 262 312 274
car 0.0338 302 262 313 273
car 0.0335 271 260 301 276
car 0.0278 284 260 299 275
car 0.0146 352 263 364 275
car 0.0109 311 261 371 275
car 0.0098 289 261 304 274
car 0.0089 349 259 370 268
car 0.0017 340 263 371 276
car 0.0010 350 253 374 269
motorbike 0.0065 339 263 353 276
motorbike 0.0036 347 262 360 276
aeroplane 0.9306 0 37 375 433
aeroplane 0.0245 249 223 375 263
aeroplane 0.0038 290 223 374 245
chair 0.0398 329 267 340 276
chair 0.0361 319 268 331 276
chair 0.0332 311 262 321 276
chair 0.0193 319 261 328 276
chair 0.0105 302 262 314 275
chair 0.0096 340 266 352 276
chair 0.0023 311 268 321 276
