person 0.9153 295 90 346 153
person 0.8736 139 121 164 169
person 0.6332 77 121 109 204
person 0.6228 437 125 464 176
person 0.6043 371 122 397 183
person 0.5846 21 131 35 184
person 0.5348 56 146 74 194
person 0.4388 456 121 472 167
person 0.3046 159 123 173 151
person 0.2961 63 124 74 142
person 0.2941 397 127 420 197
person 0.2875 44 126 59 180
person 0.2856 479 121 499 209
person 0.2688 27 121 45 143
person 0.2287 45 125 58 145
person 0.2231 0 124 6 144
person 0.2083 98 126 113 163
person 0.1790 392 125 401 141
person 0.1773 82 117 99 145
person 0.1720 411 120 436 168
person 0.1659 98 123 112 200
person 0.1365 414 122 439 198
person 0.1271 366 123 380 155
person 0.1232 355 121 368 161
person 0.1197 473 123 492 173
person 0.1190 29 132 44 183
person 0.1087 66 131 83 185
person 0.1043 57 130 67 146
person 0.1032 5 124 14 145
person 0.0984 434 124 443 138
person 0.0852 468 122 476 135
person 0.0807 433 125 444 152
person 0.0790 490 119 500 179
person 0.0777 433 125 446 173
person 0.0771 108 122 121 153
person 0.0673 411 119 429 148
person 0.0668 469 122 482 165
person 0.0625 121 122 131 153
person 0.0624 411 119 424 131
person 0.0614 490 119 499 148
person 0.0607 476 122 492 152
person 0.0603 272 137 298 146
person 0.0584 14 126 25 165
person 0.0579 399 128 418 166
person 0.0561 77 124 83 136
person 0.0466 95 125 102 141
person 0.0460 423 119 433 135
person 0.0443 378 121 389 139
person 0.0416 390 125 402 179
person 0.0375 368 122 381 142
person 0.0360 381 121 388 128
person 0.0352 21 132 33 161
person 0.0331 422 127 436 162
person 0.0321 128 123 142 170
person 0.0317 429 127 442 161
person 0.0309 380 121 388 134
person 0.0281 444 125 455 138
person 0.0277 23 117 32 133
person 0.0274 361 121 370 158
person 0.0271 384 125 394 142
person 0.0264 52 131 66 173
person 0.0260 25 121 34 140
person 0.0256 43 140 54 181
person 0.0238 403 127 415 139
person 0.0234 103 123 115 154
person 0.0224 102 123 110 139
person 0.0218 68 130 83 155
person 0.0200 86 118 100 136
person 0.0200 373 123 395 152
person 0.0199 401 127 417 149
person 0.0188 57 123 66 138
person 0.0186 393 129 411 185
person 0.0185 122 121 130 135
person 0.0165 485 122 497 150
person 0.0161 25 117 32 126
person 0.0158 70 124 76 136
person 0.0154 59 129 75 175
person 0.0146 299 127 311 147
person 0.0139 80 126 102 178
person 0.0137 12 125 31 173
person 0.0133 53 121 64 137
person 0.0131 405 129 423 170
person 0.0131 117 122 126 152
person 0.0130 488 119 499 135
person 0.0125 71 130 81 143
person 0.0121 358 120 369 141
person 0.0114 101 123 109 135
person 0.0110 103 123 109 131
person 0.0110 474 122 485 139
person 0.0108 429 127 438 149
person 0.0107 65 144 77 175
person 0.0105 40 122 49 133
person 0.0102 116 123 124 143
person 0.0099 19 120 29 133
person 0.0095 447 126 460 145
person 0.0092 171 140 189 150
person 0.0088 335 92 346 130
person 0.0087 85 117 98 128
person 0.0085 5 124 12 132
person 0.0082 48 121 57 134
person 0.0080 21 131 31 148
person 0.0079 38 122 45 132
person 0.0079 97 124 103 137
person 0.0077 98 123 104 133
person 0.0076 278 129 290 137
person 0.0074 482 122 491 134
person 0.0071 456 121 471 142
person 0.0069 371 123 380 130
person 0.0065 14 123 27 144
person 0.0065 0 124 4 131
person 0.0062 138 126 144 137
person 0.0062 284 129 293 139
person 0.0059 456 119 464 130
person 0.0058 474 115 484 131
person 0.0058 113 137 122 153
person 0.0054 127 124 136 152
person 0.0052 9 126 17 147
person 0.0051 363 123 379 181
person 0.0050 432 126 439 137
person 0.0046 485 120 493 133
person 0.0045 464 115 469 124
person 0.0041 492 116 499 126
person 0.0039 338 98 347 152
person 0.0038 127 127 131 146
person 0.0038 117 122 123 133
person 0.0038 91 124 103 147
person 0.0037 0 151 5 162
person 0.0037 386 123 393 131
person 0.0037 109 121 119 139
person 0.0033 360 120 368 130
person 0.0032 191 128 201 148
person 0.0031 426 122 437 136
person 0.0031 382 127 399 183
person 0.0031 135 124 144 170
person 0.0030 443 126 455 146
person 0.0030 494 321 500 332
person 0.0029 156 123 165 141
person 0.0029 368 123 380 133
person 0.0029 489 134 500 203
person 0.0028 484 124 492 140
person 0.0026 332 93 349 153
person 0.0026 170 132 178 150
person 0.0026 0 129 18 168
person 0.0025 453 120 460 142
person 0.0025 342 93 365 159
person 0.0024 277 128 298 145
person 0.0024 64 124 72 136
person 0.0021 456 120 468 132
person 0.0020 171 123 177 141
person 0.0020 62 124 67 132
person 0.0020 82 128 92 146
person 0.0019 6 114 14 121
person 0.0019 310 138 327 151
person 0.0018 163 124 171 134
person 0.0017 124 121 130 128
person 0.0016 341 104 346 122
person 0.0015 138 125 145 147
person 0.0015 3 135 32 183
person 0.0015 468 114 482 127
person 0.0014 43 125 50 136
person 0.0014 338 93 363 128
person 0.0014 10 121 15 130
person 0.0013 382 122 394 135
person 0.0013 0 136 5 146
person 0.0013 342 105 347 130
person 0.0013 107 121 124 168
person 0.0012 170 128 184 151
person 0.0012 168 136 189 153
person 0.0012 0 117 10 139
person 0.0012 295 106 312 146
person 0.0011 0 110 4 120
person 0.0011 89 130 102 156
person 0.0011 156 121 164 134
person 0.0010 12 124 18 141
person 0.0010 4 114 15 128
person 0.0010 0 145 4 156
person 0.0010 65 135 75 152
bicycle 0.0134 171 140 189 151
car 0.8368 127 145 375 301
car 0.7328 191 120 304 149
car 0.0253 0 145 17 169
car 0.0222 199 139 229 148
car 0.0075 465 107 498 127
car 0.0057 137 120 173 138
car 0.0044 494 321 499 332
car 0.0021 0 150 11 167
car 0.0014 1 134 41 180
motorbike 0.0018 310 138 327 151
motorbike 0.0014 168 137 189 152
bus 0.0781 462 107 500 127
chair 0.0408 272 137 298 146
tvmonitor 0.1571 451 65 464 93
tvmonitor 0.1570 0 89 131 127
tvmonitor 0.0807 0 90 52 122
tvmonitor 0.0058 172 7 222 143
tvmonitor 0.0048 462 107 500 127
tvmonitor 0.0043 459 67 471 92
tvmonitor 0.0017 0 0 131 95
tvmonitor 0.0015 44 92 115 125
tvmonitor 0.0015 -1 88 133 178
