person 0.9230 40 83 116 334
person 0.9010 375 47 458 344
person 0.8903 185 194 284 349
person 0.8735 91 192 190 345
person 0.8656 212 99 274 233
person 0.8432 340 98 424 352
person 0.8405 275 185 359 359
person 0.8132 155 66 224 286
person 0.8058 107 71 163 244
person 0.7201 269 54 349 282
person 0.0128 40 112 75 271
person 0.0038 346 101 422 230
person 0.0038 375 48 458 187
person 0.0035 83 191 302 344
train 0.0013 486 138 500 188
bird 0.0043 476 217 488 226
bird 0.0012 456 218 464 223
cow 0.0025 487 138 499 188
bottle 0.0242 58 154 71 182
bottle 0.0043 62 157 75 183
bottle 0.0027 237 298 259 345
bottle 0.0018 55 158 62 182
bottle 0.0011 202 311 222 348
bottle 0.0011 58 123 73 188
bottle 0.0010 124 286 156 305
