person 0.8721 0 155 125 366
person 0.8325 175 104 220 151
person 0.8249 349 119 500 332
person 0.7313 111 103 166 210
person 0.7160 7 127 155 228
person 0.5909 318 142 406 260
person 0.1539 8 128 83 221
person 0.1455 264 114 300 207
person 0.0496 141 105 178 147
person 0.0250 50 105 63 132
person 0.0216 54 128 101 212
person 0.0202 0 47 27 85
person 0.0201 140 103 166 136
person 0.0188 34 127 83 175
person 0.0172 115 102 143 133
person 0.0105 116 104 173 150
person 0.0062 59 135 84 159
person 0.0050 81 127 150 206
person 0.0047 8 165 43 219
person 0.0046 49 78 63 132
person 0.0039 78 202 155 227
person 0.0033 69 150 155 226
person 0.0026 118 95 135 111
person 0.0016 0 69 4 84
person 0.0016 410 123 500 284
person 0.0015 144 94 153 105
person 0.0012 482 267 499 326
person 0.0012 150 103 167 131
person 0.0012 81 213 157 241
person 0.0011 0 170 11 317
car 0.1063 456 93 499 138
car 0.0012 488 94 500 136
car 0.0012 466 93 499 113
car 0.0010 482 133 499 172
bird 0.0012 237 27 245 44
cat 0.0011 249 102 259 128
dog 0.0104 0 49 19 85
bottle 0.8985 282 206 304 282
bottle 0.6683 207 157 225 208
bottle 0.2163 227 166 247 209
bottle 0.0471 197 257 218 303
bottle 0.0223 159 118 167 133
bottle 0.0168 104 190 115 212
bottle 0.0159 223 167 235 208
bottle 0.0076 67 98 72 107
bottle 0.0062 233 167 246 190
bottle 0.0060 223 135 246 194
bottle 0.0058 282 86 289 103
bottle 0.0051 70 96 74 107
bottle 0.0048 206 66 212 82
bottle 0.0041 208 159 217 184
bottle 0.0035 249 102 259 127
bottle 0.0028 203 82 215 107
bottle 0.0021 475 136 495 172
bottle 0.0020 147 93 153 103
bottle 0.0019 224 165 244 190
bottle 0.0016 200 72 205 83
bottle 0.0015 283 206 304 244
bottle 0.0014 209 158 217 173
bottle 0.0013 87 100 94 109
bottle 0.0013 205 50 212 64
bottle 0.0012 162 160 288 208
bottle 0.0012 117 115 125 133
bottle 0.0012 202 67 206 83
bottle 0.0011 74 100 81 107
bottle 0.0011 118 95 131 109
bottle 0.0010 295 76 303 102
chair 0.9488 253 313 456 373
chair 0.7977 0 332 117 374
chair 0.7302 155 150 225 199
chair 0.6616 450 229 500 373
chair 0.6166 390 167 418 236
chair 0.6014 0 174 11 240
chair 0.5806 223 134 244 167
chair 0.4606 112 130 165 211
chair 0.4410 98 111 118 128
chair 0.3089 -2 355 111 374
chair 0.2466 414 168 449 205
chair 0.1588 167 142 192 152
chair 0.1380 389 228 499 372
chair 0.1057 160 149 224 165
chair 0.0918 318 165 418 235
chair 0.0812 213 127 222 147
chair 0.0591 414 167 448 186
chair 0.0506 197 123 219 150
chair 0.0501 167 118 182 136
chair 0.0413 413 161 500 203
chair 0.0395 0 287 118 373
chair 0.0362 194 148 224 164
chair 0.0299 412 167 451 235
chair 0.0260 0 330 6 374
chair 0.0256 192 125 221 163
chair 0.0254 207 127 223 164
chair 0.0253 159 117 167 133
chair 0.0246 59 109 81 143
chair 0.0245 83 147 113 199
chair 0.0244 482 136 500 172
chair 0.0240 79 109 109 148
chair 0.0219 86 186 101 212
chair 0.0217 166 120 173 135
chair 0.0186 0 230 4 242
chair 0.0166 198 133 230 165
chair 0.0164 79 154 102 213
chair 0.0145 399 130 500 310
chair 0.0133 104 190 115 212
chair 0.0109 417 176 436 205
chair 0.0108 482 268 499 331
chair 0.0104 84 150 113 174
chair 0.0103 155 151 189 196
chair 0.0097 0 174 6 199
chair 0.0096 495 199 500 223
chair 0.0095 0 328 4 357
chair 0.0091 0 216 11 241
chair 0.0089 88 127 112 140
chair 0.0088 491 254 499 283
chair 0.0084 193 125 202 150
chair 0.0081 491 140 499 173
chair 0.0081 223 134 246 194
chair 0.0072 390 167 415 206
chair 0.0071 403 207 415 237
chair 0.0070 485 204 500 334
chair 0.0064 479 136 499 199
chair 0.0064 366 165 420 266
chair 0.0063 331 144 500 371
chair 0.0058 214 128 224 165
chair 0.0056 309 214 320 223
chair 0.0055 160 105 183 133
chair 0.0055 318 180 364 234
chair 0.0053 87 128 99 139
chair 0.0051 166 142 196 163
chair 0.0049 493 199 499 257
chair 0.0048 92 171 115 211
chair 0.0046 495 196 500 206
chair 0.0046 212 123 221 137
chair 0.0045 476 175 499 203
chair 0.0044 173 104 221 165
chair 0.0044 0 356 6 374
chair 0.0042 415 182 432 209
chair 0.0042 160 152 194 165
chair 0.0040 459 174 500 345
chair 0.0036 488 256 500 301
chair 0.0036 175 119 185 143
chair 0.0035 202 122 218 140
chair 0.0034 116 186 157 211
chair 0.0033 481 157 494 172
chair 0.0032 59 127 84 158
chair 0.0032 232 135 244 182
chair 0.0031 52 127 78 142
chair 0.0030 272 202 289 221
chair 0.0028 200 104 217 124
chair 0.0028 264 120 299 208
chair 0.0025 176 119 193 143
chair 0.0024 264 152 279 202
chair 0.0024 8 167 37 222
chair 0.0024 98 108 119 140
chair 0.0024 118 104 144 129
chair 0.0023 0 173 9 212
chair 0.0021 175 127 182 143
chair 0.0020 480 302 499 329
chair 0.0020 97 193 105 212
chair 0.0018 9 204 16 223
chair 0.0017 152 128 166 149
chair 0.0017 492 230 500 287
chair 0.0017 478 174 500 231
chair 0.0016 486 194 499 273
chair 0.0016 264 181 278 203
chair 0.0016 0 228 9 241
chair 0.0015 64 139 84 157
chair 0.0015 61 285 77 311
chair 0.0015 406 180 420 235
chair 0.0015 84 139 91 152
chair 0.0015 318 151 405 375
chair 0.0014 142 126 165 151
chair 0.0013 155 152 166 196
chair 0.0013 183 125 197 150
chair 0.0012 46 136 114 221
chair 0.0012 0 329 16 374
chair 0.0012 494 227 499 258
chair 0.0012 461 284 499 373
chair 0.0011 495 210 500 245
chair 0.0011 371 299 410 333
chair 0.0011 265 134 284 188
chair 0.0011 194 125 208 161
chair 0.0011 0 220 12 367
chair 0.0011 318 214 333 231
chair 0.0011 491 198 499 232
chair 0.0010 0 173 5 190
chair 0.0010 254 229 460 376
chair 0.0010 3 287 77 326
chair 0.0010 8 202 15 217
chair 0.0010 103 173 115 212
pottedplant 0.0276 136 94 153 108
pottedplant 0.0133 330 112 350 165
pottedplant 0.0032 115 97 148 132
pottedplant 0.0020 475 135 500 172
pottedplant 0.0015 433 22 499 163
diningtable 0.8441 98 178 374 370
diningtable 0.1935 83 134 116 199
diningtable 0.1861 82 125 202 196
diningtable 0.1662 83 132 117 161
diningtable 0.1296 166 142 192 152
diningtable 0.1255 82 126 131 167
diningtable 0.1004 81 111 190 157
diningtable 0.0724 83 144 113 173
diningtable 0.0694 476 173 499 199
diningtable 0.0363 159 131 177 145
diningtable 0.0359 475 171 500 179
diningtable 0.0262 159 148 226 164
diningtable 0.0260 413 162 499 201
diningtable 0.0215 145 117 178 146
diningtable 0.0145 159 138 194 152
diningtable 0.0107 116 104 175 141
diningtable 0.0088 83 114 120 154
diningtable 0.0082 84 143 112 158
diningtable 0.0064 488 178 499 200
diningtable 0.0054 159 106 183 133
diningtable 0.0048 455 163 499 201
diningtable 0.0044 152 153 246 200
diningtable 0.0044 98 106 118 112
diningtable 0.0040 149 193 236 225
diningtable 0.0038 161 120 177 143
diningtable 0.0035 90 107 148 137
diningtable 0.0033 78 129 173 171
diningtable 0.0031 117 104 144 129
diningtable 0.0031 301 151 411 235
diningtable 0.0031 476 136 499 201
diningtable 0.0031 157 119 220 148
diningtable 0.0031 297 162 361 177
diningtable 0.0023 293 161 362 223
diningtable 0.0022 166 129 177 136
diningtable 0.0022 129 202 258 253
diningtable 0.0019 477 174 500 230
diningtable 0.0016 495 194 500 202
diningtable 0.0013 98 312 470 371
diningtable 0.0013 101 218 159 242
diningtable 0.0013 493 188 499 204
diningtable 0.0011 122 135 219 172
diningtable 0.0011 162 108 187 121
diningtable 0.0011 419 168 452 186
diningtable 0.0010 90 97 142 126
tvmonitor 0.0266 433 13 499 132
tvmonitor 0.0182 296 76 329 104
tvmonitor 0.0083 454 82 499 177
tvmonitor 0.0025 0 47 27 86
tvmonitor 0.0010 490 95 499 136
