person 0.0607 393 187 400 210
person 0.0155 402 184 410 196
person 0.0094 487 212 491 222
person 0.0092 402 183 411 210
person 0.0068 322 169 346 183
person 0.0039 399 183 406 196
person 0.0036 330 169 346 178
person 0.0029 321 164 371 187
person 0.0024 261 170 282 188
person 0.0022 225 166 236 179
person 0.0017 0 173 19 206
person 0.0016 489 143 500 163
person 0.0014 322 172 331 184
person 0.0013 462 186 471 213
person 0.0013 0 171 35 325
bicycle 0.0010 19 205 32 240
car 0.0433 321 166 369 187
car 0.0036 321 170 347 184
car 0.0033 469 190 482 195
car 0.0022 333 176 367 187
motorbike 0.0119 0 171 35 246
aeroplane 0.8762 65 103 500 291
aeroplane 0.1305 395 145 499 213
aeroplane 0.0880 0 165 48 245
aeroplane 0.0621 458 146 499 190
aeroplane 0.0450 0 164 47 206
aeroplane 0.0267 321 165 370 187
aeroplane 0.0242 404 183 499 215
aeroplane 0.0192 0 166 44 330
aeroplane 0.0182 142 112 195 132
aeroplane 0.0042 156 131 216 144
aeroplane 0.0031 479 180 500 193
aeroplane 0.0017 80 117 111 130
aeroplane 0.0016 446 147 500 213
aeroplane 0.0015 412 191 467 215
aeroplane 0.0012 462 193 500 216
aeroplane 0.0011 66 129 171 152
chair 0.0015 0 296 23 332
chair 0.0012 134 112 162 132
