person 0.4833 38 205 48 233
person 0.4233 252 105 274 122
person 0.3412 327 108 338 122
person 0.1772 288 110 302 121
person 0.1724 48 204 61 236
person 0.0721 47 204 60 221
person 0.0607 266 180 299 211
person 0.0504 251 110 262 122
person 0.0356 263 106 275 122
person 0.0258 245 204 254 213
person 0.0240 0 212 4 235
person 0.0213 144 191 156 211
person 0.0126 336 107 357 123
person 0.0115 34 208 41 231
person 0.0076 214 120 224 127
person 0.0075 283 185 296 201
person 0.0065 282 110 290 121
person 0.0061 40 206 48 221
person 0.0060 279 189 303 211
person 0.0058 121 122 138 142
person 0.0040 288 194 304 210
person 0.0037 345 108 360 123
person 0.0034 230 119 238 125
person 0.0031 243 118 253 123
person 0.0031 258 165 294 211
person 0.0028 261 105 288 122
person 0.0028 293 110 305 121
person 0.0027 284 113 293 120
person 0.0022 243 114 254 123
person 0.0019 212 112 225 128
person 0.0018 262 189 277 213
person 0.0017 289 192 297 201
person 0.0017 261 178 281 212
person 0.0017 243 107 256 123
person 0.0017 187 124 198 132
person 0.0016 128 191 155 211
person 0.0016 147 198 156 211
person 0.0015 33 219 38 230
person 0.0014 101 107 109 118
person 0.0014 230 196 254 213
person 0.0014 286 191 314 213
person 0.0014 110 127 123 143
person 0.0013 207 119 214 129
person 0.0012 306 104 337 122
person 0.0012 310 210 319 216
person 0.0012 115 124 131 143
person 0.0011 242 174 301 214
person 0.0011 121 128 128 142
person 0.0010 229 115 239 125
person 0.0010 259 164 278 183
person 0.0010 59 220 68 231
person 0.0010 481 242 488 261
car 0.0070 5 216 25 234
car 0.0064 65 211 92 230
car 0.0024 20 208 35 221
car 0.0012 89 219 101 228
bus 0.9698 100 74 374 294
chair 0.0012 189 126 199 131
pottedplant 0.0017 364 199 447 238
