person 0.0968 256 107 261 114
person 0.0698 302 96 310 108
person 0.0605 168 153 174 171
person 0.0328 249 108 252 115
person 0.0223 434 296 449 328
person 0.0151 296 104 302 113
person 0.0130 302 96 311 114
person 0.0062 393 222 403 245
person 0.0023 495 193 500 214
person 0.0021 311 104 318 115
person 0.0017 200 117 208 126
person 0.0015 315 85 320 92
person 0.0015 419 99 435 109
person 0.0015 446 125 457 151
person 0.0014 314 106 319 115
person 0.0013 315 100 321 105
person 0.0011 468 148 473 160
person 0.0011 486 196 497 243
car 0.0322 472 173 499 185
car 0.0158 471 174 499 203
car 0.0101 477 119 494 128
car 0.0026 477 190 496 203
car 0.0010 336 101 346 105
aeroplane 0.0011 4 208 500 369
train 0.0118 44 114 166 132
boat 0.5200 8 48 495 368
boat 0.3659 162 55 451 149
boat 0.0216 487 109 499 174
boat 0.0211 459 108 499 205
boat 0.0185 471 161 499 204
boat 0.0182 -3 115 164 137
boat 0.0117 473 110 500 176
boat 0.0113 7 55 487 198
boat 0.0111 495 145 499 176
boat 0.0105 493 110 499 160
boat 0.0099 471 165 498 185
boat 0.0066 419 99 436 110
boat 0.0066 -1 74 165 136
boat 0.0062 484 137 500 169
boat 0.0033 471 174 499 232
boat 0.0027 459 151 497 179
boat 0.0025 454 149 499 216
boat 0.0018 477 118 496 129
boat 0.0017 0 120 18 129
boat 0.0017 494 130 499 148
boat 0.0014 494 109 499 137
boat 0.0012 -2 57 380 137
boat 0.0012 445 122 498 135
boat 0.0012 494 134 500 160
boat 0.0012 495 159 499 176
boat 0.0012 444 117 498 128
boat 0.0011 0 121 34 135
boat 0.0010 163 60 480 284
