car 0.0195 32 80 99 114
bottle 0.0011 332 130 338 147
chair 0.8225 174 159 257 242
chair 0.6880 294 164 381 242
chair 0.1762 33 110 85 167
chair 0.0283 332 174 382 241
chair 0.0149 35 137 82 166
chair 0.0131 181 160 226 199
chair 0.0085 92 120 132 158
chair 0.0076 115 55 178 156
chair 0.0070 33 108 133 180
chair 0.0053 52 143 80 166
chair 0.0038 294 164 340 219
chair 0.0034 253 168 284 222
chair 0.0030 33 110 69 140
chair 0.0018 0 169 25 187
chair 0.0015 250 176 272 217
chair 0.0014 0 265 73 319
chair 0.0014 94 120 116 130
chair 0.0012 223 164 261 220
chair 0.0012 122 100 195 157
chair 0.0010 93 132 117 157
sofa 0.9350 46 195 343 370
sofa 0.0022 447 147 499 225
sofa 0.0017 174 159 258 242
sofa 0.0011 2 54 403 420
pottedplant 0.6081 424 26 457 63
pottedplant 0.5671 456 36 476 64
pottedplant 0.0726 313 219 353 250
pottedplant 0.0189 429 29 476 64
pottedplant 0.0067 478 37 499 64
pottedplant 0.0047 313 193 354 248
pottedplant 0.0036 441 29 458 63
diningtable 0.1383 239 290 399 373
diningtable 0.0934 252 213 434 330
diningtable 0.0166 252 216 372 272
diningtable 0.0075 253 156 314 221
diningtable 0.0024 252 221 297 268
diningtable 0.0024 332 237 434 328
diningtable 0.0015 285 189 387 248
tvmonitor 0.4189 446 147 499 226
tvmonitor 0.0470 281 64 405 169
tvmonitor 0.0174 116 55 175 155
tvmonitor 0.0150 181 159 225 198
tvmonitor 0.0067 33 110 85 172
tvmonitor 0.0057 28 79 131 175
tvmonitor 0.0045 163 43 191 117
tvmonitor 0.0032 15 18 193 174
tvmonitor 0.0024 280 0 413 64
tvmonitor 0.0017 0 169 24 187
