person 0.8431 344 265 499 331
person 0.6201 19 151 72 220
person 0.5660 66 159 101 214
person 0.0052 0 157 33 207
person 0.0044 86 160 101 202
person 0.0043 347 183 498 327
person 0.0035 0 169 22 207
person 0.0022 494 185 499 207
person 0.0020 409 294 498 330
person 0.0014 48 109 54 117
person 0.0012 270 240 501 331
cat 0.8583 197 243 247 291
chair 0.2631 426 187 499 306
chair 0.0436 434 153 459 254
chair 0.0177 271 294 352 332
chair 0.0093 495 184 500 205
chair 0.0069 269 319 315 332
chair 0.0066 269 258 353 331
chair 0.0061 451 186 500 252
chair 0.0054 408 156 460 253
chair 0.0044 427 247 499 308
chair 0.0024 272 310 383 333
chair 0.0021 428 287 500 308
chair 0.0016 246 263 432 332
chair 0.0016 288 230 305 261
chair 0.0011 490 184 500 206
chair 0.0010 435 150 498 253
sofa 0.7839 426 186 499 306
sofa 0.0075 451 186 500 252
sofa 0.0027 427 248 499 308
pottedplant 0.2642 209 95 307 281
pottedplant 0.0253 300 104 314 124
diningtable 0.5933 167 257 354 330
diningtable 0.0052 0 238 155 329
diningtable 0.0048 268 258 354 331
diningtable 0.0026 268 259 350 278
diningtable 0.0021 176 255 351 287
tvmonitor 0.9315 0 127 111 250
tvmonitor 0.0015 489 51 499 96
