person 0.9471 110 93 252 357
person 0.2463 0 223 19 371
person 0.0040 0 154 34 373
person 0.0014 0 152 16 343
bottle 0.0375 465 193 478 215
chair 0.8378 139 69 403 283
chair 0.0331 474 218 499 281
chair 0.0052 386 125 496 276
chair 0.0017 483 142 500 210
chair 0.0015 411 136 495 204
chair 0.0015 477 220 500 371
chair 0.0015 0 251 16 354
chair 0.0011 444 146 493 210
chair 0.0011 479 186 499 211
chair 0.0010 11 207 149 355
sofa 0.6410 140 69 403 283
sofa 0.0532 474 217 499 280
sofa 0.0222 0 220 20 371
sofa 0.0015 24 71 367 364
pottedplant 0.7115 333 0 499 276
pottedplant 0.0030 333 0 500 138
pottedplant 0.0023 405 122 493 196
pottedplant 0.0013 488 140 499 189
pottedplant 0.0013 361 109 495 265
