person 0.1209 272 128 283 143
person 0.1063 385 136 392 154
person 0.0848 423 141 430 167
person 0.0809 430 143 436 151
person 0.0651 443 143 450 167
person 0.0364 464 144 470 159
person 0.0347 430 161 437 170
person 0.0251 423 141 430 151
person 0.0248 315 142 326 164
person 0.0151 428 145 441 170
person 0.0150 421 139 428 150
person 0.0127 259 125 266 141
person 0.0124 422 140 437 169
person 0.0088 490 143 499 175
person 0.0080 446 158 454 170
person 0.0069 434 142 451 169
person 0.0068 463 144 470 170
person 0.0057 495 178 499 197
person 0.0049 466 144 475 170
person 0.0049 393 111 399 123
person 0.0047 468 160 475 169
person 0.0044 405 165 417 171
person 0.0040 480 163 486 172
person 0.0036 210 128 223 142
person 0.0036 480 149 492 171
person 0.0032 423 159 431 170
person 0.0030 481 160 490 172
person 0.0030 213 126 228 141
person 0.0030 332 40 352 67
person 0.0030 168 140 173 150
person 0.0027 442 142 448 150
person 0.0026 161 140 168 150
person 0.0026 309 123 328 167
person 0.0024 315 142 336 165
person 0.0022 466 144 471 153
person 0.0021 10 143 16 149
person 0.0019 483 162 496 173
person 0.0018 488 142 498 158
person 0.0016 485 150 491 167
person 0.0016 488 157 495 171
person 0.0016 448 153 455 168
person 0.0016 446 145 451 162
person 0.0016 435 143 442 151
person 0.0015 496 141 500 149
person 0.0015 495 143 500 156
person 0.0013 444 148 455 170
person 0.0013 273 124 290 143
person 0.0012 64 140 68 147
person 0.0012 432 159 442 170
person 0.0012 0 135 3 145
person 0.0011 466 160 477 172
person 0.0011 72 141 77 147
person 0.0011 481 148 489 160
person 0.0011 391 110 403 122
person 0.0010 424 139 431 147
person 0.0010 397 136 403 154
person 0.0010 272 136 283 144
person 0.0010 16 143 22 149
person 0.0010 421 139 426 145
person 0.0010 379 134 391 166
car 0.0010 27 141 40 146
boat 0.6542 127 38 444 210
boat 0.1949 443 144 499 198
boat 0.1813 443 175 499 198
boat 0.0243 489 142 499 175
boat 0.0125 5 144 68 157
boat 0.0088 101 139 162 160
boat 0.0082 0 154 6 159
boat 0.0078 468 177 499 197
boat 0.0066 0 144 20 156
boat 0.0065 447 176 472 192
boat 0.0057 486 142 499 195
boat 0.0052 111 140 138 150
boat 0.0037 0 145 6 156
boat 0.0031 0 132 27 155
boat 0.0025 112 140 122 149
boat 0.0023 6 145 19 154
boat 0.0018 0 155 6 162
boat 0.0017 482 161 499 180
boat 0.0017 369 135 440 171
boat 0.0015 0 132 67 156
boat 0.0015 469 162 499 194
boat 0.0014 291 69 439 172
boat 0.0012 121 117 482 230
