person 0.7903 235 0 293 71
person 0.7458 155 0 217 49
person 0.6967 0 0 66 76
person 0.5837 53 0 164 57
person 0.4911 353 20 373 41
person 0.0973 352 20 385 58
person 0.0524 469 38 479 57
person 0.0291 0 4 29 77
person 0.0199 52 0 101 59
person 0.0156 71 0 222 47
person 0.0149 194 0 256 49
person 0.0123 2 0 163 83
person 0.0122 103 0 164 46
person 0.0117 466 27 479 56
person 0.0107 137 0 165 44
person 0.0086 365 0 384 39
person 0.0080 155 0 202 31
person 0.0062 353 18 425 63
person 0.0051 378 2 479 57
person 0.0045 0 29 16 77
person 0.0039 173 22 217 49
person 0.0037 0 0 16 24
person 0.0030 286 1 362 60
person 0.0022 307 3 345 57
person 0.0022 26 3 69 58
person 0.0021 426 0 479 50
person 0.0019 469 1 479 46
person 0.0018 329 20 376 62
person 0.0016 281 2 327 62
person 0.0014 286 33 299 65
person 0.0014 130 174 183 305
person 0.0013 30 22 214 120
person 0.0013 189 0 210 24
person 0.0012 93 219 133 314
person 0.0010 254 0 289 26
person 0.0010 154 13 167 30
person 0.0010 357 35 387 60
horse 0.9386 1 35 298 314
horse 0.6291 310 18 479 313
horse 0.3039 133 19 451 314
horse 0.1158 388 19 480 198
horse 0.0703 326 187 465 314
horse 0.0584 449 148 479 193
horse 0.0393 309 208 370 314
horse 0.0305 383 21 427 64
horse 0.0268 382 17 478 65
horse 0.0247 131 173 213 314
horse 0.0128 278 22 451 209
horse 0.0116 438 25 480 186
horse 0.0109 1 127 209 313
horse 0.0077 470 40 479 58
horse 0.0072 281 168 374 314
horse 0.0058 352 17 431 74
horse 0.0053 447 89 479 189
horse 0.0046 66 173 202 314
horse 0.0041 284 130 452 319
horse 0.0038 214 52 300 300
horse 0.0028 0 24 166 121
horse 0.0021 134 158 392 314
horse 0.0019 465 30 479 181
horse 0.0017 421 188 464 260
horse 0.0014 444 26 479 58
horse 0.0013 467 35 479 105
horse 0.0012 374 141 479 310
horse 0.0010 333 197 370 286
horse 0.0010 371 13 479 106
