person 0.9602 322 181 500 371
person 0.9278 0 140 133 370
person 0.9113 205 59 341 261
person 0.8940 87 166 185 265
person 0.8815 179 190 355 373
person 0.0467 85 163 185 363
person 0.0149 173 200 216 373
person 0.0058 0 133 20 144
person 0.0044 0 133 28 150
person 0.0036 0 140 84 231
person 0.0018 0 140 29 224
person 0.0016 0 96 22 152
bottle 0.0158 342 189 347 200
bottle 0.0099 416 162 429 184
bottle 0.0056 484 174 493 190
bottle 0.0046 370 169 388 197
bottle 0.0044 457 171 465 192
bottle 0.0024 485 130 494 147
bottle 0.0024 383 149 394 167
bottle 0.0020 488 154 500 169
bottle 0.0020 492 176 499 189
bottle 0.0018 182 195 190 219
bottle 0.0017 429 169 435 181
bottle 0.0012 335 168 347 184
bottle 0.0012 337 189 345 200
bottle 0.0011 476 149 497 172
bottle 0.0010 199 196 203 214
bottle 0.0010 494 130 500 147
chair 0.3243 113 263 179 373
chair 0.1902 173 245 208 374
chair 0.1172 134 354 177 374
chair 0.0865 188 224 214 252
chair 0.0813 76 230 91 262
chair 0.0206 175 292 190 374
chair 0.0206 84 229 92 250
chair 0.0169 252 257 329 322
chair 0.0164 126 338 142 371
chair 0.0125 253 251 359 368
chair 0.0105 74 229 91 313
chair 0.0082 175 228 191 253
chair 0.0062 298 248 339 265
chair 0.0058 76 229 88 247
chair 0.0055 80 261 145 371
chair 0.0046 114 333 141 373
chair 0.0024 79 280 99 325
chair 0.0022 282 315 306 336
chair 0.0019 74 277 84 315
chair 0.0019 116 337 177 374
chair 0.0018 470 306 499 342
chair 0.0016 91 213 104 230
chair 0.0014 45 259 178 371
chair 0.0013 78 246 89 261
chair 0.0013 93 308 144 372
chair 0.0011 345 208 358 234
chair 0.0010 314 210 361 252
sofa 0.2853 252 256 333 321
sofa 0.1851 251 243 498 371
sofa 0.1460 112 262 179 372
sofa 0.1027 181 232 344 335
sofa 0.0985 252 249 364 368
sofa 0.0387 171 247 307 372
sofa 0.0177 449 194 500 348
sofa 0.0124 298 248 339 266
sofa 0.0121 450 194 499 260
sofa 0.0093 1 261 180 371
sofa 0.0057 150 184 501 383
sofa 0.0051 0 94 35 154
sofa 0.0048 471 306 499 347
sofa 0.0043 133 355 176 374
sofa 0.0031 301 187 498 259
sofa 0.0023 289 248 342 318
sofa 0.0023 2 348 175 374
sofa 0.0020 287 192 501 336
sofa 0.0010 296 244 362 266
pottedplant 0.0440 269 95 291 115
pottedplant 0.0099 382 148 410 169
pottedplant 0.0023 383 149 394 167
pottedplant 0.0023 335 169 346 183
pottedplant 0.0012 304 184 317 197
pottedplant 0.0012 458 146 499 173
diningtable 0.0135 309 186 411 207
diningtable 0.0130 171 213 214 252
diningtable 0.0100 307 191 411 240
diningtable 0.0083 0 252 153 371
diningtable 0.0067 80 261 145 371
diningtable 0.0049 173 221 194 229
diningtable 0.0031 2 342 175 373
diningtable 0.0027 172 219 208 230
diningtable 0.0020 470 308 500 342
diningtable 0.0017 312 187 498 251
diningtable 0.0017 174 223 191 253
diningtable 0.0011 174 214 207 227
diningtable 0.0011 334 174 425 200
tvmonitor 0.0075 181 194 204 217
tvmonitor 0.0015 0 93 22 142
