person 0.0132 372 147 379 168
person 0.0036 0 173 2 189
person 0.0031 368 150 374 167
person 0.0025 370 149 376 167
person 0.0020 0 160 3 189
person 0.0017 331 164 337 171
person 0.0015 373 145 383 166
person 0.0012 286 150 291 161
person 0.0012 366 152 372 169
person 0.0010 375 145 393 168
car 0.0144 142 171 167 188
car 0.0082 160 178 180 188
car 0.0027 36 168 81 197
car 0.0020 421 170 434 176
car 0.0019 467 167 478 178
train 0.9199 182 115 408 207
train 0.0125 479 147 499 200
train 0.0023 408 150 477 177
train 0.0014 406 154 434 176
train 0.0010 372 144 408 175
