person 0.9123 0 4 154 258
person 0.7439 124 0 273 104
person 0.5807 173 37 488 361
person 0.0499 402 0 499 57
person 0.0226 -8 16 313 352
person 0.0178 174 5 356 318
person 0.0069 420 332 499 372
person 0.0017 231 1 501 90
person 0.0017 0 58 16 236
person 0.0014 127 17 275 305
bottle 0.5728 142 255 181 333
bottle 0.5617 144 127 181 234
bottle 0.1319 158 91 185 125
bottle 0.0966 164 69 192 94
bottle 0.0942 162 93 185 158
bottle 0.0758 181 95 198 120
bottle 0.0731 161 272 179 313
bottle 0.0426 139 173 152 225
bottle 0.0386 165 117 183 166
bottle 0.0341 177 76 193 99
bottle 0.0322 165 70 194 116
bottle 0.0302 160 91 183 107
bottle 0.0254 178 84 194 112
bottle 0.0232 149 146 170 237
bottle 0.0205 163 106 184 129
bottle 0.0166 166 157 181 234
bottle 0.0142 178 86 192 97
bottle 0.0141 143 255 243 332
bottle 0.0128 150 126 174 168
bottle 0.0080 165 128 196 213
bottle 0.0079 163 106 178 121
bottle 0.0038 165 132 177 167
bottle 0.0034 179 184 199 211
bottle 0.0028 158 96 174 124
bottle 0.0027 167 245 184 284
bottle 0.0027 141 170 165 234
bottle 0.0026 147 255 167 279
bottle 0.0026 173 259 184 284
bottle 0.0019 137 125 223 286
bottle 0.0015 172 130 217 282
chair 0.0417 125 0 273 104
chair 0.0148 0 176 9 232
chair 0.0127 232 59 281 89
chair 0.0054 421 333 499 373
chair 0.0033 137 44 278 265
chair 0.0033 129 61 276 104
chair 0.0032 245 127 355 359
chair 0.0014 226 57 284 189
chair 0.0014 171 56 282 201
chair 0.0014 235 43 354 94
chair 0.0012 0 204 9 234
sofa 0.7661 244 37 497 368
sofa 0.0234 32 52 477 360
sofa 0.0205 402 0 499 57
sofa 0.0165 233 0 498 92
sofa 0.0134 231 59 280 90
sofa 0.0113 0 179 9 234
sofa 0.0104 420 333 499 372
sofa 0.0033 244 136 355 366
sofa 0.0023 231 43 368 93
sofa 0.0022 334 0 499 70
sofa 0.0016 184 46 494 92
sofa 0.0016 226 57 283 188
