person 0.8981 218 151 286 331
person 0.8755 278 150 341 331
person 0.6435 195 99 220 165
person 0.6194 186 74 199 114
person 0.3867 0 174 9 191
person 0.1731 109 82 121 93
person 0.1322 104 82 118 92
person 0.0319 161 72 177 117
person 0.0259 0 174 8 184
person 0.0259 212 78 220 88
person 0.0235 193 70 207 113
person 0.0156 0 174 12 201
person 0.0118 211 78 221 96
person 0.0117 102 81 112 92
person 0.0096 165 71 173 94
person 0.0087 209 78 221 110
person 0.0043 113 86 120 93
person 0.0034 288 150 317 181
person 0.0033 186 72 200 148
person 0.0028 0 192 5 202
person 0.0027 0 189 9 202
person 0.0024 79 181 86 189
person 0.0024 39 184 44 195
person 0.0019 186 71 200 96
person 0.0016 106 86 113 92
person 0.0015 496 123 499 139
person 0.0015 166 71 172 81
person 0.0015 158 91 168 114
person 0.0013 162 71 199 119
person 0.0012 206 87 218 111
person 0.0011 127 82 139 93
person 0.0011 208 85 215 102
car 0.0039 0 194 5 202
car 0.0024 0 194 17 202
motorbike 0.0011 0 189 11 202
aeroplane 0.9356 38 51 498 199
aeroplane 0.0594 0 132 75 195
aeroplane 0.0163 0 118 38 138
aeroplane 0.0072 0 107 38 128
aeroplane 0.0062 0 175 37 199
aeroplane 0.0034 36 55 201 164
aeroplane 0.0028 488 78 496 86
aeroplane 0.0026 0 187 32 203
aeroplane 0.0020 1 184 63 204
aeroplane 0.0019 0 117 39 186
aeroplane 0.0018 0 115 39 126
aeroplane 0.0016 0 134 137 210
aeroplane 0.0013 0 190 17 203
aeroplane 0.0012 1 184 40 197
aeroplane 0.0011 181 49 198 60
