person 0.1063 100 488 114 500
person 0.0736 190 341 207 356
person 0.0597 210 342 226 357
person 0.0344 75 341 88 357
person 0.0214 165 477 174 499
person 0.0086 176 339 207 356
person 0.0072 16 495 29 500
person 0.0061 170 329 204 355
person 0.0057 187 479 209 499
person 0.0051 151 332 181 354
person 0.0035 189 479 200 494
person 0.0032 71 342 89 376
person 0.0032 99 488 134 499
person 0.0024 147 331 163 353
person 0.0024 214 371 247 409
person 0.0015 86 383 123 409
person 0.0013 188 331 224 356
person 0.0012 47 470 60 498
person 0.0012 165 476 193 499
person 0.0011 66 342 88 403
car 0.4167 207 478 318 499
car 0.2192 0 490 18 499
car 0.1759 321 485 328 499
car 0.0188 91 491 102 499
car 0.0067 89 475 317 500
car 0.0065 315 485 328 499
car 0.0050 15 495 26 500
car 0.0029 7 484 18 491
car 0.0027 204 479 255 499
car 0.0020 0 481 18 494
car 0.0019 10 483 18 490
car 0.0018 263 479 317 499
car 0.0017 0 493 4 499
car 0.0013 288 480 318 499
car 0.0013 300 488 318 500
car 0.0012 157 440 314 499
car 0.0010 0 473 19 499
car 0.0010 0 487 4 498
bus 0.8871 17 293 255 499
bus 0.0039 17 332 90 500
cat 0.0034 215 374 243 405
