person 0.8159 2 308 85 419
person 0.0016 83 261 91 266
person 0.0015 2 311 33 419
person 0.0013 2 324 85 500
person 0.0011 286 237 292 244
boat 0.7919 2 247 154 292
boat 0.6123 276 241 344 257
boat 0.4184 171 250 257 263
boat 0.3913 93 231 124 240
boat 0.3673 38 238 103 257
boat 0.3525 176 125 258 262
boat 0.3356 252 237 287 246
boat 0.2577 252 184 289 246
boat 0.2472 139 231 223 248
boat 0.2029 139 167 222 249
boat 0.1484 343 241 372 253
boat 0.1210 2 232 42 249
boat 0.1092 2 229 104 258
boat 0.0779 139 234 175 246
boat 0.0748 92 200 125 239
boat 0.0658 1 202 42 249
boat 0.0643 178 234 227 246
boat 0.0604 92 223 125 239
boat 0.0471 321 236 350 250
boat 0.0390 88 224 115 232
boat 0.0389 139 240 177 250
boat 0.0357 274 222 347 258
boat 0.0276 37 226 96 247
boat 0.0274 64 227 94 243
boat 0.0269 139 244 176 256
boat 0.0235 133 209 151 235
boat 0.0208 36 226 60 236
boat 0.0196 2 220 41 235
boat 0.0194 139 223 178 245
boat 0.0166 136 229 155 237
boat 0.0165 295 241 320 248
boat 0.0153 213 126 251 260
boat 0.0151 169 239 227 249
boat 0.0147 35 196 59 238
boat 0.0138 272 184 287 244
boat 0.0123 166 238 253 252
boat 0.0123 155 233 176 242
boat 0.0122 137 239 208 250
boat 0.0122 143 257 179 272
boat 0.0120 114 201 125 231
boat 0.0114 1 201 102 256
boat 0.0108 223 230 244 240
boat 0.0095 273 185 348 256
boat 0.0082 139 190 177 245
boat 0.0078 3 221 65 248
boat 0.0078 319 238 371 252
boat 0.0076 287 238 321 249
boat 0.0068 170 232 258 264
boat 0.0067 320 223 351 250
boat 0.0063 35 230 61 244
boat 0.0063 141 253 178 264
boat 0.0062 1 204 154 294
boat 0.0059 175 226 234 247
boat 0.0054 38 217 105 254
boat 0.0051 168 170 185 247
boat 0.0050 135 223 154 237
boat 0.0045 19 254 110 268
boat 0.0045 290 224 320 247
boat 0.0044 1 189 41 232
boat 0.0043 133 227 152 235
boat 0.0041 38 224 60 231
boat 0.0037 53 227 100 254
boat 0.0035 323 237 340 245
boat 0.0033 224 234 255 248
boat 0.0032 117 255 178 273
boat 0.0032 171 249 198 257
boat 0.0030 172 207 257 259
boat 0.0026 84 224 97 230
boat 0.0026 2 206 39 225
boat 0.0026 4 386 371 495
boat 0.0025 62 201 97 242
boat 0.0024 88 210 119 234
boat 0.0023 13 224 62 236
boat 0.0023 2 239 57 261
boat 0.0022 73 222 94 230
boat 0.0021 272 237 293 248
boat 0.0021 155 182 177 238
boat 0.0021 293 224 316 233
boat 0.0021 44 219 59 228
boat 0.0021 325 236 341 241
boat 0.0020 139 215 224 249
boat 0.0019 79 223 104 231
boat 0.0019 292 234 349 249
boat 0.0018 323 228 350 244
boat 0.0017 275 237 292 244
boat 0.0016 221 223 254 244
boat 0.0016 251 233 266 239
boat 0.0016 218 240 226 247
boat 0.0016 123 262 150 267
boat 0.0016 303 225 315 232
boat 0.0015 36 214 60 234
boat 0.0015 274 245 293 251
boat 0.0014 48 224 139 241
boat 0.0014 155 221 177 241
boat 0.0014 7 209 38 219
boat 0.0013 218 221 240 236
boat 0.0013 181 216 226 244
boat 0.0012 274 246 293 256
boat 0.0012 208 239 232 247
boat 0.0012 3 248 53 259
boat 0.0011 219 224 234 232
boat 0.0011 217 125 243 208
boat 0.0011 176 169 191 245
boat 0.0011 66 225 93 233
boat 0.0011 274 242 314 255
boat 0.0011 320 241 343 250
boat 0.0011 247 254 263 264
boat 0.0011 115 226 125 232
boat 0.0010 32 231 154 258
boat 0.0010 154 267 178 273
boat 0.0010 201 230 243 244
boat 0.0010 336 236 353 247
bird 0.0016 257 259 263 264
