person 0.8586 0 0 464 330
person 0.0240 2 0 326 209
person 0.0191 84 1 203 62
person 0.0098 0 182 116 329
person 0.0089 0 307 51 332
person 0.0037 1 1 230 327
person 0.0030 32 2 489 76
person 0.0026 1 168 212 329
person 0.0021 56 1 222 173
person 0.0010 0 298 108 330
bird 0.0010 336 66 411 103
dog 0.9088 205 87 363 190
dog 0.0289 284 88 361 159
dog 0.0120 79 176 140 251
dog 0.0120 81 159 210 329
dog 0.0021 -3 149 368 327
dog 0.0019 87 176 139 216
dog 0.0018 84 170 149 331
dog 0.0018 178 70 420 215
chair 0.0259 79 1 468 330
chair 0.0050 203 7 499 171
chair 0.0040 14 157 477 328
chair 0.0019 357 31 500 328
chair 0.0014 203 74 458 188
chair 0.0010 0 309 47 332
sofa 0.0452 0 156 469 328
sofa 0.0262 0 300 112 330
sofa 0.0134 0 182 121 329
sofa 0.0027 197 3 496 168
sofa 0.0011 1 4 119 330
diningtable 0.0085 371 61 500 170
diningtable 0.0051 370 35 500 327
diningtable 0.0011 427 71 499 328
tvmonitor 0.0631 290 0 499 59
tvmonitor 0.0139 299 1 498 32
