person 0.9493 56 97 107 251
person 0.8972 87 91 121 224
person 0.0446 175 126 184 140
person 0.0056 172 129 186 159
person 0.0046 103 91 121 116
person 0.0034 99 91 121 154
person 0.0020 295 111 306 171
person 0.0016 206 126 219 141
person 0.0016 99 106 121 201
person 0.0014 166 134 172 140
person 0.0012 159 133 165 140
person 0.0012 290 137 304 181
person 0.0012 159 134 186 160
person 0.0011 164 128 194 162
car 0.0073 324 183 498 225
car 0.0053 427 356 500 374
motorbike 0.8849 105 212 498 371
motorbike 0.6917 112 137 295 241
motorbike 0.5265 129 176 435 294
motorbike 0.1425 294 180 434 258
motorbike 0.0822 110 147 231 208
motorbike 0.0448 161 152 234 180
motorbike 0.0299 156 143 281 190
motorbike 0.0278 235 137 296 178
motorbike 0.0259 220 140 293 197
motorbike 0.0218 206 200 352 280
motorbike 0.0113 110 175 150 211
motorbike 0.0112 211 141 330 210
motorbike 0.0100 347 180 434 237
motorbike 0.0092 257 138 305 187
motorbike 0.0089 210 131 284 177
motorbike 0.0088 115 149 194 188
motorbike 0.0085 113 182 175 239
motorbike 0.0074 109 150 190 238
motorbike 0.0069 290 137 304 181
motorbike 0.0045 167 154 210 175
motorbike 0.0041 229 138 435 264
motorbike 0.0033 210 149 242 171
motorbike 0.0033 212 172 292 209
motorbike 0.0032 260 138 286 176
motorbike 0.0031 224 149 257 171
motorbike 0.0030 134 200 243 295
motorbike 0.0027 117 185 245 241
motorbike 0.0027 338 184 502 223
motorbike 0.0026 281 186 358 260
motorbike 0.0020 241 144 280 175
motorbike 0.0015 182 147 233 170
motorbike 0.0011 266 138 333 203
motorbike 0.0010 0 224 46 288
motorbike 0.0010 169 226 324 286
motorbike 0.0010 269 177 328 208
motorbike 0.0010 175 126 231 167
tvmonitor 0.0048 159 106 213 141
