person 0.0034 0 103 47 237
person 0.0016 0 102 8 127
person 0.0014 0 104 17 230
person 0.0014 0 104 6 163
person 0.0012 0 102 40 133
bottle 0.8862 150 138 166 186
chair 0.9492 0 125 95 330
chair 0.3198 0 308 62 372
chair 0.0129 0 308 34 358
chair 0.0096 0 103 3 127
chair 0.0023 0 110 81 242
chair 0.0021 0 344 58 374
chair 0.0017 0 105 40 132
chair 0.0015 0 103 15 127
chair 0.0013 0 103 7 128
chair 0.0010 0 309 25 334
tvmonitor 0.9216 295 77 379 154
tvmonitor 0.1710 96 119 137 159
tvmonitor 0.0030 489 235 499 296
tvmonitor 0.0022 72 0 140 80
