person 0.0472 418 287 423 300
person 0.0317 396 290 400 301
person 0.0227 185 242 199 255
person 0.0202 316 258 322 268
person 0.0180 398 290 403 301
person 0.0179 471 278 480 291
person 0.0163 464 124 477 150
person 0.0106 474 278 480 288
person 0.0105 477 277 490 305
person 0.0090 469 278 479 307
person 0.0089 447 292 454 307
person 0.0080 335 286 339 302
person 0.0078 479 277 489 291
person 0.0067 401 279 405 296
person 0.0064 446 294 451 305
person 0.0060 274 277 279 288
person 0.0060 490 270 499 314
person 0.0058 422 288 428 301
person 0.0049 491 289 500 314
person 0.0048 335 286 343 302
person 0.0040 407 290 412 301
person 0.0038 496 271 499 289
person 0.0033 477 286 491 314
person 0.0027 233 271 241 282
person 0.0026 257 276 277 295
person 0.0026 335 285 339 293
person 0.0025 453 122 486 151
person 0.0024 148 246 157 255
person 0.0024 360 283 364 292
person 0.0023 450 293 458 311
person 0.0020 354 281 359 291
person 0.0020 494 281 500 310
person 0.0020 148 219 155 229
person 0.0019 425 259 432 269
person 0.0018 410 289 418 301
person 0.0017 340 286 346 301
person 0.0016 464 276 472 307
person 0.0015 158 243 169 254
person 0.0014 417 287 427 301
person 0.0014 343 283 347 291
person 0.0014 349 281 353 291
person 0.0013 465 277 471 287
person 0.0013 424 286 430 295
person 0.0013 465 276 475 291
person 0.0012 451 289 463 318
person 0.0011 470 289 479 312
person 0.0011 418 292 424 300
person 0.0011 447 280 452 295
person 0.0011 280 276 285 287
person 0.0010 404 291 408 302
person 0.0010 371 283 375 291
bicycle 0.0075 490 292 499 315
bicycle 0.0060 486 301 499 315
bicycle 0.0020 491 304 499 315
car 0.0035 477 277 490 301
car 0.0031 485 289 500 315
car 0.0019 480 276 499 309
car 0.0018 390 271 400 277
car 0.0017 385 268 400 277
train 0.9421 130 218 397 324
train 0.0042 465 269 499 312
horse 0.0035 257 276 277 296
tvmonitor 0.2118 443 113 494 157
tvmonitor 0.0434 382 115 429 161
tvmonitor 0.0017 462 120 491 151
tvmonitor 0.0014 375 103 497 167
