person 0.9661 112 5 273 474
bottle 0.0151 288 68 298 99
bottle 0.0134 292 5 302 52
bottle 0.0098 299 2 310 51
bottle 0.0074 297 65 310 97
bottle 0.0059 288 4 297 52
bottle 0.0037 344 119 352 150
bottle 0.0035 288 0 297 24
bottle 0.0029 288 0 307 53
bottle 0.0029 294 0 302 11
bottle 0.0023 298 0 306 10
bottle 0.0022 321 11 333 50
bottle 0.0022 303 65 309 77
bottle 0.0021 288 56 299 75
bottle 0.0020 298 15 307 51
bottle 0.0019 288 55 301 98
bottle 0.0019 294 0 303 21
bottle 0.0018 291 20 299 52
bottle 0.0018 305 0 311 8
bottle 0.0016 320 55 336 101
bottle 0.0016 288 67 297 80
bottle 0.0010 288 55 296 68
chair 0.0026 271 248 282 321
pottedplant 0.8194 46 169 138 329
pottedplant 0.0344 107 253 212 341
pottedplant 0.0215 110 275 161 339
pottedplant 0.0111 72 174 219 341
pottedplant 0.0091 171 0 221 20
pottedplant 0.0054 110 67 267 470
pottedplant 0.0022 73 287 118 329
pottedplant 0.0017 199 0 221 20
pottedplant 0.0013 1 0 104 23
