person 0.6368 179 47 204 92
person 0.5053 153 53 177 93
person 0.0718 148 52 158 91
person 0.0228 150 52 161 80
person 0.0141 157 50 168 68
person 0.0134 172 53 183 90
person 0.0084 177 54 182 63
person 0.0072 172 75 185 93
person 0.0047 151 53 157 70
person 0.0046 175 53 182 78
person 0.0014 199 46 214 91
person 0.0011 174 53 182 67
person 0.0011 171 53 177 66
person 0.0010 147 50 199 98
bottle 0.0608 280 282 309 329
bottle 0.0391 228 72 279 211
chair 0.9484 0 50 65 175
chair 0.9073 289 80 332 219
chair 0.0133 114 94 230 153
chair 0.0030 88 135 229 186
chair 0.0020 86 142 120 158
chair 0.0016 85 102 174 155
chair 0.0014 275 187 332 226
diningtable 0.8834 0 141 332 496
diningtable 0.0162 2 69 330 307
diningtable 0.0133 0 395 170 499
diningtable 0.0113 5 112 329 218
diningtable 0.0088 111 92 226 142
diningtable 0.0058 34 82 290 194
diningtable 0.0053 0 139 230 186
diningtable 0.0044 89 87 235 183
diningtable 0.0041 15 202 312 321
diningtable 0.0024 3 387 333 499
tvmonitor 0.0904 138 37 220 118
