person 0.9276 384 0 499 356
person 0.9275 16 126 289 372
person 0.8793 341 0 434 124
person 0.8344 210 105 442 371
person 0.8063 0 85 65 370
person 0.8048 126 0 267 143
person 0.7280 27 0 232 278
person 0.7067 273 0 373 129
person 0.6086 127 0 181 73
person 0.5888 0 30 55 155
person 0.4037 437 248 499 371
person 0.1544 226 1 287 119
person 0.1517 240 0 329 121
person 0.0974 220 0 269 81
person 0.0821 0 58 7 89
person 0.0559 0 31 40 88
person 0.0320 103 3 139 81
person 0.0206 242 0 268 71
person 0.0127 0 85 35 156
person 0.0116 257 0 322 65
person 0.0088 0 30 16 88
person 0.0081 0 29 30 67
person 0.0071 113 6 140 51
person 0.0058 279 15 331 81
person 0.0048 0 14 59 269
person 0.0043 243 35 286 119
person 0.0041 385 2 426 340
person 0.0039 8 52 46 90
person 0.0036 0 2 25 85
person 0.0036 409 101 485 331
person 0.0029 313 0 373 81
person 0.0023 112 12 133 78
person 0.0022 431 143 500 365
person 0.0022 385 2 499 180
person 0.0017 0 0 32 34
person 0.0016 0 2 125 157
person 0.0015 314 0 332 19
person 0.0015 384 27 461 290
person 0.0014 0 56 24 137
person 0.0013 255 106 282 154
person 0.0013 0 29 9 80
person 0.0012 0 2 50 100
person 0.0010 19 108 38 158
person 0.0010 0 58 17 94
bottle 0.8510 429 122 466 215
bottle 0.0040 428 105 469 301
chair 0.0138 438 249 499 372
chair 0.0017 17 105 39 157
chair 0.0015 409 261 468 359
chair 0.0010 220 48 243 71
