person 0.8725 111 13 178 130
person 0.2519 309 83 319 114
person 0.0208 309 90 319 131
person 0.0118 165 28 208 152
person 0.0106 171 114 203 151
person 0.0040 288 164 313 202
person 0.0038 312 82 319 96
person 0.0037 313 102 319 113
person 0.0025 310 42 319 112
person 0.0023 315 100 320 111
person 0.0022 314 103 319 131
person 0.0017 316 83 320 98
person 0.0011 288 166 295 201
person 0.0010 7 229 28 258
car 0.0022 0 176 29 186
horse 0.9232 109 27 208 211
horse 0.8621 262 90 319 202
horse 0.1469 308 83 319 114
horse 0.1054 254 89 317 120
horse 0.0342 309 88 319 134
horse 0.0123 290 91 320 201
horse 0.0089 307 85 319 202
horse 0.0083 162 27 209 154
horse 0.0066 254 90 284 120
horse 0.0059 313 100 319 133
horse 0.0058 261 90 318 145
horse 0.0032 289 144 319 202
horse 0.0028 288 167 313 202
horse 0.0025 4 93 20 112
horse 0.0021 312 102 319 114
horse 0.0010 254 90 265 120
sheep 0.0011 4 93 15 112
