person 0.8607 421 50 499 329
person 0.6754 25 47 267 283
person 0.3236 0 168 10 277
person 0.0033 0 172 19 289
person 0.0033 485 50 499 168
person 0.0017 419 191 498 331
person 0.0015 349 69 495 316
person 0.0014 0 229 7 281
person 0.0012 0 165 8 232
person 0.0011 0 177 57 289
person 0.0011 473 50 500 192
bottle 0.0266 281 245 298 302
bottle 0.0049 277 181 333 305
bottle 0.0022 283 244 320 299
bottle 0.0019 436 247 456 290
chair 0.1115 0 290 110 328
chair 0.0174 18 266 57 292
chair 0.0071 105 313 156 333
chair 0.0067 418 89 499 286
chair 0.0039 319 175 363 198
chair 0.0039 263 223 287 254
chair 0.0037 459 314 499 332
chair 0.0035 261 175 401 248
chair 0.0032 263 174 372 194
chair 0.0025 18 265 32 292
chair 0.0022 418 188 477 216
chair 0.0019 262 255 283 275
chair 0.0016 396 0 500 196
chair 0.0014 470 167 500 195
chair 0.0012 389 185 494 245
chair 0.0011 421 168 498 224
pottedplant 0.0056 261 177 332 300
pottedplant 0.0021 259 174 399 248
pottedplant 0.0011 395 177 432 209
diningtable 0.2379 0 170 495 328
diningtable 0.0506 10 237 430 328
diningtable 0.0169 5 272 332 329
diningtable 0.0053 1 290 114 326
diningtable 0.0045 10 43 490 281
diningtable 0.0043 222 258 345 330
diningtable 0.0041 246 174 475 329
diningtable 0.0036 23 271 209 320
diningtable 0.0028 238 238 432 330
diningtable 0.0013 0 179 67 289
diningtable 0.0011 370 226 498 331
diningtable 0.0011 1 320 107 332
