person 0.4670 206 170 221 201
person 0.1289 234 143 240 153
person 0.1237 236 192 245 205
person 0.0930 234 186 242 196
person 0.0336 196 189 205 199
person 0.0333 228 192 236 205
person 0.0302 225 184 231 194
person 0.0218 218 192 227 207
person 0.0199 224 190 233 206
person 0.0140 493 176 500 183
person 0.0139 193 190 199 199
person 0.0125 188 190 195 200
person 0.0111 222 191 230 206
person 0.0107 204 188 212 199
person 0.0072 222 184 234 196
person 0.0068 73 167 78 177
person 0.0064 234 182 248 205
person 0.0053 189 202 194 208
person 0.0049 253 199 261 204
person 0.0041 251 170 257 189
person 0.0039 454 217 461 225
person 0.0038 235 179 243 195
person 0.0033 237 168 245 185
person 0.0032 227 179 236 194
person 0.0031 184 200 194 208
person 0.0023 72 169 77 178
person 0.0023 455 216 462 247
person 0.0022 90 169 95 176
person 0.0021 177 189 193 208
person 0.0021 450 216 456 222
person 0.0021 203 182 215 199
person 0.0020 185 188 197 199
person 0.0019 242 166 252 204
person 0.0019 225 174 239 194
person 0.0018 187 172 193 179
person 0.0017 448 216 454 223
person 0.0016 163 173 173 194
person 0.0015 185 172 194 188
person 0.0015 361 162 368 169
person 0.0014 439 216 444 225
person 0.0014 204 140 210 153
person 0.0014 54 168 59 178
person 0.0014 262 171 269 186
person 0.0012 171 193 179 204
person 0.0012 168 192 187 208
person 0.0012 209 189 219 205
person 0.0012 217 185 222 196
person 0.0011 245 166 251 188
person 0.0011 245 179 253 204
person 0.0010 181 189 188 198
person 0.0010 219 183 226 198
boat 0.7355 80 140 391 247
boat 0.4735 479 217 499 251
boat 0.3363 91 153 123 189
boat 0.2609 91 119 128 191
boat 0.2466 436 158 478 175
boat 0.1804 381 160 431 190
boat 0.1546 81 26 390 247
boat 0.1376 452 171 499 207
boat 0.1114 486 153 499 189
boat 0.0859 424 143 477 175
boat 0.0814 381 128 431 187
boat 0.0715 485 177 499 201
boat 0.0688 384 164 430 177
boat 0.0686 328 149 390 236
boat 0.0625 78 154 123 203
boat 0.0513 268 136 282 153
boat 0.0474 474 173 499 207
boat 0.0442 495 153 500 167
boat 0.0434 487 176 499 190
boat 0.0411 492 153 499 179
boat 0.0400 79 177 125 204
boat 0.0397 183 127 262 165
boat 0.0375 426 159 483 203
boat 0.0344 306 17 389 237
boat 0.0325 79 121 141 208
boat 0.0314 25 164 56 185
boat 0.0294 61 111 97 185
boat 0.0265 486 166 499 179
boat 0.0251 401 139 429 175
boat 0.0239 467 139 499 204
boat 0.0235 382 128 405 175
boat 0.0198 383 159 478 179
boat 0.0189 477 138 499 177
boat 0.0188 185 82 262 164
boat 0.0179 423 160 458 176
boat 0.0179 345 144 390 196
boat 0.0164 443 156 471 167
boat 0.0156 384 147 499 202
boat 0.0154 487 192 500 203
boat 0.0149 381 158 409 176
boat 0.0141 110 120 130 170
boat 0.0141 402 161 438 174
boat 0.0138 81 169 157 208
boat 0.0134 382 167 432 206
boat 0.0126 356 117 384 170
boat 0.0125 488 144 500 175
boat 0.0123 120 166 165 204
boat 0.0123 462 170 495 196
boat 0.0117 127 152 175 170
boat 0.0116 121 127 288 181
boat 0.0114 351 136 385 176
boat 0.0113 161 135 303 200
boat 0.0110 57 128 70 185
boat 0.0103 122 157 140 172
boat 0.0099 110 165 289 203
boat 0.0097 63 155 96 174
boat 0.0090 383 167 408 176
boat 0.0084 42 172 57 186
boat 0.0083 441 142 499 176
boat 0.0080 474 194 499 207
boat 0.0077 425 170 463 250
boat 0.0074 447 164 479 174
boat 0.0073 357 141 382 153
boat 0.0071 460 175 484 204
boat 0.0068 121 152 173 194
boat 0.0068 377 157 395 175
boat 0.0068 399 167 469 252
boat 0.0067 245 159 301 204
boat 0.0066 102 181 120 189
boat 0.0065 464 186 482 194
boat 0.0064 119 45 268 196
boat 0.0063 381 141 478 177
boat 0.0057 353 126 406 188
boat 0.0055 25 164 41 181
boat 0.0051 451 189 491 207
boat 0.0050 171 129 366 183
boat 0.0050 411 162 430 171
boat 0.0048 437 140 500 207
boat 0.0048 221 18 383 238
boat 0.0048 336 157 431 197
boat 0.0048 81 198 125 210
boat 0.0047 484 138 497 170
boat 0.0046 91 153 119 173
boat 0.0046 305 29 322 152
boat 0.0045 409 139 418 168
boat 0.0042 302 30 331 230
boat 0.0042 478 187 499 252
boat 0.0041 436 155 479 190
boat 0.0040 496 152 500 161
boat 0.0040 470 157 498 174
boat 0.0039 75 112 91 169
boat 0.0038 410 168 430 176
boat 0.0038 488 196 499 205
boat 0.0037 303 17 341 153
boat 0.0036 451 160 502 173
boat 0.0036 220 140 388 234
boat 0.0034 335 19 437 219
boat 0.0032 356 141 383 165
boat 0.0031 26 174 39 182
boat 0.0031 420 162 438 170
boat 0.0031 489 152 500 169
boat 0.0031 87 178 122 191
boat 0.0030 387 128 400 168
boat 0.0030 424 144 448 174
boat 0.0029 458 169 483 192
boat 0.0028 175 154 202 165
boat 0.0027 84 140 176 211
boat 0.0027 372 242 390 264
boat 0.0026 276 34 340 231
boat 0.0026 87 204 141 230
boat 0.0026 473 162 496 172
boat 0.0025 76 180 86 191
boat 0.0025 357 141 370 152
boat 0.0025 120 160 141 198
boat 0.0024 334 15 384 200
boat 0.0024 397 165 500 302
boat 0.0022 424 167 442 176
boat 0.0021 382 173 407 194
boat 0.0021 381 165 411 191
boat 0.0021 471 169 497 190
boat 0.0021 0 42 52 227
boat 0.0020 84 203 135 214
boat 0.0020 444 145 471 166
boat 0.0019 169 167 226 197
boat 0.0019 347 118 432 196
boat 0.0018 386 195 402 209
boat 0.0018 442 156 495 179
boat 0.0018 479 217 500 227
boat 0.0017 268 136 300 154
boat 0.0017 140 153 173 165
boat 0.0016 223 79 261 157
boat 0.0016 376 149 392 170
boat 0.0015 310 147 389 200
boat 0.0015 25 164 39 172
boat 0.0015 83 193 306 246
boat 0.0015 471 163 499 180
boat 0.0015 101 146 261 196
boat 0.0014 458 167 478 173
boat 0.0014 437 163 457 176
boat 0.0014 476 168 492 175
boat 0.0013 451 193 459 207
boat 0.0013 126 150 207 188
boat 0.0013 81 201 110 212
boat 0.0012 372 225 400 265
boat 0.0012 127 43 211 170
boat 0.0012 197 160 295 202
boat 0.0012 459 147 478 169
boat 0.0012 83 44 187 204
boat 0.0011 81 193 135 216
boat 0.0011 130 159 319 246
boat 0.0011 83 165 178 233
boat 0.0011 131 164 201 205
boat 0.0010 377 157 392 168
boat 0.0010 426 239 499 303
boat 0.0010 478 170 487 188
boat 0.0010 384 179 392 193
boat 0.0010 385 157 393 166
boat 0.0010 457 194 482 207
bird 0.0232 475 194 491 207
bird 0.0033 481 195 500 206
