person 0.9619 266 1 498 178
person 0.0548 0 27 87 101
person 0.0031 279 63 325 102
person 0.0026 0 44 29 102
person 0.0010 281 63 307 95
person 0.0010 266 2 375 110
dog 0.9258 0 40 306 181
bottle 0.0072 259 69 324 111
bottle 0.0011 304 82 335 148
chair 0.4210 268 66 329 166
chair 0.0388 305 129 325 166
chair 0.0292 22 46 85 88
chair 0.0174 305 66 326 106
chair 0.0166 241 105 325 167
chair 0.0155 278 63 327 110
chair 0.0103 0 31 83 101
chair 0.0098 267 102 312 164
chair 0.0083 320 78 369 125
chair 0.0069 302 109 360 170
chair 0.0059 260 33 379 176
chair 0.0058 242 115 274 154
chair 0.0032 272 131 324 166
chair 0.0028 304 65 365 118
chair 0.0024 301 86 334 166
chair 0.0021 162 64 387 170
chair 0.0019 212 54 334 138
chair 0.0014 0 33 16 45
chair 0.0014 77 32 420 175
chair 0.0010 269 77 486 177
chair 0.0010 284 67 369 141
sofa 0.0629 0 27 87 101
sofa 0.0041 0 33 16 44
sofa 0.0024 0 37 29 101
sofa 0.0022 24 46 94 92
sofa 0.0017 0 21 309 162
sofa 0.0014 0 28 90 168
tvmonitor 0.0019 126 0 182 54
