person 0.6223 151 141 172 189
person 0.3932 5 89 22 123
person 0.0348 141 140 159 172
person 0.0236 124 137 159 172
person 0.0180 210 125 252 162
person 0.0153 175 127 209 168
person 0.0083 125 138 172 189
person 0.0049 175 126 243 168
person 0.0039 175 126 191 140
person 0.0030 224 124 246 160
person 0.0029 185 57 203 86
person 0.0029 130 136 151 165
person 0.0028 146 129 174 264
person 0.0028 174 126 193 158
person 0.0027 177 127 190 134
person 0.0026 228 129 262 161
person 0.0026 119 136 133 158
person 0.0025 179 70 195 86
person 0.0023 0 89 6 122
person 0.0017 232 136 303 168
person 0.0012 123 136 144 161
person 0.0012 214 129 274 168
person 0.0010 196 64 203 83
person 0.0010 255 146 302 162
car 0.9240 2 112 496 337
car 0.0343 279 42 498 230
car 0.0250 3 259 496 342
car 0.0053 82 63 113 81
car 0.0032 0 112 495 200
car 0.0012 2 125 111 169
bottle 0.0019 27 103 44 122
bottle 0.0015 22 104 32 121
pottedplant 0.4363 31 62 62 122
pottedplant 0.0067 1 62 62 123
pottedplant 0.0021 133 58 157 80
pottedplant 0.0012 4 99 51 123
