person 0.9229 177 49 388 370
person 0.9009 0 53 63 370
person 0.8939 55 48 147 371
person 0.4759 117 56 163 157
person 0.3371 27 46 74 369
person 0.2229 14 44 79 170
person 0.2144 26 28 55 48
person 0.2136 25 27 80 107
person 0.0697 112 48 163 370
person 0.0588 0 52 12 66
person 0.0584 25 28 58 78
person 0.0416 0 51 13 83
person 0.0336 50 63 81 107
person 0.0317 365 149 400 250
person 0.0272 13 46 29 70
person 0.0254 126 56 142 101
person 0.0136 174 72 232 269
person 0.0095 323 107 396 249
person 0.0059 5 48 27 87
person 0.0059 14 45 55 91
person 0.0048 321 100 394 374
person 0.0044 131 56 162 110
person 0.0042 174 127 232 370
person 0.0040 53 64 79 87
person 0.0034 126 52 186 368
person 0.0033 0 47 10 63
person 0.0032 174 48 299 268
person 0.0031 490 164 500 258
person 0.0026 30 191 72 369
person 0.0025 0 51 9 58
person 0.0024 114 72 129 108
person 0.0023 14 43 119 370
person 0.0018 194 73 213 141
person 0.0017 139 50 151 59
person 0.0017 55 64 64 77
person 0.0016 0 57 28 134
person 0.0015 465 100 496 255
person 0.0013 14 45 39 82
person 0.0012 492 224 499 257
person 0.0012 0 54 18 97
person 0.0011 294 87 389 177
person 0.0011 0 41 7 54
person 0.0011 492 159 499 198
person 0.0010 132 50 151 68
bottle 0.0054 491 183 500 258
chair 0.0927 134 224 176 372
chair 0.0096 267 153 311 204
