person 0.0468 461 174 477 207
person 0.0051 184 111 219 143
person 0.0016 461 174 473 194
person 0.0012 162 111 202 141
person 0.0010 213 114 231 138
bicycle 0.0023 489 227 500 278
car 0.8231 400 184 457 209
car 0.7694 113 148 142 211
car 0.5472 476 143 499 278
car 0.1209 134 57 329 269
car 0.0159 127 148 142 180
car 0.0141 113 151 129 180
car 0.0112 459 174 479 207
car 0.0058 20 189 68 203
car 0.0034 50 194 68 203
car 0.0029 112 152 128 167
car 0.0028 20 192 40 202
car 0.0026 480 153 490 161
car 0.0025 112 152 128 205
car 0.0024 353 139 404 159
car 0.0016 118 181 142 211
car 0.0014 400 195 414 214
car 0.0011 434 185 457 203
car 0.0011 353 139 402 147
bus 0.0618 132 61 325 264
chair 0.2309 423 189 441 215
pottedplant 0.0217 30 0 139 243
