dog 0.0033 283 320 496 372
bottle 0.0047 86 216 106 255
chair 0.9180 413 169 499 300
chair 0.7274 0 246 186 372
chair 0.0378 333 172 394 263
chair 0.0134 333 172 378 209
chair 0.0092 492 209 499 281
chair 0.0058 494 240 499 277
chair 0.0056 436 158 496 172
chair 0.0046 360 207 393 262
chair 0.0038 0 317 19 372
chair 0.0035 27 237 77 257
chair 0.0024 488 164 500 273
chair 0.0019 418 174 498 242
chair 0.0017 491 160 499 218
chair 0.0016 16 249 165 313
chair 0.0016 433 160 499 214
chair 0.0013 344 193 365 253
chair 0.0012 494 231 499 258
chair 0.0011 489 227 500 292
chair 0.0011 3 237 78 276
sofa 0.9409 86 174 365 312
sofa 0.5277 0 246 186 372
sofa 0.0075 413 166 499 298
sofa 0.0014 331 172 390 259
pottedplant 0.0047 213 0 341 47
pottedplant 0.0026 357 117 388 178
diningtable 0.0309 225 241 401 365
diningtable 0.0095 17 236 124 272
diningtable 0.0026 0 316 19 372
diningtable 0.0022 1 236 134 302
diningtable 0.0014 1 236 78 274
diningtable 0.0010 233 242 383 292
tvmonitor 0.0033 0 79 37 179
