person 0.8819 151 227 174 296
person 0.7327 119 254 153 300
person 0.3646 115 247 132 290
person 0.1123 117 247 131 269
person 0.0889 211 164 229 189
person 0.0794 256 128 274 154
person 0.0619 158 145 168 160
person 0.0424 210 152 220 164
person 0.0411 149 135 161 158
person 0.0340 135 263 153 299
person 0.0296 237 157 253 183
person 0.0145 118 248 130 260
person 0.0126 190 148 210 178
person 0.0116 255 127 276 186
person 0.0091 136 255 151 286
person 0.0089 136 254 147 272
person 0.0089 209 152 221 185
person 0.0064 311 159 324 188
person 0.0047 151 136 168 159
person 0.0034 366 213 383 283
person 0.0034 300 160 313 179
person 0.0031 152 135 161 146
person 0.0030 191 133 211 156
person 0.0022 236 125 256 152
person 0.0020 311 159 321 175
person 0.0019 113 247 123 286
person 0.0019 345 212 382 284
person 0.0018 371 144 393 168
person 0.0016 322 128 339 150
person 0.0012 190 135 198 155
person 0.0011 212 136 231 163
person 0.0010 192 148 201 157
bird 0.0010 216 240 222 245
bird 0.0010 174 237 185 243
dog 0.0010 371 144 393 168
bottle 0.0052 280 225 291 255
bottle 0.0016 272 226 282 255
bottle 0.0010 417 265 429 302
chair 0.1275 113 263 132 297
chair 0.0113 116 256 153 299
chair 0.0010 113 284 129 297
tvmonitor 0.0184 0 3 64 318
tvmonitor 0.0067 0 15 30 305
tvmonitor 0.0013 447 253 499 330
