person 0.2325 422 211 460 246
person 0.0501 440 216 460 240
person 0.0023 466 226 499 245
person 0.0020 333 39 361 64
person 0.0020 463 211 499 245
person 0.0017 352 42 364 65
person 0.0012 393 35 426 72
bird 0.0022 467 227 499 245
cat 0.9024 205 127 315 357
cat 0.0340 206 113 495 353
cat 0.0014 466 226 499 245
cat 0.0010 0 162 325 371
bottle 0.0136 190 212 211 260
bottle 0.0082 419 0 449 18
bottle 0.0050 294 202 315 224
bottle 0.0013 425 47 439 74
pottedplant 0.0058 247 134 311 167
tvmonitor 0.8886 0 168 152 369
