person 0.4220 383 280 394 298
person 0.1478 388 282 398 300
person 0.1167 383 285 390 298
person 0.0383 342 278 348 288
person 0.0323 333 277 339 285
person 0.0313 354 274 362 290
person 0.0154 407 290 412 308
person 0.0129 374 284 379 295
person 0.0051 341 274 351 288
person 0.0030 355 282 360 291
person 0.0030 387 279 407 302
person 0.0029 387 280 393 287
person 0.0023 334 275 341 286
person 0.0021 372 286 378 295
person 0.0019 83 218 99 240
person 0.0017 347 269 362 289
person 0.0013 388 290 397 299
person 0.0012 349 276 357 289
person 0.0010 356 273 368 291
train 0.9376 63 228 412 354
train 0.0026 54 228 263 290
train 0.0018 221 240 412 353
sheep 0.0381 260 345 303 368
sheep 0.0061 268 335 286 346
sheep 0.0050 232 333 252 346
sheep 0.0033 202 358 220 370
sheep 0.0023 137 344 166 359
sheep 0.0020 309 333 327 345
sheep 0.0015 216 357 233 372
sheep 0.0014 216 349 230 359
sheep 0.0011 249 321 271 342
sheep 0.0010 203 348 218 359
