person 0.0234 384 56 395 104
person 0.0159 423 51 434 79
person 0.0155 373 60 388 107
person 0.0057 397 57 415 101
person 0.0051 405 52 432 102
person 0.0040 394 56 405 103
person 0.0038 280 142 288 158
person 0.0031 401 56 415 78
person 0.0028 173 153 210 180
person 0.0022 374 59 386 84
person 0.0021 401 74 417 101
person 0.0016 409 53 426 80
bird 0.0010 301 29 306 38
cat 0.0185 166 153 211 183
dog 0.0208 170 153 210 181
bottle 0.1854 140 212 152 249
bottle 0.0783 65 171 80 194
bottle 0.0545 82 167 95 198
bottle 0.0540 97 176 111 205
bottle 0.0106 89 151 101 197
bottle 0.0087 95 153 112 205
bottle 0.0030 47 173 67 196
chair 0.0233 387 333 499 374
chair 0.0030 465 362 500 374
tvmonitor 0.7263 243 112 330 188
tvmonitor 0.0141 457 209 500 268
tvmonitor 0.0101 149 172 228 271
tvmonitor 0.0080 481 274 499 368
tvmonitor 0.0022 311 167 334 207
