person 0.0152 272 108 279 116
person 0.0114 232 189 239 209
person 0.0071 113 186 118 192
person 0.0052 49 179 56 195
person 0.0043 485 126 494 134
person 0.0037 286 206 294 218
person 0.0036 373 284 382 301
person 0.0036 170 197 179 215
person 0.0036 254 200 266 214
person 0.0035 267 107 280 116
person 0.0034 259 107 271 115
person 0.0034 347 99 350 107
person 0.0029 187 195 193 209
person 0.0025 185 196 191 209
person 0.0023 179 200 184 212
person 0.0021 259 107 265 115
person 0.0020 284 205 294 231
person 0.0020 0 144 5 161
person 0.0019 475 132 481 141
person 0.0019 331 103 336 107
person 0.0018 182 195 192 211
person 0.0016 298 208 305 223
person 0.0016 310 212 316 225
person 0.0015 208 190 214 203
person 0.0013 94 180 105 206
person 0.0012 45 182 51 194
person 0.0012 57 179 62 195
person 0.0012 172 199 181 224
person 0.0012 190 194 195 208
person 0.0011 171 198 177 207
person 0.0011 207 193 214 208
person 0.0011 138 88 143 98
person 0.0010 99 189 106 206
person 0.0010 211 193 218 206
person 0.0010 197 193 205 208
person 0.0010 350 99 354 107
person 0.0010 199 193 205 202
car 0.0207 482 127 495 136
car 0.0102 258 107 277 115
car 0.0023 474 133 480 141
car 0.0022 0 40 10 56
car 0.0019 315 101 324 107
car 0.0017 0 144 6 162
car 0.0012 218 108 241 114
car 0.0011 0 128 18 161
car 0.0011 0 142 11 161
train 0.8435 0 151 500 306
train 0.0234 420 198 499 277
train 0.0050 5 231 497 311
train 0.0044 0 128 20 161
train 0.0035 205 179 498 311
train 0.0028 383 197 500 311
train 0.0023 -3 159 215 237
train 0.0020 424 197 499 214
boat 0.0010 0 39 11 67
bird 0.0046 373 284 382 301
