person 0.9515 263 93 499 368
person 0.9249 1 93 281 361
person 0.0010 8 94 497 214
chair 0.0434 483 213 499 231
chair 0.0102 261 209 498 369
chair 0.0060 483 213 499 251
chair 0.0023 0 346 4 361
chair 0.0020 0 228 14 351
chair 0.0017 48 213 79 238
chair 0.0015 -4 234 325 366
chair 0.0011 0 237 28 353
chair 0.0010 251 341 266 372
sofa 0.0182 221 210 497 370
sofa 0.0166 4 92 499 360
sofa 0.0164 483 213 499 233
sofa 0.0017 7 107 497 239
sofa 0.0016 483 213 499 263
diningtable 0.3588 3 337 308 372
diningtable 0.0756 212 341 324 371
diningtable 0.0210 1 301 325 372
diningtable 0.0182 211 343 264 372
diningtable 0.0090 0 356 18 373
diningtable 0.0070 3 278 497 370
diningtable 0.0058 213 341 495 371
diningtable 0.0020 259 342 317 372
diningtable 0.0011 0 345 29 373
diningtable 0.0010 251 344 265 373
