person 0.0030 146 96 184 138
chair 0.9379 0 230 132 372
chair 0.9191 199 202 292 373
chair 0.9099 9 182 96 251
chair 0.8819 272 193 346 367
chair 0.8413 106 172 156 233
chair 0.8178 328 180 380 311
chair 0.7962 332 151 387 186
chair 0.7340 360 158 409 301
chair 0.7304 148 163 210 223
chair 0.6688 246 151 278 195
chair 0.6393 202 158 252 207
chair 0.6059 389 157 416 263
chair 0.0491 146 159 214 178
chair 0.0303 203 159 248 172
chair 0.0301 246 151 276 163
chair 0.0204 143 160 172 175
chair 0.0161 308 189 350 325
chair 0.0113 0 306 7 373
chair 0.0090 333 151 386 160
chair 0.0088 51 195 436 368
chair 0.0075 27 166 321 232
chair 0.0065 147 153 223 167
chair 0.0059 147 158 258 225
chair 0.0059 301 184 380 352
chair 0.0056 359 184 381 279
chair 0.0050 0 167 39 219
chair 0.0043 241 165 257 197
chair 0.0042 332 152 386 256
chair 0.0042 0 215 24 233
chair 0.0037 339 180 377 195
chair 0.0035 107 171 152 188
chair 0.0029 0 275 9 373
chair 0.0025 297 195 336 292
chair 0.0019 363 194 381 248
chair 0.0016 356 206 388 300
chair 0.0015 328 186 366 265
chair 0.0014 0 173 17 219
chair 0.0014 0 226 59 254
chair 0.0014 105 171 115 207
chair 0.0013 0 231 63 365
chair 0.0013 107 163 215 234
chair 0.0013 2 185 168 257
chair 0.0013 355 266 377 306
chair 0.0013 164 359 175 374
chair 0.0012 150 179 168 222
chair 0.0011 9 182 94 212
chair 0.0011 202 172 217 208
chair 0.0011 6 168 37 197
chair 0.0010 35 162 73 193
chair 0.0010 2 195 225 369
pottedplant 0.0015 276 62 319 97
diningtable 0.6498 42 180 348 370
diningtable 0.0186 143 152 224 174
diningtable 0.0179 31 178 412 253
diningtable 0.0160 0 218 94 251
diningtable 0.0091 0 216 23 231
diningtable 0.0064 0 219 59 337
diningtable 0.0063 0 217 63 267
diningtable 0.0060 -14 176 333 291
diningtable 0.0031 130 180 368 224
diningtable 0.0026 0 217 35 235
diningtable 0.0025 39 221 233 370
diningtable 0.0021 0 207 116 294
diningtable 0.0017 46 200 236 295
diningtable 0.0015 1 192 169 250
diningtable 0.0015 0 227 59 252
diningtable 0.0015 6 174 222 242
diningtable 0.0013 0 155 44 178
diningtable 0.0013 275 193 344 301
diningtable 0.0012 188 167 388 213
diningtable 0.0012 0 217 30 267
diningtable 0.0010 40 44 454 339
tvmonitor 0.0117 7 96 44 148
tvmonitor 0.0027 404 69 476 151
tvmonitor 0.0010 0 72 83 193
