person 0.9660 234 70 378 329
person 0.9482 113 43 258 328
car 0.8665 421 204 481 231
chair 0.6806 0 275 107 331
chair 0.0133 336 225 498 331
chair 0.0104 0 249 13 331
chair 0.0086 121 267 249 330
chair 0.0036 218 270 249 331
chair 0.0030 0 297 13 332
chair 0.0028 204 266 379 330
chair 0.0024 122 274 135 330
chair 0.0023 338 291 371 332
chair 0.0010 118 275 130 327
sofa 0.7682 217 226 498 330
sofa 0.1864 217 270 249 331
sofa 0.0251 123 261 249 332
sofa 0.0207 0 275 107 331
sofa 0.0076 336 227 499 298
sofa 0.0067 204 266 380 330
sofa 0.0051 455 229 499 285
sofa 0.0028 4 245 249 329
sofa 0.0021 338 289 371 332
sofa 0.0015 483 230 500 284
sofa 0.0012 71 238 352 332
pottedplant 0.7975 0 150 83 279
pottedplant 0.4487 0 22 45 144
pottedplant 0.0652 0 25 81 320
pottedplant 0.0025 0 221 13 283
pottedplant 0.0019 0 10 47 259
pottedplant 0.0015 0 159 15 280
diningtable 0.1812 371 284 498 332
diningtable 0.0313 0 275 107 331
diningtable 0.0024 0 241 109 320
