person 0.8410 194 153 270 415
person 0.0455 199 351 244 416
person 0.0328 196 423 226 467
person 0.0283 131 150 272 383
person 0.0065 194 345 225 468
person 0.0064 192 155 274 283
person 0.0023 195 422 239 485
person 0.0020 198 272 261 413
person 0.0015 196 395 234 467
bicycle 0.3281 150 246 336 433
bicycle 0.2893 137 226 272 358
bicycle 0.1192 253 278 336 438
bicycle 0.1119 66 163 364 463
bicycle 0.0121 200 202 265 409
bicycle 0.0115 135 169 298 398
train 0.1659 4 158 373 496
train 0.0227 1 2 243 498
train 0.0011 219 137 376 495
train 0.0010 132 272 314 482
bottle 0.0018 212 281 222 296
bottle 0.0013 231 252 252 280
chair 0.0021 97 362 123 411
