person 0.9184 160 176 213 344
person 0.8874 80 192 179 367
person 0.7999 261 196 300 272
person 0.5795 271 203 331 298
person 0.4585 30 215 90 384
person 0.4415 0 216 27 267
person 0.3758 0 258 41 300
person 0.3244 30 215 86 301
person 0.0586 320 201 331 240
person 0.0512 270 203 331 392
person 0.0235 0 254 46 383
person 0.0142 321 260 331 303
person 0.0135 240 200 327 340
person 0.0095 0 295 47 430
person 0.0071 321 219 331 240
person 0.0053 266 219 285 270
person 0.0041 293 203 330 241
person 0.0040 80 0 243 82
person 0.0035 317 203 331 291
person 0.0035 294 203 317 233
person 0.0033 320 159 332 239
person 0.0027 313 261 331 387
person 0.0024 78 203 128 360
person 0.0019 125 194 180 351
person 0.0017 286 198 301 248
person 0.0016 87 0 149 80
person 0.0014 0 257 20 283
person 0.0012 284 196 293 216
person 0.0012 206 269 223 336
person 0.0011 1 216 19 239
chair 0.1187 69 240 99 262
chair 0.0587 0 298 54 462
chair 0.0260 67 239 100 280
chair 0.0204 239 236 266 261
chair 0.0168 20 298 80 447
chair 0.0165 70 239 119 265
chair 0.0089 0 325 13 409
chair 0.0067 0 310 22 406
chair 0.0063 0 297 47 328
chair 0.0060 241 237 261 251
chair 0.0047 37 303 81 408
chair 0.0046 97 240 106 263
chair 0.0036 100 232 118 265
chair 0.0031 0 307 27 486
chair 0.0030 0 297 48 375
chair 0.0029 245 249 266 261
chair 0.0025 0 258 38 300
chair 0.0024 54 331 81 407
chair 0.0022 103 241 119 252
chair 0.0020 222 224 228 262
chair 0.0020 32 341 62 446
chair 0.0019 210 225 247 263
chair 0.0018 238 237 253 253
chair 0.0016 218 225 230 263
chair 0.0015 8 323 27 406
chair 0.0015 208 238 224 262
chair 0.0014 261 236 271 271
chair 0.0014 221 225 236 261
chair 0.0012 59 298 82 389
chair 0.0011 0 337 7 415
chair 0.0010 223 238 239 257
diningtable 0.0528 207 259 263 336
diningtable 0.0415 77 248 117 312
diningtable 0.0394 69 240 118 266
diningtable 0.0226 68 238 99 288
diningtable 0.0157 79 261 117 270
diningtable 0.0144 0 298 49 309
diningtable 0.0138 0 298 75 451
diningtable 0.0107 42 237 117 291
diningtable 0.0078 96 240 120 264
diningtable 0.0074 0 298 49 330
diningtable 0.0064 80 262 116 279
diningtable 0.0049 208 242 265 264
diningtable 0.0045 98 250 117 264
diningtable 0.0037 208 259 259 271
diningtable 0.0030 102 241 119 252
diningtable 0.0028 243 248 266 261
diningtable 0.0026 207 255 264 277
diningtable 0.0023 208 250 255 263
diningtable 0.0021 69 223 258 354
diningtable 0.0019 85 248 116 265
diningtable 0.0015 209 239 234 263
diningtable 0.0012 83 258 119 268
diningtable 0.0011 133 258 264 364
diningtable 0.0011 207 235 265 303
diningtable 0.0010 1 249 32 284
diningtable 0.0010 55 298 82 389
