person 0.9451 154 0 303 203
person 0.1451 22 85 32 106
person 0.0516 21 85 33 122
person 0.0389 1 90 17 105
person 0.0172 27 91 32 106
person 0.0145 130 179 165 209
person 0.0115 0 94 8 105
person 0.0050 130 150 166 210
person 0.0043 0 91 17 123
person 0.0035 14 92 32 123
person 0.0034 14 94 24 123
person 0.0011 0 98 3 125
person 0.0010 0 101 2 114
car 0.6866 279 82 319 105
car 0.0068 46 95 84 123
car 0.0041 278 87 293 103
car 0.0020 278 86 320 122
car 0.0016 273 84 290 102
horse 0.9378 72 49 301 208
horse 0.0040 73 49 165 206
