person 0.0071 0 121 13 167
bird 0.9319 148 200 295 276
bird 0.9010 188 143 236 211
bird 0.8784 309 146 368 222
bird 0.6776 450 98 467 112
bird 0.6709 255 99 276 112
bird 0.6133 239 114 289 178
bird 0.4995 456 290 499 366
bird 0.2010 0 128 14 170
bird 0.0628 0 94 15 170
bird 0.0586 450 99 458 113
bird 0.0580 496 65 499 71
bird 0.0242 0 123 12 136
bird 0.0129 309 186 366 222
bird 0.0127 240 148 288 177
bird 0.0123 240 78 496 179
bird 0.0103 466 290 499 334
bird 0.0068 0 95 11 135
bird 0.0058 274 112 288 131
bird 0.0038 275 112 288 155
bird 0.0037 461 47 479 55
bird 0.0035 265 68 492 139
bird 0.0031 457 337 499 365
bird 0.0024 0 94 5 125
bird 0.0021 0 120 8 132
bird 0.0019 277 117 298 165
bird 0.0018 6 127 263 218
bird 0.0014 260 146 372 231
bird 0.0014 495 65 500 82
bird 0.0012 189 143 201 159
bird 0.0012 240 110 372 191
bird 0.0011 0 151 14 171
bird 0.0010 251 141 257 147
bird 0.0010 7 120 471 286
bird 0.0010 0 93 3 115
bird 0.0010 202 134 418 221
