person 0.1184 476 124 488 134
person 0.0228 484 117 498 134
person 0.0215 54 211 64 225
person 0.0193 467 119 490 134
person 0.0172 475 121 496 134
person 0.0115 47 212 64 225
person 0.0043 458 104 499 134
person 0.0035 417 137 426 149
person 0.0029 464 121 481 134
person 0.0026 492 117 499 134
person 0.0026 495 125 500 134
person 0.0016 437 125 443 135
person 0.0013 396 154 425 180
person 0.0013 11 356 43 403
person 0.0013 459 118 474 133
car 0.6264 414 135 444 177
car 0.2447 439 104 499 192
car 0.0039 415 135 442 151
car 0.0031 410 134 477 181
motorbike 0.9714 95 25 427 320
motorbike 0.0199 395 137 436 180
motorbike 0.0032 408 155 433 179
motorbike 0.0012 396 154 427 180
bird 0.0923 56 212 63 226
bird 0.0738 48 212 65 225
bird 0.0369 47 212 55 225
