person 0.0054 26 121 39 131
person 0.0053 496 194 500 211
person 0.0042 469 193 479 218
person 0.0028 481 200 488 219
person 0.0027 34 124 40 131
person 0.0025 494 191 500 244
person 0.0025 487 203 494 220
person 0.0021 470 170 480 219
person 0.0018 495 194 499 223
person 0.0011 0 106 10 127
train 0.8692 6 36 494 309
train 0.5164 0 66 65 270
train 0.1337 470 168 499 216
train 0.0301 1 217 497 307
train 0.0073 0 66 64 133
train 0.0024 470 169 482 215
train 0.0013 0 35 498 132
train 0.0010 -1 65 115 295
