person 0.7339 411 170 417 185
person 0.4395 404 170 411 184
person 0.1403 309 249 314 262
person 0.0942 308 241 314 262
person 0.0719 404 174 412 203
person 0.0589 309 232 315 252
person 0.0554 309 233 320 256
person 0.0395 120 190 125 204
person 0.0164 491 281 499 308
person 0.0161 122 187 129 205
person 0.0115 13 171 18 176
person 0.0113 383 227 387 233
person 0.0106 303 234 315 254
person 0.0096 426 277 431 287
person 0.0076 119 191 123 204
person 0.0066 496 292 499 308
person 0.0059 16 170 23 176
person 0.0057 125 194 129 209
person 0.0049 415 196 425 206
person 0.0048 10 170 17 179
person 0.0048 310 232 315 242
person 0.0047 495 146 500 168
person 0.0042 374 221 379 225
person 0.0040 313 306 320 314
person 0.0039 419 277 425 285
person 0.0038 383 308 391 318
person 0.0038 0 172 8 190
person 0.0033 380 179 385 185
person 0.0032 405 171 414 192
person 0.0031 361 223 366 228
person 0.0029 392 168 396 176
person 0.0025 417 195 425 204
person 0.0022 383 226 387 232
person 0.0019 462 166 472 188
person 0.0019 382 298 397 318
person 0.0018 397 180 401 188
person 0.0016 401 261 408 283
person 0.0014 39 170 43 174
person 0.0012 385 168 390 176
person 0.0011 56 176 70 184
person 0.0010 411 272 417 282
person 0.0010 383 227 391 235
person 0.0010 404 263 410 279
bicycle 0.2705 467 258 481 281
bicycle 0.1621 467 254 495 281
bicycle 0.0223 490 280 500 307
bicycle 0.0194 304 236 315 255
bicycle 0.0158 148 200 163 215
bicycle 0.0091 465 255 479 266
bicycle 0.0088 148 201 154 213
bicycle 0.0083 308 241 317 262
bicycle 0.0021 301 241 310 253
bicycle 0.0019 466 252 494 267
bicycle 0.0013 470 264 495 285
bicycle 0.0012 154 193 163 214
bicycle 0.0011 308 250 316 262
bicycle 0.0011 405 187 421 204
car 0.9148 261 305 359 334
car 0.7924 39 182 77 197
car 0.7890 415 195 447 208
car 0.7465 410 152 423 162
car 0.6025 405 138 414 144
car 0.4870 464 151 487 160
car 0.4067 397 151 404 158
car 0.3909 381 136 390 140
car 0.1519 368 150 377 157
car 0.0821 477 152 487 159
car 0.0819 476 140 495 153
car 0.0739 368 155 399 162
car 0.0556 463 153 471 161
car 0.0377 489 146 497 154
car 0.0363 495 146 500 155
car 0.0264 493 164 499 172
car 0.0225 482 145 496 154
car 0.0153 439 133 445 139
car 0.0132 393 153 401 160
car 0.0129 430 124 438 130
car 0.0110 424 124 432 131
car 0.0104 368 135 374 139
car 0.0093 57 180 76 187
car 0.0085 366 130 373 136
car 0.0075 442 133 448 140
car 0.0052 374 133 382 138
car 0.0048 423 131 430 137
car 0.0043 373 136 382 139
car 0.0040 359 133 373 139
car 0.0039 359 129 372 134
car 0.0039 448 151 471 161
car 0.0037 494 141 499 155
car 0.0034 461 179 474 193
car 0.0032 419 132 424 137
car 0.0030 448 151 457 159
car 0.0030 461 173 495 195
car 0.0029 367 127 374 131
car 0.0028 486 324 499 334
car 0.0026 431 121 439 127
car 0.0026 421 132 426 137
car 0.0024 412 196 425 206
car 0.0024 358 126 370 132
car 0.0021 463 156 470 162
car 0.0021 423 194 463 208
car 0.0020 353 125 365 131
car 0.0019 356 129 373 139
car 0.0017 424 132 428 137
car 0.0017 368 139 375 145
car 0.0016 328 123 335 129
car 0.0016 414 195 431 207
car 0.0015 464 142 470 151
car 0.0015 57 181 77 196
car 0.0015 352 126 373 134
car 0.0015 441 132 454 140
car 0.0014 464 135 470 142
car 0.0013 433 197 447 208
car 0.0013 468 321 483 331
car 0.0013 415 129 421 133
car 0.0012 432 123 441 130
car 0.0012 436 131 446 139
car 0.0011 428 129 434 136
car 0.0011 384 124 396 128
car 0.0010 353 127 361 133
car 0.0010 436 195 453 207
car 0.0010 419 126 426 132
car 0.0010 449 133 456 141
motorbike 0.0017 383 308 394 318
motorbike 0.0015 382 298 397 318
bus 0.8788 0 161 77 194
bus 0.7681 434 153 475 193
bus 0.1278 475 138 496 154
bus 0.0406 466 132 498 154
bus 0.0283 368 154 399 163
bus 0.0167 0 171 10 193
bus 0.0077 474 127 496 138
bus 0.0073 485 135 498 143
bus 0.0053 457 158 478 193
bus 0.0032 482 131 497 140
bus 0.0030 491 136 499 155
bus 0.0018 462 165 475 192
bus 0.0015 489 134 499 146
bus 0.0013 467 136 492 150
bus 0.0013 434 115 485 194
bus 0.0012 54 175 77 185
bus 0.0010 446 130 498 158
train 0.0012 225 177 493 286
bird 0.0018 321 35 325 39
bird 0.0011 222 71 232 75
chair 0.3101 253 229 264 242
chair 0.2441 273 233 284 247
chair 0.1880 285 236 297 250
chair 0.1728 269 231 277 245
chair 0.0781 302 239 311 253
chair 0.0718 281 234 288 248
chair 0.0489 289 236 301 250
chair 0.0149 262 230 273 244
chair 0.0109 252 230 259 241
chair 0.0096 303 242 309 253
chair 0.0072 313 240 321 255
chair 0.0041 301 235 308 250
chair 0.0040 279 232 286 245
chair 0.0030 319 244 330 257
chair 0.0019 298 234 312 251
chair 0.0016 307 233 313 241
chair 0.0015 286 240 295 252
pottedplant 0.0401 491 281 499 295
diningtable 0.0233 285 236 300 251
diningtable 0.0114 271 233 293 248
