bird 0.0011 64 26 81 31
chair 0.8907 377 0 496 116
chair 0.1840 11 12 419 394
chair 0.0775 0 0 175 193
chair 0.0415 112 145 348 394
chair 0.0363 0 1 71 190
chair 0.0238 143 0 177 17
chair 0.0098 127 73 339 317
chair 0.0078 51 0 176 20
chair 0.0050 483 0 499 37
chair 0.0044 124 153 342 235
chair 0.0043 0 99 13 194
chair 0.0031 471 1 499 116
chair 0.0029 171 1 371 44
chair 0.0024 377 0 418 63
chair 0.0023 93 -2 174 135
chair 0.0019 114 0 177 20
chair 0.0017 9 0 172 99
chair 0.0014 483 0 499 18
chair 0.0014 491 1 500 34
chair 0.0011 481 1 499 90
chair 0.0011 121 146 200 241
chair 0.0010 298 0 369 43
sofa 0.0027 0 100 13 196
pottedplant 0.0021 1 2 72 188
diningtable 0.6152 8 12 482 389
diningtable 0.0039 7 14 483 162
diningtable 0.0026 16 7 472 91
diningtable 0.0021 379 0 500 118
diningtable 0.0017 10 5 201 273
