person 0.8667 116 7 269 242
person 0.8556 233 57 270 113
person 0.7868 92 98 112 116
person 0.7783 0 32 153 269
person 0.7051 109 97 126 116
person 0.4229 131 98 145 113
person 0.3442 0 267 67 358
person 0.0457 125 98 144 118
person 0.0125 0 49 97 349
person 0.0122 47 237 211 284
person 0.0052 0 260 67 311
person 0.0051 234 49 269 221
person 0.0042 12 114 160 315
person 0.0032 2 265 132 342
person 0.0032 111 97 123 108
person 0.0030 -4 233 236 359
person 0.0023 -7 25 212 363
person 0.0022 84 136 154 232
person 0.0022 87 99 127 120
person 0.0021 109 99 113 107
person 0.0021 245 161 269 231
person 0.0018 0 67 50 344
person 0.0018 144 100 150 106
person 0.0015 0 238 184 317
person 0.0015 33 88 45 102
person 0.0014 246 194 269 230
person 0.0013 0 182 69 349
person 0.0012 145 98 155 105
person 0.0012 100 99 116 113
person 0.0010 107 100 113 110
car 0.0114 82 101 102 116
bottle 0.0079 105 112 109 117
chair 0.4270 75 120 117 143
chair 0.1438 60 196 96 247
chair 0.0540 115 120 126 139
chair 0.0480 79 197 122 243
chair 0.0456 82 103 101 116
chair 0.0378 88 215 122 243
chair 0.0363 108 238 199 251
chair 0.0346 54 216 70 247
chair 0.0316 62 216 70 247
chair 0.0274 76 115 121 123
chair 0.0274 76 197 84 226
chair 0.0262 74 194 93 241
chair 0.0258 80 116 92 122
chair 0.0198 85 141 125 149
chair 0.0154 72 194 85 235
chair 0.0130 117 220 128 244
chair 0.0123 0 96 89 270
chair 0.0121 45 244 141 284
chair 0.0116 118 224 144 244
chair 0.0115 78 118 117 125
chair 0.0113 77 128 150 242
chair 0.0112 91 126 117 180
chair 0.0111 75 115 83 123
chair 0.0104 0 195 82 258
chair 0.0101 47 237 211 284
chair 0.0085 51 180 85 247
chair 0.0068 90 212 96 242
chair 0.0064 117 120 126 131
chair 0.0051 56 130 97 249
chair 0.0051 75 122 90 132
chair 0.0046 116 118 144 144
chair 0.0046 84 137 127 152
chair 0.0046 109 116 126 121
chair 0.0039 82 115 101 122
chair 0.0038 76 123 88 142
chair 0.0036 88 119 106 123
chair 0.0032 18 213 78 248
chair 0.0032 119 229 128 244
chair 0.0031 75 163 118 240
chair 0.0029 67 197 84 227
chair 0.0029 0 96 43 267
chair 0.0027 83 114 93 117
chair 0.0027 75 115 92 131
chair 0.0025 90 104 101 115
chair 0.0022 109 223 133 247
chair 0.0021 0 176 75 303
chair 0.0021 71 123 77 136
chair 0.0020 0 260 47 294
chair 0.0020 75 111 125 160
chair 0.0019 117 220 122 241
chair 0.0019 109 113 121 117
chair 0.0018 58 97 154 275
chair 0.0017 2 111 147 325
chair 0.0017 88 116 105 122
chair 0.0015 98 149 115 185
chair 0.0013 109 112 125 116
chair 0.0013 245 160 269 207
chair 0.0012 115 214 159 245
chair 0.0010 246 194 269 229
chair 0.0010 81 125 132 152
chair 0.0010 74 122 80 133
diningtable 0.4051 4 232 271 358
diningtable 0.1185 78 115 126 123
diningtable 0.0409 49 226 268 299
diningtable 0.0356 5 302 267 359
diningtable 0.0356 105 226 270 251
diningtable 0.0179 82 118 119 124
diningtable 0.0116 97 114 126 121
diningtable 0.0098 75 115 92 123
diningtable 0.0064 119 228 269 336
diningtable 0.0053 2 334 198 359
diningtable 0.0046 122 279 266 312
diningtable 0.0043 85 269 271 361
diningtable 0.0037 170 227 259 248
diningtable 0.0035 87 101 127 120
diningtable 0.0022 108 113 123 118
diningtable 0.0020 8 301 122 360
diningtable 0.0014 29 34 275 313
diningtable 0.0013 52 206 269 257
diningtable 0.0010 91 115 112 121
