person 0.1788 47 247 178 303
person 0.0154 251 122 271 167
person 0.0031 257 124 270 154
person 0.0026 201 117 270 239
person 0.0018 288 115 299 178
person 0.0017 249 121 259 165
person 0.0015 251 108 270 153
person 0.0013 48 246 179 367
person 0.0010 216 105 271 167
bicycle 0.0071 278 354 299 398
bicycle 0.0021 222 354 299 399
bicycle 0.0015 139 177 196 206
bird 0.0014 163 262 186 288
dog 0.0082 129 152 196 206
bottle 0.1041 170 189 177 206
bottle 0.0269 117 289 214 329
bottle 0.0044 132 181 149 204
bottle 0.0043 71 347 92 388
bottle 0.0019 173 393 185 399
bottle 0.0015 167 174 178 205
chair 0.9297 0 279 87 399
chair 0.0729 223 383 298 399
chair 0.0505 222 364 299 399
chair 0.0147 257 125 272 169
chair 0.0097 222 383 253 399
chair 0.0074 251 385 296 399
chair 0.0035 0 339 85 400
chair 0.0012 282 369 299 399
