person 0.8829 0 143 137 346
person 0.8722 256 111 360 238
person 0.8721 352 151 499 366
person 0.8592 168 102 235 201
person 0.8377 330 117 392 263
person 0.8218 229 126 307 209
person 0.7788 68 134 110 215
person 0.5759 463 103 499 140
person 0.3513 436 89 458 134
person 0.2634 422 106 448 136
person 0.0930 420 93 457 146
person 0.0564 344 117 392 175
person 0.0435 393 122 417 149
person 0.0321 396 124 416 137
person 0.0160 332 123 497 267
person 0.0148 66 134 116 272
person 0.0131 426 100 498 153
person 0.0110 462 104 500 242
person 0.0093 396 106 448 150
person 0.0059 480 83 499 128
person 0.0058 0 99 15 195
person 0.0057 285 111 352 176
person 0.0055 0 95 13 127
person 0.0051 0 144 97 278
person 0.0040 437 88 455 102
person 0.0027 493 109 499 130
person 0.0026 426 132 499 163
person 0.0025 392 106 418 141
person 0.0024 0 151 15 195
person 0.0023 482 139 499 241
person 0.0022 313 115 422 299
person 0.0020 491 97 500 130
person 0.0018 166 144 495 365
person 0.0016 491 133 500 144
person 0.0015 0 140 26 195
person 0.0014 494 118 499 134
person 0.0014 0 109 11 128
person 0.0013 493 125 499 138
person 0.0013 0 69 17 127
person 0.0012 492 119 500 142
person 0.0011 426 114 499 178
person 0.0011 477 84 494 105
person 0.0010 59 187 100 269
bottle 0.6857 223 217 244 287
bottle 0.1261 149 166 161 185
bottle 0.0657 220 197 241 258
bottle 0.0250 144 163 154 185
bottle 0.0039 154 95 161 118
bottle 0.0027 80 120 84 126
bottle 0.0026 135 93 145 115
bottle 0.0023 124 106 130 114
bottle 0.0012 88 119 93 126
bottle 0.0011 137 81 145 111
bottle 0.0011 56 112 63 125
bottle 0.0010 108 73 117 87
bottle 0.0010 111 72 133 90
chair 0.8863 0 270 126 368
chair 0.1616 115 172 141 192
chair 0.0270 320 138 348 154
chair 0.0262 0 326 75 369
chair 0.0221 83 255 113 277
chair 0.0184 394 146 499 236
chair 0.0115 455 227 483 268
chair 0.0100 116 169 157 194
chair 0.0095 393 147 443 187
chair 0.0093 394 147 424 176
chair 0.0080 425 135 498 161
chair 0.0080 391 124 416 149
chair 0.0074 68 257 86 275
chair 0.0065 494 307 499 329
chair 0.0064 0 311 12 347
chair 0.0064 82 258 93 276
chair 0.0057 14 251 76 289
chair 0.0047 230 148 248 176
chair 0.0047 67 320 128 370
chair 0.0040 3 250 112 310
chair 0.0040 426 135 458 153
chair 0.0035 463 149 499 235
chair 0.0034 0 178 14 196
chair 0.0034 0 274 72 359
chair 0.0030 399 152 500 359
chair 0.0029 203 139 235 190
chair 0.0029 18 251 73 266
chair 0.0027 407 175 437 196
chair 0.0026 0 146 113 342
chair 0.0023 0 142 16 196
chair 0.0022 0 275 12 347
chair 0.0022 492 303 499 349
chair 0.0022 220 138 249 198
chair 0.0021 435 144 499 216
chair 0.0020 133 200 155 226
chair 0.0020 113 162 171 191
chair 0.0020 225 157 248 181
chair 0.0019 0 239 72 299
chair 0.0018 417 131 441 150
chair 0.0018 482 155 500 235
chair 0.0016 0 312 17 367
chair 0.0015 219 169 234 200
chair 0.0014 456 224 499 319
chair 0.0014 387 130 438 150
chair 0.0014 393 136 425 150
chair 0.0013 491 134 499 142
chair 0.0013 268 127 291 158
chair 0.0013 491 283 499 328
chair 0.0013 12 166 34 187
chair 0.0012 0 269 16 306
chair 0.0011 327 152 350 161
chair 0.0011 0 179 7 196
chair 0.0011 458 137 499 161
chair 0.0011 227 155 240 174
chair 0.0010 110 130 175 175
chair 0.0010 486 293 499 368
sofa 0.0041 366 147 498 321
sofa 0.0015 359 230 499 363
pottedplant 0.0063 250 235 282 280
diningtable 0.9165 97 189 476 364
diningtable 0.0059 91 174 189 221
diningtable 0.0049 214 283 473 367
diningtable 0.0049 85 177 206 270
diningtable 0.0028 85 210 183 282
diningtable 0.0023 90 198 269 291
diningtable 0.0020 101 186 228 223
diningtable 0.0017 85 177 249 367
diningtable 0.0014 84 211 136 223
