person 0.9084 196 78 312 353
person 0.8637 101 273 132 355
person 0.0760 114 80 346 348
person 0.0175 118 273 127 285
person 0.0156 119 265 132 288
person 0.0073 124 273 133 288
person 0.0064 104 296 114 353
person 0.0043 12 373 43 415
person 0.0026 196 80 289 241
person 0.0014 95 294 113 332
person 0.0012 107 273 129 289
person 0.0011 126 279 133 291
person 0.0010 120 265 126 275
horse 0.8258 112 69 352 354
horse 0.4405 79 270 132 352
horse 0.1595 79 270 118 300
horse 0.0217 110 66 212 350
horse 0.0083 102 291 113 352
horse 0.0040 93 295 105 307
horse 0.0037 94 292 113 336
horse 0.0018 287 233 356 352
