person 0.2605 216 159 229 170
person 0.1414 263 145 271 156
person 0.0949 266 144 274 156
person 0.0116 196 149 205 160
person 0.0096 228 158 239 172
person 0.0057 258 143 265 155
person 0.0045 205 159 216 176
person 0.0040 210 160 217 170
person 0.0028 211 158 222 170
person 0.0023 402 160 409 170
person 0.0020 241 166 247 174
person 0.0017 204 156 213 169
person 0.0014 215 160 232 176
person 0.0013 281 141 290 160
person 0.0012 403 161 412 172
train 0.9108 0 118 440 206
train 0.0066 8 145 233 206
train 0.0010 0 170 35 208
