chair 0.9514 92 64 156 148
chair 0.9361 72 151 168 268
chair 0.9317 232 191 319 303
chair 0.9229 41 98 107 196
chair 0.9122 204 54 252 128
chair 0.8949 374 155 479 274
chair 0.8881 409 107 484 179
chair 0.8873 321 68 382 154
chair 0.8370 428 30 481 94
chair 0.8354 287 39 321 96
chair 0.7374 330 27 369 81
chair 0.6999 375 29 412 88
chair 0.6870 250 36 287 105
chair 0.3927 231 25 256 95
chair 0.0508 27 20 56 47
chair 0.0502 231 25 250 58
chair 0.0216 49 14 86 37
chair 0.0125 232 26 280 71
chair 0.0100 48 15 80 24
chair 0.0076 49 17 83 29
chair 0.0047 1 17 55 47
chair 0.0046 355 29 412 132
chair 0.0031 442 33 479 127
chair 0.0023 251 36 286 50
chair 0.0022 238 29 287 51
chair 0.0015 472 232 500 316
chair 0.0013 444 29 477 51
chair 0.0013 217 23 270 101
chair 0.0012 334 28 413 87
chair 0.0011 205 54 247 85
chair 0.0011 471 34 480 89
chair 0.0010 0 0 33 13
sofa 0.0035 1 0 152 28
sofa 0.0022 0 11 50 30
sofa 0.0011 0 0 90 15
diningtable 0.0333 239 35 319 108
diningtable 0.0048 239 31 287 50
diningtable 0.0035 236 36 318 57
diningtable 0.0023 429 30 481 95
diningtable 0.0023 0 11 51 30
diningtable 0.0021 248 36 285 46
diningtable 0.0021 233 36 268 51
diningtable 0.0015 320 69 381 167
diningtable 0.0015 235 39 285 55
