person 0.3267 157 434 174 449
person 0.1581 147 425 155 448
person 0.1549 156 433 166 449
person 0.1438 140 424 150 448
person 0.1249 133 424 145 447
person 0.1068 155 428 162 447
person 0.1009 254 427 266 435
person 0.0926 313 413 320 433
person 0.0881 160 424 167 437
person 0.0373 296 437 303 444
person 0.0253 154 425 160 436
person 0.0239 290 436 297 444
person 0.0225 301 417 307 429
person 0.0220 148 425 153 433
person 0.0206 143 424 149 434
person 0.0191 323 425 331 432
person 0.0189 163 430 174 447
person 0.0175 161 426 170 440
person 0.0168 136 415 143 425
person 0.0158 322 414 328 421
person 0.0138 320 425 326 432
person 0.0130 292 435 300 444
person 0.0082 314 412 320 419
person 0.0080 107 413 111 421
person 0.0068 287 435 299 444
person 0.0067 134 423 142 436
person 0.0063 169 433 176 449
person 0.0060 369 433 374 439
person 0.0060 142 436 151 448
person 0.0050 149 435 156 449
person 0.0049 301 417 309 436
person 0.0048 161 422 166 430
person 0.0048 328 425 335 432
person 0.0043 322 424 336 433
person 0.0040 115 412 125 418
person 0.0033 157 421 162 429
person 0.0031 100 417 103 422
person 0.0030 137 420 169 449
person 0.0027 273 429 284 441
person 0.0026 6 81 33 123
person 0.0025 132 426 138 435
person 0.0024 293 435 299 442
person 0.0021 132 434 140 447
person 0.0020 133 440 139 447
person 0.0019 323 419 330 428
person 0.0018 267 428 276 438
person 0.0016 133 439 143 447
person 0.0012 104 413 112 424
person 0.0012 154 425 164 438
person 0.0012 101 415 109 422
person 0.0011 117 428 126 440
person 0.0010 316 423 331 433
boat 0.5811 310 415 374 450
boat 0.4842 1 1 324 480
boat 0.4131 40 313 103 413
boat 0.1679 42 401 103 413
boat 0.0354 41 382 104 412
boat 0.0263 84 415 329 464
boat 0.0208 315 430 373 449
boat 0.0195 301 417 308 429
boat 0.0128 265 443 317 461
boat 0.0126 257 414 374 454
boat 0.0057 0 0 137 475
boat 0.0048 80 290 317 462
boat 0.0038 310 412 324 434
boat 0.0037 284 415 335 450
boat 0.0031 56 390 104 406
boat 0.0030 36 230 107 428
boat 0.0027 329 436 374 450
boat 0.0027 83 425 225 459
boat 0.0026 1 145 106 421
boat 0.0026 85 400 104 408
boat 0.0018 56 399 104 410
boat 0.0017 83 414 176 454
boat 0.0017 300 412 331 435
boat 0.0016 295 423 366 445
boat 0.0012 280 439 317 457
boat 0.0011 263 430 319 458
boat 0.0011 99 437 311 463
boat 0.0010 281 442 313 448
bird 0.0030 6 81 33 123
