person 0.0152 0 174 4 186
person 0.0024 195 170 209 196
person 0.0019 420 111 431 118
person 0.0014 432 102 439 115
person 0.0013 141 197 152 211
person 0.0011 206 172 212 196
person 0.0010 0 157 5 186
car 0.0012 123 201 141 211
motorbike 0.0021 157 200 176 212
train 0.9233 177 63 498 258
train 0.9108 0 144 79 230
train 0.6929 70 167 188 212
train 0.0076 72 175 108 201
train 0.0067 0 146 182 228
train 0.0038 30 159 496 253
train 0.0028 63 175 75 199
train 0.0027 177 168 213 240
train 0.0027 149 168 190 207
train 0.0026 106 169 150 182
