person 0.9453 316 129 490 340
person 0.8987 89 1 162 139
person 0.8891 0 0 65 111
person 0.8489 23 0 84 113
person 0.1585 81 0 107 46
person 0.1170 0 -1 71 310
person 0.0290 81 0 135 45
person 0.0144 81 0 109 120
person 0.0052 76 1 169 296
person 0.0038 494 79 500 111
person 0.0032 15 0 31 6
person 0.0030 25 0 77 67
person 0.0025 131 0 143 11
person 0.0024 492 87 499 133
person 0.0019 482 103 487 109
person 0.0018 484 80 500 223
person 0.0011 491 50 500 118
car 0.0761 492 81 499 115
car 0.0052 266 30 279 51
car 0.0028 271 18 292 28
car 0.0017 493 98 499 116
car 0.0014 266 28 292 51
car 0.0012 465 104 476 109
car 0.0012 270 19 293 36
bus 0.0636 493 80 499 115
train 0.0562 277 48 343 83
dog 0.0306 267 149 320 183
dog 0.0058 267 149 329 208
sheep 0.0121 267 149 319 182
sheep 0.0011 0 221 20 310
cow 0.9618 0 106 285 364
cow 0.0536 268 149 319 182
cow 0.0411 269 165 334 207
cow 0.0051 0 103 80 310
cow 0.0027 0 102 26 310
cow 0.0022 0 226 29 313
cow 0.0019 0 207 81 309
cow 0.0017 267 140 400 205
