person 0.8794 0 122 136 371
person 0.8727 218 131 498 370
person 0.7393 93 110 255 372
person 0.1511 0 103 105 215
person 0.1385 0 215 55 370
person 0.0730 218 146 355 369
person 0.0552 16 105 358 371
person 0.0445 319 107 499 329
person 0.0437 0 215 57 293
person 0.0077 0 141 50 215
person 0.0072 46 102 107 204
person 0.0050 0 284 49 372
person 0.0030 427 125 499 319
person 0.0026 0 105 60 333
person 0.0025 32 276 107 372
person 0.0021 333 332 499 374
person 0.0015 456 361 468 375
person 0.0013 78 0 118 44
person 0.0011 0 103 202 220
chair 0.0265 42 84 197 114
chair 0.0024 426 141 499 341
chair 0.0014 0 93 83 183
sofa 0.7369 0 111 499 369
sofa 0.0831 430 147 499 335
sofa 0.0534 40 84 195 115
sofa 0.0372 0 87 500 212
sofa 0.0231 1 84 194 178
sofa 0.0226 368 127 500 371
sofa 0.0134 3 269 496 370
sofa 0.0124 241 117 498 369
sofa 0.0088 429 220 499 314
sofa 0.0087 6 100 255 368
sofa 0.0059 393 127 499 200
sofa 0.0039 453 148 499 201
sofa 0.0038 0 285 49 372
sofa 0.0023 234 121 498 207
sofa 0.0018 334 348 399 374
sofa 0.0013 1 81 502 140
sofa 0.0010 334 322 500 373
pottedplant 0.0012 0 104 8 147
