person 0.9479 0 93 175 370
person 0.9257 189 268 297 372
person 0.9245 150 92 266 221
person 0.8927 293 176 497 373
person 0.7657 307 160 375 247
person 0.1306 473 325 499 373
person 0.0264 288 339 359 374
person 0.0145 327 160 375 210
person 0.0097 363 168 375 184
person 0.0059 309 176 343 217
person 0.0048 263 48 272 67
person 0.0023 11 36 19 56
person 0.0023 55 34 64 52
person 0.0020 295 165 379 358
person 0.0018 131 42 135 52
person 0.0016 341 55 355 66
person 0.0016 84 219 135 275
person 0.0014 11 36 17 47
person 0.0012 86 222 135 250
bicycle 0.0067 239 35 329 94
bicycle 0.0054 260 63 299 96
car 0.9144 0 71 64 152
car 0.8258 51 44 161 85
car 0.8222 0 51 40 72
car 0.6351 320 52 385 83
car 0.3854 169 51 235 68
car 0.2810 169 52 265 87
car 0.1614 130 47 168 65
car 0.0464 117 50 162 85
car 0.0457 225 50 258 65
car 0.0352 0 52 7 64
car 0.0173 274 37 331 90
car 0.0146 1 50 30 61
car 0.0108 50 45 95 68
car 0.0055 144 63 169 73
car 0.0032 0 156 35 184
car 0.0030 139 57 169 74
car 0.0027 47 44 135 69
car 0.0021 328 53 380 68
car 0.0016 0 51 19 67
car 0.0016 239 65 265 88
car 0.0015 0 109 42 152
car 0.0015 225 52 267 89
car 0.0013 -2 50 76 83
car 0.0011 238 35 275 66
car 0.0011 243 52 259 65
car 0.0011 237 24 325 94
motorbike 0.0073 261 37 332 93
motorbike 0.0014 270 48 311 93
motorbike 0.0013 236 40 307 95
bottle 0.0056 228 256 245 270
chair 0.4754 464 196 499 331
chair 0.3350 473 326 499 374
chair 0.1523 137 189 162 225
chair 0.1448 314 177 328 200
chair 0.0259 0 156 33 183
chair 0.0203 101 154 125 229
chair 0.0185 178 363 188 374
chair 0.0160 349 350 378 374
chair 0.0155 311 175 330 212
chair 0.0145 88 247 113 275
chair 0.0107 137 162 166 226
chair 0.0100 0 161 19 183
chair 0.0093 480 190 499 213
chair 0.0090 265 344 293 361
chair 0.0086 137 186 266 224
chair 0.0080 487 325 499 341
chair 0.0075 159 361 188 374
chair 0.0075 306 161 375 248
chair 0.0068 465 189 499 253
chair 0.0056 307 174 338 222
chair 0.0056 349 326 499 374
chair 0.0053 487 290 499 341
chair 0.0051 68 344 185 374
chair 0.0049 468 251 499 376
chair 0.0047 79 153 126 233
chair 0.0045 137 203 146 225
chair 0.0036 0 169 9 183
chair 0.0036 494 302 500 327
chair 0.0036 491 297 499 330
chair 0.0035 462 252 491 291
chair 0.0030 84 223 127 275
chair 0.0030 137 181 187 225
chair 0.0029 133 269 219 370
chair 0.0026 420 194 433 222
chair 0.0024 151 205 163 221
chair 0.0021 372 174 414 185
chair 0.0018 299 176 327 209
chair 0.0018 288 257 376 375
chair 0.0016 492 324 500 338
chair 0.0014 188 334 209 371
chair 0.0014 171 326 216 371
chair 0.0013 160 338 177 371
chair 0.0010 441 326 500 375
chair 0.0010 81 190 104 233
chair 0.0010 290 339 379 374
chair 0.0010 428 230 464 252
chair 0.0010 274 345 295 369
pottedplant 0.0514 244 233 283 255
pottedplant 0.0358 239 233 289 287
pottedplant 0.0032 130 54 262 97
pottedplant 0.0018 0 0 16 8
diningtable 0.8593 112 206 372 347
diningtable 0.0084 117 239 221 339
diningtable 0.0084 0 158 33 182
diningtable 0.0053 0 161 17 170
diningtable 0.0041 269 263 369 349
diningtable 0.0039 251 215 375 344
diningtable 0.0023 125 269 219 371
diningtable 0.0014 0 163 15 182
diningtable 0.0011 197 204 337 244
