person 0.9509 215 37 306 287
person 0.9196 277 33 382 358
person 0.9066 362 41 413 299
person 0.8527 1 24 127 355
person 0.1631 483 91 499 142
person 0.0878 490 91 499 126
person 0.0235 477 89 499 168
person 0.0176 482 91 499 248
person 0.0166 95 84 135 299
person 0.0160 348 81 391 296
person 0.0122 97 183 121 294
person 0.0095 0 78 7 92
person 0.0088 0 62 8 91
person 0.0076 17 167 114 352
person 0.0061 0 24 135 191
person 0.0056 463 91 499 207
person 0.0053 364 41 413 167
person 0.0042 0 57 33 302
person 0.0034 465 91 500 141
person 0.0014 67 186 119 294
person 0.0013 439 91 499 149
person 0.0012 66 37 75 60
person 0.0011 494 91 499 102
person 0.0010 354 177 386 281
bicycle 0.2457 0 183 21 285
bicycle 0.0648 5 182 114 310
bicycle 0.0138 0 92 34 285
bicycle 0.0135 0 232 14 286
bicycle 0.0083 0 239 8 284
bicycle 0.0073 98 189 110 232
bicycle 0.0020 0 177 46 286
car 0.8574 122 100 159 125
car 0.0496 122 100 158 111
car 0.0079 153 108 160 126
car 0.0053 0 62 9 92
car 0.0036 120 100 131 108
car 0.0020 0 77 9 92
car 0.0014 133 120 161 138
car 0.0012 123 102 134 110
car 0.0011 111 80 129 104
motorbike 0.9469 393 92 499 257
bottle 0.0042 282 201 302 222
bottle 0.0018 269 200 302 243
