person 0.9088 367 3 474 171
person 0.8766 43 0 124 143
person 0.8361 275 14 351 133
person 0.6968 172 0 243 141
person 0.1551 172 0 243 68
person 0.0316 44 0 121 70
person 0.0280 472 1 499 148
person 0.0062 367 2 463 77
person 0.0021 195 108 214 153
person 0.0019 103 104 128 145
person 0.0014 78 52 116 135
person 0.0011 170 -1 355 137
person 0.0010 36 -1 244 142
motorbike 0.9264 32 54 132 147
motorbike 0.9185 163 50 263 160
motorbike 0.9171 255 58 364 165
motorbike 0.9152 352 54 455 173
motorbike 0.0529 343 79 365 108
motorbike 0.0090 342 80 365 131
motorbike 0.0026 352 80 413 170
motorbike 0.0014 343 57 370 107
motorbike 0.0012 224 77 263 154
motorbike 0.0011 472 80 487 121
motorbike 0.0011 185 49 245 136
