person 0.1098 315 83 321 92
person 0.0016 219 65 225 72
person 0.0013 254 69 260 77
car 0.6387 142 63 159 75
car 0.5712 244 68 258 77
car 0.5316 277 72 289 81
car 0.3524 324 78 335 84
car 0.2505 353 82 369 88
car 0.1930 208 64 217 70
car 0.1926 299 75 309 81
car 0.1771 366 83 374 89
car 0.1316 306 77 319 83
car 0.1230 301 75 314 82
car 0.1206 288 73 297 80
car 0.0554 270 70 281 76
car 0.0507 343 79 350 86
car 0.0405 264 70 278 76
car 0.0375 256 68 265 75
car 0.0291 345 81 358 87
car 0.0266 289 73 305 81
car 0.0253 200 63 209 69
car 0.0210 342 79 355 86
car 0.0201 133 56 140 63
car 0.0191 156 62 162 70
car 0.0145 316 78 325 84
car 0.0111 223 66 228 73
car 0.0108 305 72 314 80
car 0.0106 271 66 283 75
car 0.0099 256 67 274 76
car 0.0093 335 75 348 85
car 0.0085 340 76 350 85
car 0.0083 153 65 160 74
car 0.0082 156 59 162 66
car 0.0076 224 65 232 73
car 0.0060 233 67 242 74
car 0.0053 228 66 234 73
car 0.0038 201 63 217 71
car 0.0034 266 66 278 74
car 0.0031 123 63 133 69
car 0.0027 313 82 321 92
car 0.0026 228 65 241 74
car 0.0026 299 70 306 78
car 0.0024 151 58 162 67
car 0.0024 157 65 163 72
car 0.0024 285 75 296 82
car 0.0021 263 71 275 78
car 0.0018 172 61 181 65
car 0.0014 145 57 161 67
car 0.0011 219 64 227 72
car 0.0010 122 73 132 78
car 0.0010 198 64 210 71
bird 0.0010 0 0 9 4
dog 0.9564 202 221 303 498
dog 0.0028 191 220 230 499
