person 0.8955 52 4 365 453
person 0.6264 297 0 365 245
person 0.5449 0 25 109 317
person 0.4653 225 0 299 46
person 0.1778 283 0 316 31
person 0.1652 0 0 86 68
person 0.0632 1 21 152 458
person 0.0509 0 0 36 68
person 0.0273 139 0 301 50
person 0.0230 1 0 94 124
person 0.0194 272 1 367 446
person 0.0158 84 0 143 61
person 0.0131 33 0 88 34
person 0.0106 152 2 197 42
person 0.0102 88 0 238 50
person 0.0099 59 88 91 148
person 0.0082 1 0 83 27
person 0.0075 1 0 51 36
person 0.0055 146 0 234 43
person 0.0055 192 0 234 23
person 0.0054 0 0 18 68
person 0.0044 229 0 259 37
person 0.0037 49 8 99 128
person 0.0035 212 321 265 361
person 0.0031 283 0 297 5
person 0.0031 288 0 329 20
person 0.0030 283 0 314 10
person 0.0026 6 0 122 41
person 0.0023 292 0 365 35
person 0.0020 240 0 315 26
person 0.0020 192 0 301 109
person 0.0017 282 0 311 19
person 0.0016 0 0 18 32
person 0.0016 85 6 117 69
person 0.0015 83 0 123 44
person 0.0013 81 6 117 123
person 0.0013 178 321 216 345
person 0.0012 306 105 365 254
person 0.0011 77 0 230 124
person 0.0011 1 204 375 448
person 0.0010 230 0 259 8
dog 0.0029 212 322 261 360
bottle 0.0046 144 72 172 123
bottle 0.0033 0 407 62 438
chair 0.8397 141 292 306 441
chair 0.3970 0 306 80 406
chair 0.0241 0 34 91 456
chair 0.0232 0 180 79 410
chair 0.0120 -7 171 363 459
chair 0.0107 0 281 132 409
chair 0.0075 0 306 57 333
chair 0.0038 0 309 243 409
chair 0.0024 0 280 77 354
chair 0.0022 0 252 59 332
