person 0.9595 7 24 320 328
person 0.8487 274 81 458 328
person 0.0173 211 114 303 201
person 0.0128 252 125 307 169
person 0.0083 210 114 320 321
person 0.0082 251 81 337 174
person 0.0012 220 81 421 233
bottle 0.0045 399 266 452 330
bottle 0.0026 395 309 448 333
bottle 0.0023 496 315 500 332
chair 0.0637 0 268 10 331
chair 0.0077 477 302 499 332
chair 0.0070 0 255 18 331
chair 0.0055 0 158 111 328
sofa 0.0337 6 223 459 328
sofa 0.0146 0 254 11 331
sofa 0.0017 475 300 499 331
sofa 0.0013 -5 128 476 327
sofa 0.0012 0 247 25 331
