person 0.4198 472 176 479 181
person 0.0225 471 177 498 183
person 0.0198 237 220 257 234
person 0.0142 466 176 479 182
person 0.0030 154 149 170 158
person 0.0022 254 228 261 237
person 0.0010 271 288 283 295
person 0.0010 371 244 378 248
boat 0.7859 72 179 103 191
boat 0.7740 191 99 206 123
boat 0.7431 335 100 349 125
boat 0.7044 106 101 122 123
boat 0.6898 214 219 268 244
boat 0.6833 410 101 428 124
boat 0.6738 224 103 239 124
boat 0.6044 235 193 274 218
boat 0.5993 443 107 455 126
boat 0.5929 265 101 283 122
boat 0.5752 133 101 151 124
boat 0.5711 158 105 171 124
boat 0.4945 83 102 112 152
boat 0.4647 245 105 266 130
boat 0.4503 1 101 19 121
boat 0.4125 493 148 499 162
boat 0.3994 330 113 383 153
boat 0.3697 330 143 379 153
boat 0.3557 52 102 62 122
boat 0.3171 382 135 399 141
boat 0.2910 83 102 98 125
boat 0.2671 422 102 431 123
boat 0.2639 289 103 304 126
boat 0.2351 28 113 43 122
boat 0.1716 299 137 315 146
boat 0.1383 52 102 86 122
boat 0.1356 216 139 231 145
boat 0.1122 84 142 112 153
boat 0.1032 134 150 173 162
boat 0.1031 430 113 444 124
boat 0.1014 248 107 261 128
boat 0.0812 383 97 394 120
boat 0.0796 150 102 160 123
boat 0.0784 299 108 314 113
boat 0.0738 236 107 250 116
boat 0.0612 183 128 192 138
boat 0.0572 420 103 444 124
boat 0.0571 289 103 316 146
boat 0.0563 495 153 499 163
boat 0.0527 154 150 172 159
boat 0.0501 212 194 269 245
boat 0.0469 380 97 405 121
boat 0.0395 167 107 178 117
boat 0.0343 57 102 72 112
boat 0.0343 282 194 290 198
boat 0.0302 242 124 264 131
boat 0.0299 161 132 192 138
boat 0.0248 124 141 172 166
boat 0.0245 203 193 272 220
boat 0.0219 235 219 259 235
boat 0.0196 206 109 224 115
boat 0.0193 280 137 316 146
boat 0.0179 183 115 192 138
boat 0.0171 397 113 412 119
boat 0.0166 183 133 192 138
boat 0.0166 0 117 7 123
boat 0.0147 0 119 7 125
boat 0.0143 162 114 193 139
boat 0.0141 5 134 19 138
boat 0.0139 433 118 445 124
boat 0.0138 150 115 160 124
boat 0.0134 300 125 314 146
boat 0.0134 63 166 82 172
boat 0.0128 459 115 482 121
boat 0.0127 257 120 267 130
boat 0.0126 123 153 170 167
boat 0.0117 471 176 498 183
boat 0.0117 9 115 19 120
boat 0.0117 160 105 171 116
boat 0.0110 287 103 319 127
boat 0.0104 256 108 267 130
boat 0.0103 298 103 314 113
boat 0.0101 132 103 143 123
boat 0.0100 166 106 174 116
boat 0.0097 148 119 159 124
boat 0.0096 41 179 106 193
boat 0.0096 380 96 400 138
boat 0.0090 395 108 413 119
boat 0.0088 378 113 413 122
boat 0.0088 386 114 410 120
boat 0.0084 43 166 82 173
boat 0.0084 289 105 306 139
boat 0.0082 83 130 112 153
boat 0.0081 325 143 332 148
boat 0.0079 0 134 41 142
boat 0.0078 121 112 172 165
boat 0.0078 0 118 17 124
boat 0.0075 373 145 384 152
boat 0.0074 1 133 30 139
boat 0.0072 117 105 138 123
boat 0.0072 376 114 395 119
boat 0.0069 458 118 484 124
boat 0.0065 204 109 226 124
boat 0.0061 146 101 164 124
boat 0.0058 58 103 69 107
boat 0.0058 300 110 332 124
boat 0.0057 91 111 99 126
boat 0.0057 169 113 178 118
boat 0.0056 245 106 250 114
boat 0.0056 199 162 214 166
boat 0.0053 73 120 85 124
boat 0.0052 382 128 399 142
boat 0.0047 259 124 267 130
boat 0.0046 427 118 438 124
boat 0.0046 271 291 283 296
boat 0.0045 278 116 293 123
boat 0.0045 453 115 467 121
boat 0.0044 94 113 105 123
boat 0.0041 253 124 267 131
boat 0.0040 315 111 330 116
boat 0.0039 290 119 304 126
boat 0.0039 0 115 19 128
boat 0.0038 459 177 475 181
boat 0.0037 178 209 212 222
boat 0.0037 490 147 500 160
boat 0.0037 249 101 316 147
boat 0.0036 131 105 139 112
boat 0.0034 31 188 64 194
boat 0.0034 292 103 302 114
boat 0.0033 120 113 136 124
boat 0.0031 426 109 442 123
boat 0.0029 416 144 421 147
boat 0.0027 38 115 53 122
boat 0.0027 265 133 314 145
boat 0.0026 31 114 56 123
boat 0.0026 176 208 243 220
boat 0.0026 302 120 328 126
boat 0.0026 72 166 104 192
boat 0.0026 60 114 83 122
boat 0.0026 391 97 413 120
boat 0.0026 351 112 378 152
boat 0.0026 459 175 499 188
boat 0.0025 240 108 255 128
boat 0.0025 213 105 232 123
boat 0.0025 139 119 155 125
boat 0.0025 52 112 61 121
boat 0.0025 334 104 350 139
boat 0.0025 93 104 107 123
boat 0.0024 452 113 483 124
boat 0.0024 152 118 165 124
boat 0.0024 275 119 292 125
boat 0.0023 125 158 138 166
boat 0.0023 216 103 287 134
boat 0.0022 397 103 423 122
boat 0.0022 202 109 211 116
boat 0.0022 282 106 302 123
boat 0.0022 122 120 132 125
boat 0.0021 94 101 159 125
boat 0.0021 162 109 175 122
boat 0.0020 294 132 316 146
boat 0.0020 284 111 294 118
boat 0.0019 216 108 229 119
boat 0.0019 116 102 194 141
boat 0.0019 307 109 319 114
boat 0.0019 492 147 499 155
boat 0.0018 444 107 449 115
boat 0.0018 116 158 141 169
boat 0.0018 301 122 319 128
boat 0.0018 389 97 399 119
boat 0.0018 83 140 98 151
boat 0.0018 392 107 404 119
boat 0.0018 234 100 249 120
boat 0.0018 469 178 499 186
boat 0.0017 72 114 87 124
boat 0.0017 303 130 311 142
boat 0.0017 404 115 413 120
boat 0.0017 152 116 170 125
boat 0.0017 330 143 356 152
boat 0.0017 287 114 296 122
boat 0.0016 53 117 64 122
boat 0.0016 127 110 139 124
boat 0.0016 406 105 418 120
boat 0.0016 9 101 17 119
boat 0.0016 38 119 53 124
boat 0.0015 452 111 466 119
boat 0.0015 133 116 157 126
boat 0.0015 464 147 499 183
boat 0.0015 36 104 61 123
boat 0.0015 134 119 146 125
boat 0.0015 299 108 332 118
boat 0.0015 12 104 51 123
boat 0.0015 408 102 457 125
boat 0.0015 72 106 100 136
boat 0.0014 58 118 72 123
boat 0.0014 489 158 500 164
boat 0.0014 475 120 483 124
boat 0.0014 239 205 273 217
boat 0.0014 156 127 193 138
boat 0.0014 207 119 224 124
boat 0.0014 346 110 355 117
boat 0.0014 443 118 454 125
boat 0.0013 5 101 92 125
boat 0.0013 89 118 99 127
boat 0.0013 43 168 65 173
boat 0.0012 448 119 455 126
boat 0.0012 344 115 352 123
boat 0.0012 1 110 18 120
boat 0.0012 120 106 131 112
boat 0.0012 371 113 381 118
boat 0.0012 264 119 275 125
boat 0.0012 130 158 151 165
boat 0.0011 490 109 499 162
boat 0.0011 253 122 313 146
boat 0.0011 482 148 499 163
boat 0.0011 27 102 43 121
boat 0.0011 296 119 324 130
boat 0.0011 412 119 428 125
boat 0.0010 240 122 257 131
boat 0.0010 495 154 500 177
boat 0.0010 335 119 349 126
boat 0.0010 243 117 265 130
boat 0.0010 492 130 500 162
boat 0.0010 361 111 367 117
boat 0.0010 119 160 159 169
bird 0.0308 0 281 4 287
bird 0.0022 159 251 167 256
bird 0.0018 26 223 31 226
bird 0.0014 423 162 428 165
