person 0.9585 154 0 478 139
person 0.7843 0 0 92 107
person 0.5852 18 291 171 372
person 0.2036 160 0 197 50
person 0.0526 88 1 195 55
person 0.0185 0 0 92 220
person 0.0071 23 0 195 72
person 0.0020 0 1 41 95
person 0.0017 47 285 277 373
person 0.0013 0 26 116 315
person 0.0010 100 292 190 372
person 0.0010 0 5 225 129
chair 0.8081 88 0 161 78
chair 0.2971 469 0 499 108
chair 0.0574 409 1 499 109
chair 0.0193 214 19 247 89
chair 0.0132 401 7 429 84
chair 0.0129 217 44 239 85
chair 0.0106 189 0 497 137
chair 0.0082 89 0 195 48
chair 0.0082 21 0 165 76
chair 0.0069 203 37 240 93
chair 0.0063 233 17 249 87
chair 0.0062 195 9 245 95
chair 0.0034 89 0 153 39
chair 0.0029 447 58 478 96
chair 0.0029 89 0 153 19
chair 0.0028 0 76 53 138
chair 0.0024 182 75 238 94
chair 0.0022 161 0 477 77
chair 0.0019 473 0 495 42
chair 0.0017 406 8 426 31
chair 0.0016 35 101 62 114
chair 0.0015 218 62 238 85
chair 0.0014 0 1 93 107
chair 0.0013 490 65 500 104
chair 0.0012 345 0 482 138
chair 0.0011 403 29 429 51
chair 0.0011 88 48 156 79
chair 0.0011 400 46 428 81
chair 0.0011 405 10 447 82
chair 0.0010 494 46 499 70
chair 0.0010 90 9 124 21
pottedplant 0.0148 481 117 500 226
pottedplant 0.0058 453 114 500 229
pottedplant 0.0013 478 128 499 187
diningtable 0.7008 0 75 499 370
diningtable 0.0621 2 78 495 160
diningtable 0.0129 142 23 492 196
diningtable 0.0063 2 43 490 129
diningtable 0.0017 142 79 456 137
diningtable 0.0011 273 85 502 140
diningtable 0.0011 1 77 226 366
diningtable 0.0010 -3 227 500 369
