person 0.4921 254 2 499 237
person 0.3937 0 7 66 42
person 0.2737 3 5 497 324
person 0.2709 386 94 498 235
person 0.2141 345 89 499 328
person 0.1882 182 93 498 327
person 0.1112 1 0 307 57
person 0.1016 0 4 185 323
person 0.0611 0 4 72 322
person 0.0308 0 2 209 43
person 0.0258 0 280 14 324
person 0.0192 1 214 220 327
person 0.0088 198 0 314 60
person 0.0078 0 225 14 323
person 0.0050 183 310 347 331
person 0.0043 117 0 211 27
person 0.0043 2 189 491 327
person 0.0039 478 26 499 197
person 0.0038 0 3 337 213
person 0.0023 0 7 66 78
person 0.0015 118 0 496 60
person 0.0014 239 -20 369 294
person 0.0014 360 207 401 267
person 0.0014 0 138 15 326
person 0.0013 464 29 499 96
person 0.0013 484 29 499 94
dog 0.9179 0 18 369 317
dog 0.0404 0 214 175 325
dog 0.0357 0 133 219 325
dog 0.0017 383 98 494 236
horse 0.0120 0 132 73 324
horse 0.0054 1 133 157 324
sheep 0.0010 24 0 223 39
cow 0.0117 117 1 308 60
chair 0.0166 395 222 500 329
sofa 0.0022 3 3 496 161
