person 0.9202 341 60 499 326
person 0.8975 0 2 385 327
person 0.2734 0 2 103 259
person 0.0992 0 51 35 252
person 0.0361 0 51 33 148
person 0.0292 408 1 499 94
person 0.0064 0 51 33 97
person 0.0047 0 244 15 280
person 0.0044 463 119 499 246
person 0.0043 457 1 500 94
person 0.0042 0 168 36 279
person 0.0036 276 1 405 92
person 0.0036 0 71 19 238
person 0.0031 409 0 499 248
person 0.0027 0 143 16 224
person 0.0016 2 2 105 108
person 0.0014 0 132 19 288
person 0.0012 482 92 499 123
person 0.0011 0 80 19 157
person 0.0011 0 125 91 276
person 0.0010 462 1 500 247
chair 0.0428 464 119 500 247
sofa 0.0151 464 119 499 248
