person 0.8527 0 173 12 208
person 0.8438 19 170 32 214
person 0.6317 13 169 22 203
person 0.6256 347 134 404 226
person 0.2150 66 156 81 174
person 0.0812 31 173 40 210
person 0.0601 212 158 225 174
person 0.0179 494 184 500 195
person 0.0152 14 169 22 187
person 0.0119 493 174 500 194
person 0.0106 483 169 494 191
person 0.0102 6 174 12 186
person 0.0086 16 168 22 178
person 0.0063 6 170 12 181
person 0.0056 379 141 399 175
person 0.0038 136 157 146 174
person 0.0035 0 176 7 187
person 0.0030 408 24 424 46
person 0.0029 334 129 440 231
person 0.0028 489 169 500 192
person 0.0028 249 141 270 175
person 0.0027 18 35 26 40
person 0.0024 22 170 29 178
person 0.0023 361 134 381 163
person 0.0021 55 153 66 174
person 0.0021 351 135 397 186
person 0.0020 487 157 494 166
person 0.0019 94 159 106 174
person 0.0017 495 157 499 166
person 0.0016 379 141 396 162
person 0.0016 484 157 500 191
person 0.0016 56 163 65 174
person 0.0016 313 143 328 174
person 0.0014 0 172 5 179
person 0.0014 257 156 270 175
person 0.0013 175 156 187 175
person 0.0012 20 172 31 193
person 0.0012 493 168 500 181
person 0.0011 491 165 499 183
person 0.0011 15 182 22 202
person 0.0011 177 155 203 175
person 0.0010 286 142 307 174
person 0.0010 485 156 499 174
person 0.0010 253 158 266 175
bicycle 0.0020 491 183 500 196
car 0.8531 478 189 499 235
car 0.0076 436 188 499 235
car 0.0055 494 188 499 199
car 0.0020 479 188 499 202
car 0.0013 478 213 499 235
car 0.0010 490 186 500 199
bus 0.9619 32 113 494 253
bus 0.0021 379 112 499 213
chair 0.0036 388 200 424 240
chair 0.0010 406 200 425 240
