person 0.9337 80 50 165 245
person 0.9312 249 39 351 219
person 0.8961 348 42 463 313
person 0.1801 0 105 11 194
person 0.1681 438 40 481 128
person 0.1167 439 38 468 88
person 0.0662 432 56 446 77
person 0.0367 97 16 113 69
person 0.0360 343 89 403 227
person 0.0338 0 112 13 285
person 0.0060 405 37 468 85
person 0.0046 435 40 481 214
person 0.0041 432 56 450 87
person 0.0034 0 31 13 196
person 0.0030 0 106 32 281
person 0.0029 349 96 400 172
person 0.0022 0 50 6 58
person 0.0020 428 51 463 88
person 0.0015 456 77 480 133
person 0.0015 54 33 202 213
person 0.0015 480 226 500 289
person 0.0013 182 32 415 194
person 0.0011 372 80 413 262
person 0.0011 494 69 499 144
person 0.0011 94 17 106 70
person 0.0010 -1 91 183 334
person 0.0010 1 45 41 58
person 0.0010 0 47 10 58
person 0.0010 399 43 480 131
person 0.0010 458 43 468 82
person 0.0010 8 21 46 51
car 0.1349 2 0 487 165
car 0.0682 45 0 187 30
car 0.0512 0 7 109 203
car 0.0492 47 0 129 22
car 0.0345 14 0 147 50
car 0.0216 122 1 189 29
car 0.0179 37 1 198 65
car 0.0101 119 1 191 59
car 0.0098 20 0 368 30
car 0.0046 443 40 468 85
car 0.0025 101 0 416 113
car 0.0022 177 0 377 33
car 0.0021 14 1 474 68
car 0.0017 43 0 66 14
car 0.0016 6 19 81 54
dog 0.9405 0 231 200 330
dog 0.8605 198 218 439 331
dog 0.1013 453 205 500 289
dog 0.0181 292 196 357 228
dog 0.0115 196 219 405 264
dog 0.0045 395 204 499 293
dog 0.0019 0 119 195 329
dog 0.0013 479 223 500 290
dog 0.0012 0 247 10 288
dog 0.0012 268 208 499 322
sheep 0.1723 291 195 357 229
sheep 0.1491 209 219 416 265
sheep 0.1153 453 205 500 289
sheep 0.0326 203 210 503 308
sheep 0.0243 378 205 499 292
sheep 0.0122 213 251 440 330
sheep 0.0033 290 195 401 240
sheep 0.0024 354 209 390 234
sheep 0.0018 357 208 413 238
sheep 0.0017 479 208 499 287
cow 0.0050 453 205 499 284
bottle 0.1684 283 111 300 142
