person 0.0123 0 217 35 294
person 0.0067 0 108 16 265
person 0.0062 0 216 85 332
person 0.0062 0 218 8 268
person 0.0054 0 270 35 293
person 0.0048 0 106 15 183
person 0.0019 0 107 9 141
person 0.0014 0 6 19 81
bicycle 0.0033 447 213 500 329
boat 0.5232 62 177 194 252
boat 0.3764 0 277 86 330
boat 0.1004 8 248 444 330
boat 0.0790 0 216 86 330
boat 0.0709 188 181 304 269
boat 0.0302 304 186 419 249
boat 0.0238 0 215 8 266
boat 0.0179 62 172 302 257
boat 0.0101 0 216 34 292
boat 0.0090 189 179 419 256
boat 0.0056 7 172 481 324
boat 0.0028 0 117 15 293
boat 0.0025 0 116 35 323
boat 0.0022 0 106 9 131
boat 0.0021 0 106 16 177
boat 0.0015 0 109 88 332
boat 0.0013 0 215 17 270
boat 0.0013 0 222 220 329
boat 0.0012 2 249 204 273
boat 0.0010 128 187 360 284
bird 0.8619 321 157 376 203
bird 0.8338 204 271 264 300
bird 0.7774 230 159 272 205
bird 0.1697 467 141 499 182
bird 0.0506 254 159 273 176
bird 0.0427 494 150 500 168
bird 0.0409 188 195 305 272
bird 0.0341 446 213 499 239
bird 0.0097 21 236 463 328
bird 0.0057 177 244 192 267
bird 0.0056 264 200 286 216
bird 0.0054 473 224 485 237
bird 0.0049 426 157 442 172
bird 0.0039 464 120 499 215
bird 0.0035 446 161 500 238
bird 0.0033 470 107 500 156
bird 0.0029 462 224 470 239
bird 0.0025 488 141 500 165
bird 0.0025 426 159 433 172
bird 0.0022 247 194 289 223
bird 0.0022 283 206 333 226
bird 0.0022 259 198 304 221
bird 0.0020 159 124 242 159
bird 0.0019 473 224 495 238
bird 0.0017 257 189 295 212
bird 0.0015 493 151 499 182
bird 0.0014 190 290 195 294
bird 0.0014 491 143 500 160
bird 0.0013 449 214 499 224
bird 0.0013 441 100 499 247
bird 0.0013 254 160 274 195
bird 0.0012 479 161 500 212
bird 0.0011 243 207 272 224
bird 0.0010 196 157 408 219
pottedplant 0.0147 465 1 499 166
pottedplant 0.0141 446 102 499 240
pottedplant 0.0046 445 214 499 328
pottedplant 0.0037 468 73 499 176
pottedplant 0.0037 298 271 457 331
pottedplant 0.0026 0 6 19 82
pottedplant 0.0013 471 99 500 155
