person 0.0039 0 156 18 255
person 0.0017 0 146 14 214
person 0.0012 0 221 32 364
aeroplane 0.0013 0 214 171 292
bird 0.6671 155 132 275 370
bird 0.0866 123 173 243 360
bird 0.0322 163 274 185 353
bird 0.0077 0 223 22 257
bird 0.0068 213 191 270 302
bird 0.0062 123 176 190 341
bird 0.0048 196 132 266 206
bird 0.0041 174 179 220 236
bird 0.0039 111 173 180 286
bird 0.0037 375 318 393 329
bird 0.0032 174 135 289 284
bird 0.0031 471 317 499 354
bird 0.0022 478 318 499 334
bird 0.0020 112 240 174 286
bird 0.0018 375 318 394 351
bird 0.0017 213 149 294 363
bird 0.0014 0 224 53 258
bird 0.0012 163 273 213 357
bird 0.0011 166 275 182 305
bottle 0.0017 89 252 98 277
