person 0.8832 11 2 476 373
person 0.6918 115 145 136 175
person 0.6692 76 143 95 172
person 0.6050 0 141 15 169
person 0.3399 95 146 115 173
person 0.2264 127 143 145 175
person 0.1993 63 146 77 170
person 0.1375 154 153 170 176
person 0.1368 32 150 49 169
person 0.0525 25 149 39 169
person 0.0462 33 258 52 275
person 0.0330 21 149 31 168
person 0.0256 165 152 183 176
person 0.0250 158 163 169 176
person 0.0193 0 256 11 274
person 0.0158 0 155 10 169
person 0.0147 152 141 186 176
person 0.0140 132 161 147 176
person 0.0120 0 239 12 255
person 0.0099 0 242 12 273
person 0.0093 142 152 168 176
person 0.0090 152 137 171 175
person 0.0087 44 246 61 273
person 0.0084 28 246 55 275
person 0.0049 0 229 10 253
person 0.0043 46 147 56 170
person 0.0032 11 156 16 166
person 0.0030 25 247 42 274
person 0.0030 18 253 29 274
person 0.0029 134 155 159 176
person 0.0028 414 2 499 370
person 0.0025 0 143 6 155
person 0.0023 171 152 196 178
person 0.0022 171 158 184 177
person 0.0020 87 146 125 174
person 0.0019 38 137 56 169
person 0.0018 29 118 198 228
person 0.0017 18 246 36 274
person 0.0016 130 142 162 176
person 0.0016 126 136 143 159
person 0.0016 4 243 24 274
person 0.0013 105 145 119 172
person 0.0013 64 135 78 165
person 0.0012 153 179 251 361
person 0.0010 47 156 55 170
bus 0.8242 1 106 206 342
bus 0.0137 5 111 191 230
bus 0.0090 1 225 87 341
bus 0.0063 5 64 378 357
bus 0.0017 5 3 488 209
bus 0.0015 -1 108 207 161
bus 0.0015 0 64 118 114
