person 0.8757 209 155 381 234
person 0.0097 187 163 387 289
person 0.0015 207 175 319 231
chair 0.8864 186 130 226 199
chair 0.8637 418 124 479 216
chair 0.8422 245 115 283 166
chair 0.7685 278 124 297 167
chair 0.7515 369 114 405 131
chair 0.6835 347 131 400 205
chair 0.5966 309 117 346 159
chair 0.5597 295 121 316 158
chair 0.3421 0 197 57 356
chair 0.2450 308 118 327 154
chair 0.1989 258 115 275 140
chair 0.1147 420 123 465 164
chair 0.0972 279 123 342 167
chair 0.0695 292 123 305 158
chair 0.0391 347 131 398 162
chair 0.0383 404 163 424 201
chair 0.0257 370 116 406 145
chair 0.0139 188 160 225 195
chair 0.0134 388 115 405 132
chair 0.0111 479 241 499 311
chair 0.0102 312 117 324 128
chair 0.0094 403 151 453 202
chair 0.0084 349 131 397 146
chair 0.0082 419 167 473 214
chair 0.0074 402 132 425 202
chair 0.0065 488 242 499 263
chair 0.0055 245 117 258 165
chair 0.0046 369 116 387 131
chair 0.0045 394 147 408 205
chair 0.0041 186 133 199 197
chair 0.0039 346 131 363 159
chair 0.0035 417 152 451 165
chair 0.0034 292 132 425 206
chair 0.0034 188 174 198 197
chair 0.0032 449 123 465 159
chair 0.0024 271 140 286 166
chair 0.0021 382 130 422 147
chair 0.0020 296 121 309 132
chair 0.0020 346 142 361 158
chair 0.0019 278 123 292 139
chair 0.0019 444 105 462 151
chair 0.0019 254 139 284 166
chair 0.0018 327 127 371 144
chair 0.0018 8 188 117 298
chair 0.0017 462 125 479 165
chair 0.0017 245 116 258 142
chair 0.0016 186 131 197 166
chair 0.0014 343 144 351 161
chair 0.0014 369 118 379 132
chair 0.0012 407 158 425 188
chair 0.0011 266 127 286 166
chair 0.0011 373 141 402 203
sofa 0.8865 186 156 395 286
sofa 0.7467 0 198 57 354
sofa 0.1671 479 242 499 318
sofa 0.0536 223 162 345 199
sofa 0.0257 217 143 419 216
sofa 0.0045 489 242 499 263
sofa 0.0013 483 169 500 320
pottedplant 0.0201 444 104 481 161
pottedplant 0.0040 444 103 465 148
diningtable 0.6511 324 129 423 205
diningtable 0.2926 325 130 422 147
diningtable 0.0602 324 124 369 146
diningtable 0.0402 15 185 114 298
diningtable 0.0269 255 126 350 165
diningtable 0.0227 253 115 284 166
diningtable 0.0126 382 131 422 148
diningtable 0.0075 394 132 423 205
diningtable 0.0045 345 131 400 145
diningtable 0.0024 238 127 423 210
diningtable 0.0023 322 144 346 156
diningtable 0.0020 327 119 420 138
diningtable 0.0016 393 128 409 195
diningtable 0.0015 296 154 345 166
diningtable 0.0015 242 122 431 154
diningtable 0.0015 266 126 286 165
diningtable 0.0013 85 174 151 248
diningtable 0.0013 250 138 282 166
tvmonitor 0.9367 67 129 138 190
tvmonitor 0.0019 330 46 391 122
