person 0.1822 177 122 190 143
person 0.1649 447 158 454 177
person 0.0617 186 109 203 144
person 0.0371 93 131 99 142
person 0.0248 216 119 230 145
person 0.0233 209 114 215 125
person 0.0223 188 110 201 124
person 0.0132 152 111 167 142
person 0.0099 167 114 183 142
person 0.0082 97 131 102 140
person 0.0044 89 132 93 140
person 0.0040 175 136 183 143
person 0.0038 63 132 69 140
person 0.0028 476 161 481 171
person 0.0027 169 112 182 130
person 0.0026 182 131 191 144
person 0.0024 192 121 203 144
person 0.0021 208 113 217 142
person 0.0019 455 156 460 167
person 0.0015 429 327 466 373
person 0.0014 155 112 164 122
person 0.0013 174 113 181 124
person 0.0012 178 117 188 131
car 0.0040 324 139 355 148
train 0.5360 362 120 463 172
train 0.4637 4 85 365 196
train 0.1708 0 114 74 182
train 0.0199 265 120 453 176
train 0.0137 468 150 499 170
train 0.0060 440 122 499 171
train 0.0043 0 118 40 181
train 0.0025 103 85 282 198
train 0.0024 126 87 474 195
train 0.0022 293 143 367 178
train 0.0021 0 114 41 150
train 0.0020 0 157 64 182
train 0.0017 0 112 152 192
train 0.0012 -6 36 483 192
