person 0.0018 331 450 374 481
bird 0.9052 274 36 351 128
bird 0.8700 63 89 177 208
bird 0.8122 247 138 357 218
bird 0.8032 0 128 245 350
bird 0.7750 74 289 296 449
bird 0.7294 246 199 362 318
bird 0.5579 200 156 271 286
bird 0.3572 365 56 374 82
bird 0.0529 123 129 246 339
bird 0.0426 360 245 375 286
bird 0.0298 126 127 222 257
bird 0.0267 126 168 183 256
bird 0.0102 0 158 299 459
bird 0.0091 -1 248 139 353
bird 0.0086 364 247 374 274
bird 0.0066 195 142 359 314
bird 0.0039 236 49 246 56
bird 0.0029 -4 292 369 501
bird 0.0029 182 128 222 182
bird 0.0027 365 56 374 108
bird 0.0019 247 138 313 176
bird 0.0016 5 42 366 252
bird 0.0010 321 36 349 68
bird 0.0010 29 70 194 269
bottle 0.0023 257 0 272 18
chair 0.0063 0 307 206 499
