person 0.8534 243 236 284 356
person 0.8073 279 99 315 150
person 0.8050 360 109 390 144
person 0.7876 275 229 336 359
person 0.7312 321 115 354 146
person 0.6548 348 109 364 143
person 0.5719 269 209 340 289
person 0.0954 319 107 334 134
person 0.0507 494 92 499 144
person 0.0311 269 209 306 350
person 0.0248 0 64 77 129
person 0.0175 268 210 303 281
person 0.0174 310 110 334 145
person 0.0130 338 255 370 273
person 0.0102 496 92 499 114
person 0.0079 315 253 374 323
person 0.0070 0 65 78 309
person 0.0063 350 109 362 123
person 0.0057 348 99 361 121
person 0.0048 273 210 310 250
person 0.0039 482 91 499 146
person 0.0026 246 237 284 294
person 0.0022 284 229 336 303
person 0.0019 338 115 352 133
person 0.0018 489 104 499 147
person 0.0014 267 236 299 295
person 0.0014 293 229 337 273
person 0.0014 345 95 366 128
person 0.0012 337 116 354 142
person 0.0011 368 108 382 127
person 0.0011 0 256 20 305
person 0.0010 488 94 499 193
person 0.0010 360 118 364 127
person 0.0010 307 102 323 138
train 0.0235 1 1 498 56
train 0.0086 0 -2 496 374
train 0.0075 2 1 496 116
boat 0.2158 47 -6 484 287
boat 0.0219 0 64 77 129
boat 0.0016 0 1 338 194
dog 0.0330 340 254 370 273
bottle 0.0189 211 128 215 138
bottle 0.0010 368 241 389 303
chair 0.1592 187 132 218 149
chair 0.0492 319 233 340 268
chair 0.0203 336 238 391 304
chair 0.0077 217 137 252 147
chair 0.0060 278 231 340 275
chair 0.0058 310 132 326 146
chair 0.0055 302 229 340 267
chair 0.0052 314 256 374 323
chair 0.0048 214 141 282 153
chair 0.0042 289 256 383 371
chair 0.0030 336 238 371 272
chair 0.0027 323 131 351 144
chair 0.0026 231 127 250 139
chair 0.0023 213 135 280 149
chair 0.0021 269 295 295 334
chair 0.0015 310 111 334 146
chair 0.0015 171 132 218 159
chair 0.0013 289 235 391 324
chair 0.0011 183 133 262 153
chair 0.0011 340 236 391 265
