person 0.9399 283 41 419 350
person 0.9081 1 88 98 349
person 0.8505 99 89 178 292
person 0.8028 385 70 431 196
person 0.7699 425 105 479 205
person 0.6923 191 46 306 274
person 0.6077 477 113 499 137
person 0.5428 55 43 196 284
person 0.4109 176 73 204 118
person 0.3568 355 21 400 69
person 0.2599 358 37 430 197
person 0.2396 67 44 118 290
person 0.2046 190 107 242 250
person 0.1748 156 80 212 286
person 0.0980 356 21 421 121
person 0.0652 0 64 40 191
person 0.0520 422 109 445 148
person 0.0446 427 105 476 153
person 0.0315 57 45 119 178
person 0.0302 0 148 8 193
person 0.0294 384 63 419 126
person 0.0206 456 106 476 136
person 0.0176 165 74 203 145
person 0.0128 120 81 190 201
person 0.0112 0 194 12 208
person 0.0087 495 124 499 135
person 0.0070 382 42 429 337
person 0.0070 0 105 13 192
person 0.0069 460 121 476 136
person 0.0067 494 117 500 135
person 0.0054 87 186 111 295
person 0.0050 423 109 490 275
person 0.0049 139 72 195 269
person 0.0042 496 168 500 176
person 0.0040 0 150 16 194
person 0.0037 190 106 221 162
person 0.0034 25 42 121 223
person 0.0034 383 63 417 95
person 0.0033 475 110 500 180
person 0.0033 395 126 430 194
person 0.0030 82 120 112 311
person 0.0030 93 102 114 278
person 0.0023 494 168 499 180
person 0.0022 171 97 199 197
person 0.0022 0 71 21 191
person 0.0021 110 182 177 351
person 0.0021 4 136 39 184
person 0.0015 188 42 399 349
person 0.0012 480 113 491 127
person 0.0012 100 78 252 288
person 0.0012 147 105 189 205
person 0.0011 495 114 500 126
person 0.0011 86 243 113 296
person 0.0011 434 105 473 136
person 0.0010 312 21 398 69
chair 0.7683 401 194 487 350
chair 0.5277 49 234 289 351
chair 0.1443 470 173 499 217
chair 0.1370 483 172 499 213
chair 0.0558 463 164 500 275
chair 0.0379 463 219 499 277
chair 0.0366 200 233 289 350
chair 0.0350 452 151 478 206
chair 0.0206 200 233 242 283
chair 0.0188 173 102 198 144
chair 0.0177 424 153 460 206
chair 0.0173 491 170 499 203
chair 0.0149 473 145 499 201
chair 0.0087 450 151 495 230
chair 0.0084 435 149 499 275
chair 0.0081 291 193 485 350
chair 0.0073 0 207 19 222
chair 0.0064 0 188 32 350
chair 0.0041 460 202 499 345
chair 0.0039 0 183 13 208
chair 0.0035 49 274 228 351
chair 0.0033 422 116 442 155
chair 0.0029 477 126 499 137
chair 0.0028 463 222 500 249
chair 0.0027 94 183 113 248
chair 0.0025 489 177 500 225
chair 0.0023 0 187 18 222
chair 0.0022 382 194 435 348
chair 0.0021 471 188 499 228
chair 0.0011 0 183 27 230
chair 0.0010 494 126 500 136
diningtable 0.0240 475 136 499 148
diningtable 0.0144 471 141 499 204
diningtable 0.0084 0 186 33 349
diningtable 0.0027 0 188 18 223
diningtable 0.0021 402 193 488 349
diningtable 0.0020 0 207 17 217
diningtable 0.0016 473 139 499 176
diningtable 0.0012 463 216 499 248
diningtable 0.0010 0 183 30 230
