cat 0.0014 6 56 45 77
dog 0.0014 5 56 46 77
chair 0.0336 0 192 31 371
chair 0.0131 51 113 111 191
chair 0.0089 112 45 142 113
chair 0.0038 0 131 27 258
chair 0.0037 3 104 112 188
chair 0.0032 0 57 45 107
chair 0.0032 0 103 38 174
chair 0.0028 32 103 89 161
sofa 0.9194 77 19 486 366
sofa 0.6154 0 132 31 371
sofa 0.0046 0 131 27 256
sofa 0.0029 0 103 111 189
sofa 0.0026 0 58 45 107
sofa 0.0015 0 102 58 180
sofa 0.0013 89 21 488 122
sofa 0.0010 0 251 31 374
tvmonitor 0.0416 38 0 116 44
tvmonitor 0.0157 0 23 13 65
tvmonitor 0.0080 113 49 139 111
