person 0.8770 0 221 222 370
person 0.1013 286 112 317 168
person 0.0296 1 59 12 82
person 0.0255 256 114 274 166
person 0.0156 8 225 469 367
person 0.0089 15 6 482 372
person 0.0069 0 56 16 98
person 0.0065 45 47 90 103
person 0.0049 0 59 4 81
person 0.0019 181 50 197 72
person 0.0010 257 111 318 169
bottle 0.1071 212 234 332 369
bottle 0.0786 236 263 309 370
bottle 0.0090 145 232 382 370
bottle 0.0049 154 270 216 345
chair 0.0081 0 246 64 307
chair 0.0021 0 277 176 370
tvmonitor 0.7581 100 5 495 320
tvmonitor 0.0021 0 36 39 101
tvmonitor 0.0012 460 2 499 305
tvmonitor 0.0010 482 48 499 311
