person 0.0026 106 161 124 174
person 0.0022 386 78 394 100
person 0.0019 376 75 391 93
person 0.0018 376 83 382 93
person 0.0014 163 153 193 179
person 0.0014 396 222 406 242
person 0.0013 351 81 357 91
person 0.0011 250 153 283 168
car 0.9624 22 125 487 329
car 0.1260 475 82 499 99
car 0.0340 395 82 412 92
car 0.0238 492 83 499 99
car 0.0211 355 74 412 95
car 0.0140 493 89 499 99
car 0.0065 381 74 412 93
car 0.0043 492 83 500 90
car 0.0043 355 87 373 99
car 0.0038 354 82 386 100
car 0.0025 402 81 412 88
car 0.0015 495 26 499 38
car 0.0014 13 228 490 329
car 0.0012 370 78 399 93
car 0.0012 403 91 423 97
motorbike 0.0160 355 74 412 96
bird 0.0424 233 109 246 126
bird 0.0324 172 102 178 107
bird 0.0291 215 94 221 101
bird 0.0291 167 92 174 99
bird 0.0077 201 81 227 101
bird 0.0077 214 93 224 101
bird 0.0061 261 97 267 103
bird 0.0038 205 80 209 88
bird 0.0034 38 62 45 68
bird 0.0021 305 99 314 106
bird 0.0016 232 109 273 130
bird 0.0015 201 79 209 88
bird 0.0014 397 222 406 242
bird 0.0012 213 86 227 101
bird 0.0011 118 91 128 97
