person 0.0336 92 147 108 167
person 0.0292 131 142 151 172
person 0.0240 137 141 152 165
person 0.0175 137 142 164 173
person 0.0126 58 146 72 166
person 0.0100 162 143 179 173
person 0.0061 343 125 353 133
person 0.0055 347 126 354 133
person 0.0046 143 141 162 164
person 0.0042 130 152 146 173
person 0.0038 59 142 81 166
person 0.0038 273 125 279 147
person 0.0034 92 138 124 167
person 0.0032 33 146 51 165
person 0.0030 399 126 406 139
person 0.0029 341 124 357 151
person 0.0029 393 125 404 149
person 0.0026 396 125 403 137
person 0.0025 161 141 192 175
person 0.0024 146 145 171 175
person 0.0022 331 125 338 132
person 0.0020 27 89 39 115
person 0.0016 332 126 339 147
person 0.0016 328 125 338 134
person 0.0014 289 172 305 218
person 0.0012 74 146 108 167
person 0.0012 176 143 191 172
person 0.0012 147 141 157 155
person 0.0012 358 129 370 150
person 0.0011 169 143 185 173
person 0.0011 179 143 191 159
person 0.0010 319 125 337 149
car 0.0015 365 127 405 150
car 0.0012 343 125 355 134
car 0.0012 318 124 358 135
car 0.0012 318 122 361 152
car 0.0011 317 125 336 134
bus 0.9150 0 114 211 237
train 0.0197 0 115 210 239
train 0.0129 307 104 496 153
train 0.0046 5 98 498 161
train 0.0044 394 126 499 178
train 0.0024 4 113 498 232
train 0.0012 376 65 499 111
boat 0.0087 317 126 329 132
boat 0.0065 317 125 336 132
boat 0.0045 316 124 359 133
boat 0.0017 397 126 498 160
boat 0.0011 342 125 355 133
boat 0.0010 316 120 360 143
