person 0.0185 485 209 499 245
person 0.0071 354 73 373 104
person 0.0056 491 210 500 229
person 0.0013 487 225 499 242
person 0.0010 73 0 100 25
bird 0.0023 114 247 123 255
bottle 0.0023 189 214 218 262
bottle 0.0021 162 223 189 262
bottle 0.0010 216 230 247 259
chair 0.0527 445 310 500 362
chair 0.0319 0 162 43 278
chair 0.0150 1 346 231 372
chair 0.0029 0 188 38 254
chair 0.0017 0 163 45 195
sofa 0.0380 0 163 43 277
sofa 0.0028 0 161 44 218
diningtable 0.0010 6 235 491 368
tvmonitor 0.8892 215 148 343 236
tvmonitor 0.8748 47 144 147 222
tvmonitor 0.8420 342 131 481 243
tvmonitor 0.0274 474 168 499 265
tvmonitor 0.0118 484 167 499 203
tvmonitor 0.0050 326 57 407 119
tvmonitor 0.0026 472 242 499 314
