person 0.8600 39 58 353 369
person 0.0813 433 94 483 170
person 0.0498 433 93 459 139
person 0.0031 487 135 500 171
person 0.0013 15 106 33 124
person 0.0012 433 46 499 170
car 0.1087 4 154 404 370
car 0.0493 0 123 51 145
car 0.0126 10 69 180 140
car 0.0093 20 105 167 140
car 0.0076 13 105 78 138
car 0.0074 48 111 89 140
car 0.0051 57 109 132 139
car 0.0041 0 100 55 144
car 0.0018 70 81 170 137
car 0.0018 0 56 217 367
car 0.0015 14 106 54 124
car 0.0012 2 60 261 159
train 0.0034 6 35 499 369
boat 0.0040 245 9 498 372
chair 0.0941 311 228 398 370
chair 0.0283 64 162 113 177
chair 0.0061 390 191 499 371
chair 0.0036 0 172 188 334
sofa 0.0010 1 296 224 371
