person 0.5710 31 151 40 185
person 0.4421 39 155 48 185
person 0.0759 494 181 500 236
person 0.0607 449 149 462 171
person 0.0604 483 146 499 192
person 0.0482 495 179 500 209
person 0.0359 465 133 474 146
person 0.0313 449 148 472 196
person 0.0270 448 173 466 200
person 0.0225 491 154 500 236
person 0.0138 44 157 53 184
person 0.0131 492 138 500 193
person 0.0102 494 160 500 204
person 0.0101 450 149 462 161
person 0.0084 31 151 38 165
person 0.0071 427 164 443 187
person 0.0056 486 134 499 146
person 0.0046 265 135 334 212
person 0.0044 411 156 419 196
person 0.0043 11 137 32 167
person 0.0040 449 155 458 171
person 0.0038 405 148 420 195
person 0.0037 483 149 500 235
person 0.0032 40 155 47 169
person 0.0031 0 158 6 172
person 0.0024 0 155 12 172
person 0.0022 38 153 45 167
person 0.0022 449 157 465 190
person 0.0020 495 222 499 235
person 0.0019 412 155 419 173
person 0.0018 253 110 290 151
person 0.0016 15 146 30 168
person 0.0016 345 120 365 142
person 0.0016 489 173 499 203
person 0.0015 251 108 270 138
person 0.0015 257 117 301 198
person 0.0015 406 160 416 194
person 0.0015 302 116 325 143
person 0.0010 449 158 460 180
person 0.0010 403 146 419 172
bicycle 0.0013 302 133 361 192
car 0.7637 0 142 40 224
car 0.0485 0 135 47 148
car 0.0347 448 172 467 198
car 0.0167 449 148 480 196
car 0.0135 63 205 74 251
car 0.0069 0 136 47 176
car 0.0048 101 255 194 301
car 0.0014 37 156 49 186
car 0.0013 459 138 499 190
car 0.0012 298 133 349 185
car 0.0011 422 162 467 198
bird 0.0015 426 13 437 28
chair 0.1367 483 144 499 192
chair 0.1094 486 134 499 147
chair 0.0412 485 134 500 161
chair 0.0327 450 147 479 195
chair 0.0320 462 146 478 173
chair 0.0308 462 147 477 160
chair 0.0264 479 146 494 175
chair 0.0212 493 160 499 192
chair 0.0174 465 133 474 146
chair 0.0109 449 147 477 174
chair 0.0082 491 137 500 185
chair 0.0080 464 134 475 155
chair 0.0067 476 138 500 180
chair 0.0064 479 145 491 159
chair 0.0050 449 155 469 189
chair 0.0034 486 167 499 193
chair 0.0034 263 133 333 221
chair 0.0030 467 147 482 194
chair 0.0030 493 155 499 178
chair 0.0025 495 174 499 193
chair 0.0024 494 143 500 162
chair 0.0024 449 145 465 157
chair 0.0024 452 156 473 172
chair 0.0022 479 144 490 152
chair 0.0016 475 145 486 160
diningtable 0.0119 480 145 499 193
tvmonitor 0.0010 0 73 7 103
