person 0.9150 95 42 303 454
person 0.0014 184 43 351 441
bottle 0.1047 350 162 373 211
bottle 0.0601 348 115 372 161
bottle 0.0304 304 261 334 303
bottle 0.0225 339 164 353 198
bottle 0.0160 330 153 344 179
bottle 0.0116 297 106 331 164
bottle 0.0083 322 139 334 176
bottle 0.0082 301 73 340 122
bottle 0.0081 322 132 342 178
bottle 0.0069 274 241 302 288
bottle 0.0063 320 64 374 196
bottle 0.0062 311 249 343 291
bottle 0.0062 275 239 334 325
bottle 0.0057 315 218 349 261
bottle 0.0056 298 266 334 332
bottle 0.0054 318 83 341 125
bottle 0.0049 340 163 353 184
bottle 0.0040 295 75 343 165
bottle 0.0037 340 51 375 109
bottle 0.0030 321 98 345 178
bottle 0.0025 280 223 314 261
bottle 0.0025 336 113 353 143
bottle 0.0024 333 139 360 199
bottle 0.0024 341 179 353 199
bottle 0.0023 304 91 320 118
bottle 0.0022 366 125 374 168
bottle 0.0020 344 112 374 201
bottle 0.0019 299 129 311 155
bottle 0.0018 368 93 375 112
bottle 0.0018 350 80 367 106
bottle 0.0017 292 249 311 269
bottle 0.0016 174 159 191 187
bottle 0.0016 331 99 353 144
bottle 0.0015 332 264 345 279
bottle 0.0014 295 33 363 154
bottle 0.0012 351 162 370 184
bottle 0.0011 357 80 374 109
bottle 0.0011 311 219 348 293
bottle 0.0011 286 234 313 270
bottle 0.0011 327 89 341 128
bottle 0.0011 347 78 359 103
chair 0.6835 190 277 310 426
chair 0.1972 299 408 374 499
chair 0.0190 189 174 361 428
chair 0.0051 151 152 192 200
chair 0.0034 138 37 359 459
chair 0.0025 229 39 312 60
chair 0.0013 94 145 306 449
chair 0.0012 0 333 8 408
chair 0.0011 322 0 374 44
diningtable 0.5093 0 144 191 295
diningtable 0.0802 0 142 193 470
diningtable 0.0018 34 146 177 221
diningtable 0.0017 15 213 194 294
diningtable 0.0015 0 55 182 227
