person 0.0032 328 119 369 159
cat 0.4645 96 171 135 230
cat 0.0845 204 167 237 234
cat 0.0147 324 4 362 54
dog 0.1575 95 170 135 229
bottle 0.1359 45 209 52 226
bottle 0.0797 62 206 68 224
bottle 0.0604 4 73 16 95
bottle 0.0596 70 206 75 221
bottle 0.0594 52 206 61 224
bottle 0.0523 16 133 26 150
bottle 0.0409 52 216 60 224
bottle 0.0366 23 133 30 149
bottle 0.0214 48 156 57 174
bottle 0.0117 40 208 46 230
bottle 0.0065 0 130 10 150
bottle 0.0057 206 167 236 234
bottle 0.0054 243 107 250 122
bottle 0.0047 29 208 39 231
bottle 0.0014 64 204 70 221
chair 0.9021 83 209 184 331
chair 0.8610 285 169 369 271
chair 0.4208 401 293 499 331
chair 0.1597 432 268 500 313
chair 0.0491 431 180 499 320
chair 0.0464 0 190 35 319
chair 0.0351 101 208 143 228
chair 0.0255 36 180 78 230
chair 0.0120 1 171 85 243
chair 0.0075 456 294 499 331
chair 0.0053 162 302 369 330
chair 0.0048 0 295 4 322
chair 0.0025 0 295 10 322
chair 0.0022 399 230 500 333
chair 0.0022 264 171 370 328
chair 0.0017 136 105 195 211
chair 0.0017 0 185 33 193
chair 0.0014 81 205 288 329
chair 0.0011 97 208 164 267
sofa 0.3112 401 293 500 331
sofa 0.0422 427 268 499 317
sofa 0.0096 398 109 499 277
sofa 0.0041 416 180 500 320
sofa 0.0040 456 294 499 331
sofa 0.0020 282 170 369 271
pottedplant 0.7254 220 145 303 276
pottedplant 0.0394 431 41 456 113
pottedplant 0.0062 478 46 500 108
pottedplant 0.0057 221 147 368 295
pottedplant 0.0051 327 120 369 159
pottedplant 0.0035 407 42 457 114
pottedplant 0.0022 324 3 361 55
diningtable 0.8939 160 237 369 329
diningtable 0.3726 0 190 36 270
diningtable 0.1970 0 190 35 230
diningtable 0.0345 0 171 83 241
diningtable 0.0154 0 190 27 212
diningtable 0.0146 0 169 83 186
diningtable 0.0038 0 186 58 233
diningtable 0.0014 161 292 371 330
diningtable 0.0013 114 174 376 330
tvmonitor 0.0120 462 181 499 270
tvmonitor 0.0064 433 178 499 303
