person 0.0307 310 149 317 159
person 0.0184 382 164 387 173
person 0.0177 161 189 166 202
person 0.0073 309 149 317 168
person 0.0034 429 205 433 212
person 0.0013 160 190 170 208
person 0.0013 429 204 434 218
person 0.0012 163 188 168 196
person 0.0010 166 186 171 199
car 0.6466 483 205 500 217
car 0.0414 185 195 209 210
car 0.0241 492 205 500 216
car 0.0215 495 211 500 218
car 0.0166 480 184 486 192
car 0.0123 184 197 195 210
car 0.0078 146 197 166 207
car 0.0049 185 187 198 195
car 0.0023 494 187 499 192
car 0.0020 168 195 195 210
car 0.0015 415 166 426 171
car 0.0015 475 183 486 192
car 0.0014 146 189 168 203
car 0.0013 377 161 387 166
car 0.0012 482 184 499 193
car 0.0012 184 206 196 216
car 0.0011 145 192 173 209
car 0.0011 0 174 8 180
car 0.0011 147 194 209 215
car 0.0010 382 160 388 166
train 0.9116 205 141 420 232
train 0.0555 0 173 152 230
train 0.0188 305 152 375 168
train 0.0044 466 162 500 195
train 0.0040 389 202 413 220
train 0.0026 3 152 422 236
train 0.0018 384 200 428 221
train 0.0016 300 153 434 169
train 0.0014 0 173 64 227
