person 0.9512 306 63 499 329
person 0.9332 1 88 162 318
person 0.0035 445 51 472 95
boat 0.0031 4 288 364 329
bottle 0.7391 180 301 200 332
bottle 0.6901 33 266 69 332
bottle 0.6148 166 311 187 332
bottle 0.5111 124 306 144 332
bottle 0.4318 102 311 130 332
bottle 0.3865 95 305 108 332
bottle 0.3543 157 309 173 332
bottle 0.3396 117 301 128 322
bottle 0.3096 72 311 98 332
bottle 0.2938 57 306 74 332
bottle 0.2613 141 310 165 332
bottle 0.2057 0 295 20 332
bottle 0.1346 0 273 38 332
bottle 0.1103 75 311 89 324
bottle 0.0793 103 311 119 331
bottle 0.0790 258 314 276 332
bottle 0.0636 144 317 171 332
bottle 0.0501 17 280 38 332
bottle 0.0367 77 314 93 325
bottle 0.0279 121 304 131 320
bottle 0.0244 406 250 445 298
bottle 0.0227 27 263 44 313
bottle 0.0212 104 308 116 323
bottle 0.0210 71 323 98 332
bottle 0.0190 34 263 50 310
bottle 0.0172 144 320 161 332
bottle 0.0169 0 312 6 333
bottle 0.0162 0 257 4 285
bottle 0.0147 158 308 170 323
bottle 0.0126 103 323 130 332
bottle 0.0122 86 305 136 331
bottle 0.0091 0 263 39 306
bottle 0.0080 128 323 139 333
bottle 0.0076 159 322 172 332
bottle 0.0072 122 318 138 332
bottle 0.0069 126 304 138 318
bottle 0.0055 34 304 70 332
bottle 0.0051 23 286 37 318
bottle 0.0050 83 315 93 324
bottle 0.0050 27 276 39 322
bottle 0.0050 140 314 158 325
bottle 0.0047 97 305 108 316
bottle 0.0046 34 263 47 292
bottle 0.0044 0 272 27 303
bottle 0.0040 18 307 38 332
bottle 0.0040 0 298 8 331
bottle 0.0036 16 274 28 312
bottle 0.0033 22 263 45 293
bottle 0.0027 31 268 40 293
bottle 0.0024 44 265 67 289
bottle 0.0020 22 264 38 311
bottle 0.0020 0 271 3 285
bottle 0.0019 23 281 30 311
bottle 0.0019 87 306 99 324
bottle 0.0016 167 311 179 323
bottle 0.0014 178 317 188 332
bottle 0.0014 103 305 111 313
bottle 0.0013 168 322 186 332
bottle 0.0011 0 263 68 331
bottle 0.0011 0 233 18 333
bottle 0.0010 0 322 5 332
bottle 0.0010 0 225 8 323
bottle 0.0010 326 323 341 332
pottedplant 0.0025 148 171 196 271
tvmonitor 0.5521 1 0 494 328
tvmonitor 0.0391 3 0 499 64
tvmonitor 0.0022 1 0 500 153
