person 0.1428 288 53 323 89
person 0.1124 260 50 293 91
person 0.0320 178 56 217 99
person 0.0229 288 56 345 97
person 0.0220 294 65 307 84
person 0.0199 265 54 321 95
person 0.0164 272 52 299 88
person 0.0162 310 51 348 88
person 0.0140 203 59 236 97
person 0.0064 281 53 311 85
person 0.0063 224 48 291 95
person 0.0037 199 60 218 94
person 0.0031 176 62 191 101
person 0.0019 280 52 291 76
person 0.0018 287 64 310 93
person 0.0013 178 57 205 85
person 0.0011 291 64 336 88
person 0.0010 215 51 239 93
car 0.9636 86 15 448 260
car 0.0040 109 32 155 78
