person 0.0846 149 138 159 151
person 0.0486 236 138 245 152
person 0.0471 164 223 175 248
person 0.0150 85 204 118 251
person 0.0051 433 80 441 87
person 0.0025 78 205 142 244
car 0.0024 79 204 149 224
car 0.0021 125 207 149 223
aeroplane 0.8715 17 78 496 246
aeroplane 0.5637 462 61 499 170
aeroplane 0.0452 237 100 404 150
aeroplane 0.0403 410 60 499 170
aeroplane 0.0359 242 82 487 151
aeroplane 0.0182 405 79 441 87
aeroplane 0.0058 406 60 499 95
aeroplane 0.0037 463 60 499 99
aeroplane 0.0035 406 85 465 125
aeroplane 0.0032 242 100 285 121
aeroplane 0.0030 410 85 468 102
aeroplane 0.0028 325 58 500 171
aeroplane 0.0016 10 76 498 155
aeroplane 0.0016 405 77 457 91
aeroplane 0.0015 209 99 281 125
aeroplane 0.0014 85 202 149 225
aeroplane 0.0013 464 144 499 171
aeroplane 0.0011 281 119 400 153
