person 0.9391 228 29 421 371
person 0.9185 417 177 499 363
person 0.8929 93 90 266 371
person 0.1677 58 74 104 136
person 0.0841 427 271 498 371
person 0.0337 56 75 106 202
person 0.0260 96 68 144 142
person 0.0094 0 81 17 124
person 0.0037 0 86 17 172
person 0.0031 90 78 119 137
person 0.0025 94 74 145 201
person 0.0024 0 80 35 181
person 0.0023 55 82 124 257
person 0.0020 0 80 31 131
person 0.0017 89 106 115 137
person 0.0017 486 249 499 279
chair 0.1333 77 139 133 275
chair 0.0676 426 271 498 371
chair 0.0206 0 144 7 170
chair 0.0195 0 143 19 202
chair 0.0134 116 143 133 199
chair 0.0107 0 131 31 206
chair 0.0106 409 318 429 374
chair 0.0090 36 133 112 266
chair 0.0065 52 135 84 258
chair 0.0050 77 138 119 216
chair 0.0039 77 134 100 206
chair 0.0037 78 170 126 344
chair 0.0030 78 202 126 281
chair 0.0028 0 148 18 258
chair 0.0026 106 142 134 212
chair 0.0021 0 145 9 200
chair 0.0020 0 133 37 259
chair 0.0019 0 128 66 216
chair 0.0019 486 249 499 279
chair 0.0019 0 135 121 366
chair 0.0018 413 291 437 370
chair 0.0017 0 169 19 208
chair 0.0016 0 139 19 174
chair 0.0013 230 274 247 305
sofa 0.0457 424 270 499 370
diningtable 0.0022 87 281 465 371
