person 0.3799 313 298 323 313
person 0.0265 347 302 356 311
person 0.0162 343 301 353 311
person 0.0088 74 304 79 317
person 0.0060 457 296 462 311
person 0.0052 66 304 72 314
person 0.0048 493 277 499 309
person 0.0032 495 292 499 309
person 0.0020 336 299 360 311
person 0.0017 462 296 466 310
person 0.0016 331 294 336 301
person 0.0015 448 298 453 311
person 0.0015 323 300 346 311
person 0.0015 311 294 317 302
person 0.0015 167 311 172 320
person 0.0013 388 293 394 301
car 0.9152 311 297 386 328
car 0.8732 447 308 499 332
car 0.0406 344 290 368 299
car 0.0100 66 303 72 314
car 0.0098 479 309 499 327
car 0.0030 491 309 499 318
car 0.0022 495 303 499 311
car 0.0016 494 291 499 309
car 0.0012 366 297 387 317
car 0.0011 487 310 499 323
car 0.0011 382 298 405 315
car 0.0011 340 295 370 310
pottedplant 0.0101 117 76 179 144
pottedplant 0.0060 406 283 424 314
pottedplant 0.0034 149 79 179 143
pottedplant 0.0024 149 80 179 107
pottedplant 0.0017 168 261 264 325
pottedplant 0.0014 262 315 273 328
pottedplant 0.0010 83 285 119 322
tvmonitor 0.0077 176 63 198 89
