person 0.0080 1 2 292 268
person 0.0035 293 -12 494 371
bottle 0.8802 231 14 305 336
bottle 0.8212 150 101 251 334
bottle 0.5566 296 67 348 307
bottle 0.0355 2 278 489 367
bottle 0.0208 151 176 197 326
bottle 0.0173 14 71 486 374
bottle 0.0153 209 180 250 335
bottle 0.0151 0 9 64 359
bottle 0.0049 0 262 63 365
bottle 0.0043 298 69 315 185
bottle 0.0043 288 2 499 332
bottle 0.0035 109 94 368 350
bottle 0.0035 33 239 163 365
bottle 0.0028 182 159 250 350
bottle 0.0024 138 216 152 264
bottle 0.0018 179 102 217 163
bottle 0.0017 174 12 348 260
bottle 0.0016 239 27 253 104
bottle 0.0016 300 163 348 344
bottle 0.0013 83 1 169 93
bottle 0.0010 298 67 340 193
diningtable 0.0193 -8 66 516 379
diningtable 0.0164 1 306 490 369
diningtable 0.0087 235 334 499 370
diningtable 0.0043 0 2 301 271
diningtable 0.0041 239 2 498 352
diningtable 0.0032 3 200 492 364
