person 0.8206 228 372 257 411
person 0.7579 199 377 230 417
person 0.0051 228 385 243 410
person 0.0040 242 373 257 407
person 0.0040 189 388 202 414
person 0.0037 187 400 194 413
person 0.0022 215 381 231 404
person 0.0018 234 360 243 372
person 0.0018 236 408 249 421
person 0.0017 229 359 246 386
person 0.0016 228 373 274 425
person 0.0014 201 399 229 419
person 0.0012 229 374 240 387
person 0.0011 215 386 237 408
person 0.0010 185 396 197 413
car 0.0017 42 316 66 327
boat 0.6588 176 386 279 452
boat 0.5093 177 18 322 469
boat 0.0107 233 30 324 384
boat 0.0047 175 325 321 451
boat 0.0024 0 14 328 474
