person 0.9510 235 163 499 370
person 0.9242 7 88 288 371
person 0.7509 425 60 480 141
person 0.6913 375 62 428 139
person 0.0601 2 164 82 370
person 0.0167 363 43 489 146
person 0.0142 3 34 498 374
person 0.0089 376 62 419 104
person 0.0032 43 47 49 63
person 0.0026 47 47 53 63
person 0.0023 383 294 500 366
person 0.0021 90 12 96 20
person 0.0017 10 159 150 375
person 0.0011 346 116 377 161
person 0.0011 14 6 500 192
bird 0.1710 72 177 149 369
dog 0.4453 71 177 154 372
dog 0.0450 7 166 236 372
bottle 0.0016 87 132 125 219
chair 0.0728 1 166 75 372
chair 0.0127 419 340 499 373
chair 0.0096 381 300 498 372
chair 0.0035 0 161 67 254
sofa 0.1797 0 162 72 370
sofa 0.1697 3 160 285 372
sofa 0.0144 -6 234 505 371
sofa 0.0043 0 162 67 253
pottedplant 0.0072 490 141 499 167
pottedplant 0.0061 85 97 128 142
pottedplant 0.0029 487 272 499 317
diningtable 0.0013 384 329 499 372
diningtable 0.0010 215 335 242 374
tvmonitor 0.9376 354 40 499 167
tvmonitor 0.0039 487 47 500 144
tvmonitor 0.0014 370 143 495 168
tvmonitor 0.0011 375 0 486 41
