person 0.0028 28 162 44 201
person 0.0027 174 153 184 165
person 0.0025 168 154 178 164
person 0.0018 78 150 85 165
person 0.0018 320 139 328 152
person 0.0017 311 142 322 157
person 0.0016 166 152 183 166
person 0.0014 312 140 331 157
car 0.9127 274 139 336 183
car 0.9039 216 145 280 189
car 0.8680 148 149 227 192
car 0.6798 135 163 162 200
car 0.5806 66 160 161 207
car 0.3528 68 170 90 208
car 0.0357 473 145 499 168
car 0.0246 473 125 499 146
car 0.0216 197 149 227 191
car 0.0200 425 133 443 143
car 0.0146 472 126 500 165
car 0.0090 487 226 499 275
car 0.0082 267 141 287 154
car 0.0078 496 187 499 195
car 0.0066 422 142 498 187
car 0.0048 344 129 357 143
car 0.0048 488 250 499 276
car 0.0038 494 180 500 196
car 0.0028 68 150 226 201
car 0.0027 475 122 500 132
car 0.0024 145 150 188 191
car 0.0023 424 133 443 152
car 0.0022 347 143 383 164
car 0.0020 492 148 499 167
car 0.0018 493 245 500 270
car 0.0018 473 165 499 198
car 0.0014 305 128 357 147
car 0.0013 473 137 497 153
car 0.0013 493 144 499 155
car 0.0013 489 125 500 130
car 0.0013 267 148 279 156
car 0.0013 253 140 278 153
car 0.0012 420 140 499 277
car 0.0012 137 160 150 169
car 0.0011 302 138 330 153
car 0.0010 365 141 383 163
pottedplant 0.2437 0 143 19 187
pottedplant 0.0146 0 145 9 186
pottedplant 0.0093 0 97 21 188
pottedplant 0.0073 0 170 7 188
