cat 0.8599 48 69 375 499
cat 0.7053 0 300 177 393
cat 0.0079 163 58 355 435
cat 0.0051 40 282 375 500
cat 0.0026 45 386 157 497
cat 0.0016 33 387 268 499
cat 0.0013 136 351 373 499
bottle 0.1217 298 6 324 64
bottle 0.1036 276 10 301 63
bottle 0.0213 300 0 321 9
bottle 0.0085 280 0 300 12
bottle 0.0068 213 62 257 97
bottle 0.0053 320 5 351 61
bottle 0.0042 330 20 374 63
bottle 0.0035 213 77 228 96
bottle 0.0034 347 0 374 19
bottle 0.0029 299 2 324 30
bottle 0.0027 233 0 279 23
bottle 0.0020 320 0 327 11
bottle 0.0020 227 5 270 63
bottle 0.0017 276 0 323 63
bottle 0.0012 209 1 234 91
bottle 0.0012 324 0 346 16
bottle 0.0011 353 0 361 4
bottle 0.0010 327 0 363 15
chair 0.0201 42 110 176 167
chair 0.0096 117 253 184 333
chair 0.0092 2 138 184 318
chair 0.0044 214 62 322 97
chair 0.0021 213 62 257 97
chair 0.0015 3 4 205 266
chair 0.0011 0 415 137 499
sofa 0.1582 1 110 184 328
sofa 0.0284 2 106 373 331
sofa 0.0129 42 110 178 169
sofa 0.0038 15 104 372 208
sofa 0.0018 0 415 137 499
sofa 0.0011 10 135 180 252
diningtable 0.0048 214 59 375 95
