person 0.0613 405 319 424 354
person 0.0609 443 330 468 356
person 0.0183 356 327 382 353
person 0.0060 343 319 375 352
person 0.0028 389 258 397 274
person 0.0026 341 321 361 352
person 0.0019 356 338 374 353
person 0.0018 367 330 384 353
person 0.0012 417 326 442 354
person 0.0012 160 354 179 372
person 0.0011 211 335 235 371
person 0.0011 366 320 390 353
person 0.0011 169 338 206 372
car 0.0262 94 355 128 372
car 0.0108 5 351 40 372
car 0.0064 63 355 127 372
car 0.0011 63 357 95 372
bus 0.8355 295 293 494 370
bus 0.0055 340 252 370 270
bus 0.0033 166 245 377 275
bus 0.0013 164 242 494 365
bus 0.0010 167 249 266 271
train 0.1964 166 243 494 272
train 0.0042 295 292 494 372
train 0.0021 168 247 247 273
train 0.0011 168 247 326 273
