person 0.8720 446 1 499 157
person 0.0556 480 206 499 225
person 0.0320 454 206 499 328
person 0.0217 480 207 499 254
person 0.0117 0 271 3 282
person 0.0073 387 292 499 331
person 0.0059 482 108 500 228
person 0.0032 452 97 500 331
person 0.0032 494 208 499 226
person 0.0029 465 109 499 225
person 0.0024 477 2 500 152
person 0.0020 481 166 500 231
person 0.0017 406 210 498 326
person 0.0015 458 0 499 97
person 0.0013 0 253 5 283
person 0.0011 479 0 500 22
person 0.0010 471 0 499 70
bottle 0.9120 180 85 208 177
bottle 0.8848 287 88 314 184
bottle 0.1639 278 124 286 156
bottle 0.0136 189 0 198 13
bottle 0.0108 181 85 200 130
bottle 0.0085 278 126 287 173
bottle 0.0070 284 124 294 154
bottle 0.0062 204 130 222 168
bottle 0.0043 190 104 206 130
bottle 0.0018 293 88 309 125
bottle 0.0017 275 122 291 159
bottle 0.0015 291 86 312 143
chair 0.9018 239 31 312 122
chair 0.8440 9 4 104 168
chair 0.6176 0 80 40 162
chair 0.5908 46 287 311 331
chair 0.5784 0 150 15 182
chair 0.5712 171 278 312 331
chair 0.3612 0 228 56 295
chair 0.3525 454 299 499 332
chair 0.3264 0 155 54 295
chair 0.2327 451 213 499 330
chair 0.1081 0 1 61 164
chair 0.1000 169 12 220 114
chair 0.0879 12 93 95 167
chair 0.0839 19 233 312 330
chair 0.0652 463 299 499 318
chair 0.0616 0 111 19 161
chair 0.0445 47 6 103 108
chair 0.0440 0 81 39 109
chair 0.0341 491 107 499 143
chair 0.0341 393 213 499 331
chair 0.0255 469 313 499 331
chair 0.0232 0 228 86 330
chair 0.0211 0 47 39 110
chair 0.0146 382 292 494 332
chair 0.0124 0 148 20 280
chair 0.0105 0 230 175 330
chair 0.0096 0 168 9 189
chair 0.0089 0 152 42 242
chair 0.0087 0 228 40 271
chair 0.0086 441 129 500 330
chair 0.0084 0 146 93 313
chair 0.0070 482 210 499 255
chair 0.0065 376 127 499 331
chair 0.0062 0 271 3 282
chair 0.0050 23 0 64 89
chair 0.0045 0 150 16 220
chair 0.0045 0 0 45 94
chair 0.0043 0 77 8 85
chair 0.0040 446 1 499 157
chair 0.0036 487 75 499 145
chair 0.0032 0 70 43 238
chair 0.0030 0 224 40 237
chair 0.0027 14 0 97 95
chair 0.0023 482 103 499 144
chair 0.0023 126 258 302 326
chair 0.0023 0 269 10 331
chair 0.0022 -2 31 60 282
chair 0.0020 451 102 499 142
chair 0.0020 0 229 34 247
chair 0.0019 0 108 36 180
chair 0.0019 0 104 18 137
chair 0.0019 130 29 362 124
chair 0.0018 0 136 274 329
chair 0.0017 0 92 130 275
chair 0.0017 46 0 74 15
chair 0.0017 0 69 8 86
chair 0.0014 51 124 79 146
chair 0.0013 0 151 41 193
chair 0.0012 135 256 206 316
chair 0.0012 80 245 156 315
chair 0.0012 0 51 7 86
chair 0.0012 481 6 499 155
chair 0.0012 0 168 15 194
chair 0.0011 0 246 6 282
chair 0.0011 448 303 478 332
chair 0.0010 14 121 75 169
chair 0.0010 449 271 499 332
diningtable 0.8234 19 97 497 303
diningtable 0.0039 29 243 494 328
diningtable 0.0038 2 85 495 172
diningtable 0.0019 0 158 87 234
diningtable 0.0019 0 78 39 106
diningtable 0.0017 1 122 320 328
diningtable 0.0015 237 112 498 300
diningtable 0.0010 51 104 132 170
