person 0.3106 144 47 168 72
person 0.0513 102 45 126 71
person 0.0216 164 53 187 72
person 0.0200 119 55 132 71
person 0.0105 100 45 113 70
person 0.0051 104 45 112 60
person 0.0049 107 54 130 72
person 0.0043 153 56 168 72
person 0.0041 115 53 137 74
person 0.0039 87 43 110 69
person 0.0033 169 64 182 71
person 0.0028 303 126 310 138
person 0.0027 106 47 142 72
person 0.0024 71 46 94 62
person 0.0022 141 46 160 68
person 0.0019 169 54 203 75
person 0.0013 168 61 189 73
person 0.0013 279 107 288 122
person 0.0010 157 61 168 72
person 0.0010 93 43 112 61
car 0.3101 5 34 283 133
car 0.0097 9 40 65 62
car 0.0077 302 100 310 112
car 0.0073 284 98 309 112
car 0.0033 215 95 286 123
car 0.0032 286 98 308 105
car 0.0024 6 43 64 89
car 0.0019 277 99 309 120
car 0.0017 303 126 310 138
car 0.0012 253 126 297 138
car 0.0010 244 101 288 119
