person 0.8339 222 94 406 374
person 0.8297 0 1 72 202
person 0.6959 401 122 479 199
person 0.6555 459 242 499 375
person 0.6154 364 116 449 300
person 0.3733 124 100 138 131
person 0.1446 387 112 491 301
person 0.0762 395 115 414 175
person 0.0686 366 117 420 229
person 0.0484 133 101 146 116
person 0.0356 99 86 112 118
person 0.0142 393 118 432 172
person 0.0109 437 121 478 179
person 0.0091 458 167 500 344
person 0.0085 490 184 500 198
person 0.0069 447 121 475 159
person 0.0062 0 1 86 362
person 0.0055 478 157 499 191
person 0.0045 365 168 417 230
person 0.0042 397 157 413 176
person 0.0037 479 181 499 197
person 0.0022 57 80 391 382
person 0.0021 1 44 38 90
person 0.0017 0 0 37 89
person 0.0017 492 158 499 189
person 0.0017 383 242 494 376
person 0.0016 124 99 145 144
person 0.0013 0 0 16 52
person 0.0012 61 69 101 170
person 0.0011 476 187 499 253
person 0.0011 492 172 500 189
person 0.0010 462 187 498 270
person 0.0010 469 244 498 316
bottle 0.2248 184 191 288 288
bottle 0.1034 138 131 146 150
chair 0.9176 395 280 480 377
chair 0.4627 57 161 146 265
chair 0.2382 57 172 146 216
chair 0.2151 61 164 131 187
chair 0.1869 381 244 404 281
chair 0.1638 236 142 274 198
chair 0.0746 73 189 120 267
chair 0.0515 469 308 499 357
chair 0.0464 218 269 267 310
chair 0.0249 74 235 111 264
chair 0.0231 404 145 436 167
chair 0.0205 234 178 250 201
chair 0.0197 97 156 163 256
chair 0.0155 184 191 288 290
chair 0.0153 370 220 444 298
chair 0.0137 1 189 124 269
chair 0.0101 401 341 446 378
chair 0.0090 59 162 67 183
chair 0.0074 439 233 485 309
chair 0.0071 53 181 102 212
chair 0.0066 379 243 406 373
chair 0.0062 375 242 454 375
chair 0.0059 405 145 437 155
chair 0.0057 459 244 499 377
chair 0.0046 211 219 228 236
chair 0.0042 380 245 409 316
chair 0.0038 478 233 499 253
chair 0.0032 381 246 428 357
chair 0.0030 425 212 497 308
chair 0.0029 54 162 66 196
chair 0.0027 472 349 499 378
chair 0.0026 231 156 261 201
chair 0.0024 129 117 145 143
chair 0.0023 366 229 405 282
chair 0.0021 381 244 401 258
chair 0.0020 160 152 210 215
chair 0.0020 471 232 499 265
chair 0.0018 117 168 131 189
chair 0.0018 78 216 111 229
chair 0.0017 100 131 122 150
chair 0.0017 45 195 77 209
chair 0.0017 79 210 112 224
chair 0.0013 479 174 499 191
chair 0.0012 231 179 251 217
chair 0.0011 260 148 273 196
chair 0.0011 466 222 499 236
chair 0.0010 76 220 107 240
diningtable 0.6345 392 191 500 226
diningtable 0.5341 9 262 359 375
diningtable 0.3420 55 180 145 213
diningtable 0.1497 392 191 499 269
diningtable 0.0746 2 260 125 374
diningtable 0.0600 63 264 126 373
diningtable 0.0211 53 181 114 203
diningtable 0.0142 78 190 148 212
diningtable 0.0109 432 217 500 239
diningtable 0.0096 30 358 101 377
diningtable 0.0083 6 312 112 376
diningtable 0.0067 436 218 499 275
diningtable 0.0059 425 212 497 308
diningtable 0.0057 63 313 102 373
diningtable 0.0050 479 184 499 205
diningtable 0.0050 405 145 437 155
diningtable 0.0039 414 204 498 226
diningtable 0.0037 398 140 500 228
diningtable 0.0036 386 189 500 355
diningtable 0.0032 59 194 125 213
diningtable 0.0025 392 191 424 204
diningtable 0.0025 65 165 152 270
diningtable 0.0021 94 155 163 241
diningtable 0.0020 99 134 158 154
diningtable 0.0018 445 190 499 360
diningtable 0.0016 368 219 487 300
diningtable 0.0015 480 212 499 223
diningtable 0.0014 457 192 498 223
diningtable 0.0014 467 203 500 219
diningtable 0.0013 -1 172 103 265
diningtable 0.0013 78 210 113 224
diningtable 0.0012 110 146 158 155
diningtable 0.0011 32 338 103 377
diningtable 0.0011 -1 351 99 377
diningtable 0.0011 466 222 499 236
