person 0.9257 161 201 230 331
person 0.9114 227 199 302 330
person 0.9101 283 181 387 330
person 0.9009 90 201 168 321
person 0.1079 0 256 16 318
person 0.0196 0 204 17 317
person 0.0109 90 127 101 142
person 0.0097 281 128 378 246
person 0.0077 359 312 387 332
person 0.0049 128 127 139 142
person 0.0039 331 312 386 332
person 0.0020 0 300 15 322
person 0.0014 0 247 33 322
person 0.0010 163 157 210 233
bird 0.0021 154 130 164 140
bottle 0.0158 0 255 15 309
bottle 0.0070 128 127 139 142
bottle 0.0015 90 127 102 143
bottle 0.0012 61 128 71 144
bottle 0.0011 121 128 128 141
bottle 0.0010 89 309 103 332
chair 0.2710 382 257 499 332
chair 0.2367 381 294 499 332
chair 0.0178 434 257 499 313
chair 0.0135 43 172 180 319
chair 0.0017 170 166 285 244
chair 0.0011 382 182 499 330
sofa 0.6383 48 170 332 327
sofa 0.0144 43 172 180 319
sofa 0.0108 74 245 404 334
sofa 0.0063 170 165 286 242
diningtable 0.0498 -1 315 188 332
diningtable 0.0196 93 316 175 332
diningtable 0.0039 0 297 167 330
diningtable 0.0023 0 318 94 332
tvmonitor 0.0692 488 166 500 210
tvmonitor 0.0403 452 260 499 314
tvmonitor 0.0038 474 166 499 214
tvmonitor 0.0027 451 205 499 258
tvmonitor 0.0011 490 191 500 210
