person 0.3203 7 178 14 195
person 0.0485 216 163 230 173
person 0.0094 134 163 148 177
person 0.0069 225 158 240 173
person 0.0038 317 151 336 169
person 0.0019 152 163 165 176
person 0.0019 208 149 270 175
person 0.0018 288 157 303 170
person 0.0018 196 157 206 171
person 0.0016 133 161 157 179
person 0.0016 231 154 246 174
person 0.0012 208 156 226 175
person 0.0011 128 165 140 177
car 0.9667 102 147 285 237
car 0.9611 199 139 449 258
car 0.9434 37 155 184 226
car 0.0076 420 129 499 212
car 0.0014 194 148 284 175
car 0.0011 0 183 9 194
pottedplant 0.0079 420 129 499 212
