person 0.9708 274 68 499 327
person 0.9528 208 2 296 190
person 0.9227 312 54 416 238
person 0.9190 38 85 150 273
person 0.8889 106 27 170 211
person 0.8376 2 9 103 165
person 0.0015 496 292 500 307
person 0.0011 495 289 500 311
bottle 0.6613 255 180 266 212
bottle 0.6097 353 215 373 254
bottle 0.0094 339 187 379 253
bottle 0.0049 177 247 197 262
bottle 0.0032 184 122 239 240
chair 0.8674 375 76 440 194
chair 0.7753 363 290 499 331
chair 0.6563 0 69 32 169
chair 0.6264 38 203 134 298
chair 0.4739 309 71 436 184
chair 0.4609 146 119 174 186
chair 0.2919 238 127 261 166
chair 0.1520 106 100 175 192
chair 0.1416 362 150 499 332
chair 0.1161 309 71 358 167
chair 0.0998 1 69 104 168
chair 0.0797 233 108 289 183
chair 0.0692 37 205 67 259
chair 0.0651 0 69 15 164
chair 0.0612 214 103 261 168
chair 0.0536 79 76 104 138
chair 0.0520 0 108 8 162
chair 0.0250 237 127 261 144
chair 0.0229 0 115 4 160
chair 0.0224 73 54 120 67
chair 0.0221 109 129 118 164
chair 0.0179 237 126 270 187
chair 0.0158 0 82 6 107
chair 0.0150 398 76 439 153
chair 0.0103 37 155 69 259
chair 0.0102 110 127 132 164
chair 0.0096 0 68 19 121
chair 0.0096 374 164 421 194
chair 0.0085 363 251 500 328
chair 0.0080 105 105 132 163
chair 0.0076 75 252 132 298
chair 0.0075 234 140 256 177
chair 0.0073 99 76 115 162
chair 0.0070 425 106 443 147
chair 0.0067 101 74 110 140
chair 0.0062 419 137 435 161
chair 0.0061 0 90 10 150
chair 0.0061 0 99 9 130
chair 0.0058 73 53 120 99
chair 0.0056 453 64 497 79
chair 0.0056 35 147 111 263
chair 0.0053 0 52 4 67
chair 0.0052 185 120 255 196
chair 0.0051 101 75 109 103
chair 0.0050 432 124 443 147
chair 0.0045 0 67 5 102
chair 0.0039 0 137 4 160
chair 0.0038 38 201 95 260
chair 0.0035 0 82 10 117
chair 0.0035 38 90 150 291
chair 0.0032 347 147 413 195
chair 0.0031 102 100 118 164
chair 0.0029 382 295 497 318
chair 0.0027 105 36 170 216
chair 0.0025 422 113 452 157
chair 0.0025 4 113 32 169
chair 0.0024 149 73 175 181
chair 0.0024 100 56 118 104
chair 0.0023 102 68 128 155
chair 0.0022 421 122 443 150
chair 0.0021 226 128 253 163
chair 0.0020 375 147 435 194
chair 0.0020 165 106 211 134
chair 0.0019 356 300 369 331
chair 0.0019 8 86 26 161
chair 0.0019 73 59 86 67
chair 0.0018 93 128 114 163
chair 0.0018 362 298 380 332
chair 0.0015 11 97 20 118
chair 0.0015 338 154 377 218
chair 0.0015 331 56 496 320
chair 0.0015 102 101 111 137
chair 0.0014 97 135 146 179
chair 0.0013 96 57 120 138
chair 0.0013 239 95 294 156
chair 0.0011 52 204 64 234
chair 0.0011 278 101 315 148
chair 0.0010 434 67 499 154
sofa 0.2711 309 69 427 200
sofa 0.1390 309 70 358 166
sofa 0.0017 279 101 315 149
pottedplant 0.6286 149 0 275 130
pottedplant 0.0046 241 0 275 36
pottedplant 0.0030 149 1 275 44
pottedplant 0.0016 114 1 278 200
pottedplant 0.0015 164 95 214 134
pottedplant 0.0010 186 91 204 120
pottedplant 0.0010 250 16 275 36
diningtable 0.0176 0 65 4 74
diningtable 0.0109 73 54 120 68
diningtable 0.0094 0 66 5 83
diningtable 0.0089 0 67 32 168
diningtable 0.0081 0 54 4 69
diningtable 0.0081 73 54 120 84
diningtable 0.0066 0 65 13 115
diningtable 0.0047 0 98 10 132
diningtable 0.0031 0 107 7 117
diningtable 0.0016 0 57 11 95
diningtable 0.0010 0 51 8 77
diningtable 0.0010 0 71 21 138
