person 0.9022 105 110 170 223
person 0.8779 445 98 484 190
person 0.0046 463 110 483 181
person 0.0031 236 224 272 299
person 0.0018 452 104 480 125
person 0.0017 466 140 488 182
person 0.0016 98 104 104 110
person 0.0016 475 151 498 175
person 0.0010 134 169 161 219
person 0.0010 11 357 43 403
horse 0.9610 148 37 359 327
pottedplant 0.0555 114 79 136 97
pottedplant 0.0541 61 83 79 99
pottedplant 0.0188 151 77 170 95
pottedplant 0.0115 360 95 377 109
pottedplant 0.0091 61 83 80 113
pottedplant 0.0054 226 66 256 111
pottedplant 0.0016 336 76 356 110
pottedplant 0.0016 113 79 138 113
pottedplant 0.0016 452 77 485 108
pottedplant 0.0010 217 88 231 110
