person 0.8478 235 107 271 140
person 0.6515 85 157 97 180
person 0.5125 293 138 309 157
person 0.4001 53 157 61 171
person 0.3037 39 157 48 171
person 0.2992 212 148 233 165
person 0.2752 225 149 239 165
person 0.2252 226 149 250 168
person 0.2017 237 151 258 171
person 0.1212 205 148 216 165
person 0.0825 237 153 250 170
person 0.0653 210 148 255 170
person 0.0522 246 153 260 170
person 0.0324 245 153 256 163
person 0.0289 176 152 189 163
person 0.0262 245 151 273 171
person 0.0125 86 158 96 170
person 0.0102 99 161 104 172
person 0.0085 247 152 260 161
person 0.0080 257 158 275 171
person 0.0047 236 110 270 172
person 0.0036 110 163 118 174
person 0.0036 198 150 208 165
person 0.0035 64 159 72 170
person 0.0028 53 158 68 177
person 0.0025 97 160 107 177
person 0.0020 53 157 59 166
person 0.0018 89 159 97 167
person 0.0018 70 159 82 171
person 0.0018 110 162 121 177
person 0.0016 297 138 307 148
person 0.0014 397 151 405 162
person 0.0014 231 134 279 189
person 0.0012 176 151 196 167
person 0.0011 240 152 251 161
person 0.0011 39 157 48 182
person 0.0010 109 166 119 181
person 0.0010 188 149 207 167
bicycle 0.0032 64 159 80 172
bicycle 0.0022 59 159 72 172
bicycle 0.0017 53 158 72 177
bicycle 0.0011 53 160 62 171
car 0.9384 105 135 394 235
car 0.2237 101 156 139 172
car 0.0010 100 154 140 189
motorbike 0.0146 85 158 98 181
motorbike 0.0012 53 158 63 173
boat 0.1580 385 121 499 164
boat 0.0256 231 56 257 122
boat 0.0053 289 119 498 166
boat 0.0037 222 56 271 138
boat 0.0022 100 153 139 177
boat 0.0018 65 22 434 272
boat 0.0017 235 107 271 139
