person 0.0185 144 156 174 192
person 0.0104 158 157 174 189
person 0.0051 159 113 230 193
person 0.0030 169 100 219 160
person 0.0015 157 153 218 194
person 0.0014 159 156 178 176
person 0.0012 177 100 203 123
bus 0.9622 80 24 433 371
chair 0.0517 168 169 218 194
chair 0.0505 227 170 253 194
chair 0.0277 275 160 334 195
chair 0.0195 168 156 237 194
chair 0.0160 204 155 237 193
chair 0.0123 335 161 378 195
chair 0.0066 295 160 333 185
chair 0.0039 274 161 292 194
chair 0.0031 223 160 237 194
chair 0.0025 227 171 238 193
chair 0.0019 288 151 303 161
chair 0.0016 217 172 226 193
chair 0.0016 180 153 227 173
chair 0.0015 227 158 290 195
chair 0.0014 376 159 406 189
chair 0.0013 120 155 159 191
chair 0.0012 228 157 254 175
chair 0.0011 181 155 201 171
chair 0.0011 334 154 403 202
