person 0.0146 331 175 339 184
person 0.0084 174 168 194 178
person 0.0055 334 175 342 184
person 0.0045 459 182 471 190
person 0.0041 434 180 446 189
person 0.0041 379 166 384 171
person 0.0033 397 175 406 184
person 0.0023 143 170 160 178
person 0.0019 171 168 186 176
person 0.0018 376 174 391 183
person 0.0016 182 170 203 178
person 0.0016 465 181 475 189
person 0.0015 337 174 357 185
person 0.0015 321 174 334 184
person 0.0014 455 181 467 191
person 0.0013 324 174 342 184
person 0.0011 305 174 313 182
car 0.8930 392 175 497 216
car 0.8782 286 171 368 206
car 0.8686 241 169 318 201
car 0.7902 218 174 267 197
car 0.7547 119 170 167 188
car 0.7456 338 171 425 210
car 0.7346 174 170 240 196
car 0.6865 143 167 205 192
car 0.6771 43 165 82 182
car 0.6603 15 163 62 180
car 0.6025 98 166 157 186
car 0.5993 63 165 99 184
car 0.4519 80 165 127 184
car 0.0942 62 169 85 184
car 0.0716 40 165 63 180
car 0.0659 15 170 30 180
car 0.0584 96 170 124 186
car 0.0322 97 165 126 177
car 0.0270 141 174 166 191
car 0.0254 243 174 267 182
car 0.0163 82 166 98 173
car 0.0155 217 181 246 197
car 0.0129 15 169 39 180
car 0.0123 175 169 221 185
car 0.0122 114 167 159 179
car 0.0112 219 174 248 182
car 0.0099 30 163 61 172
car 0.0084 42 165 62 173
car 0.0074 63 165 78 171
car 0.0063 77 166 98 177
car 0.0059 358 172 422 185
car 0.0056 84 165 110 182
car 0.0027 200 170 220 179
car 0.0026 171 172 202 194
car 0.0024 364 173 396 184
car 0.0024 15 172 22 179
car 0.0022 165 168 202 179
car 0.0018 96 166 110 173
car 0.0018 231 172 249 180
car 0.0018 220 174 239 180
car 0.0015 244 170 281 183
car 0.0015 114 167 143 186
car 0.0015 77 166 91 172
car 0.0012 150 171 166 178
car 0.0011 254 169 312 182
car 0.0010 111 166 128 173
