person 0.0031 480 28 499 355
person 0.0010 467 47 499 386
bird 0.8920 156 148 314 221
bird 0.4085 301 212 440 298
bird 0.0374 260 277 271 304
bird 0.0265 300 224 440 365
bird 0.0148 112 133 129 164
bird 0.0043 376 236 439 297
bird 0.0042 299 339 345 374
bird 0.0028 231 301 235 309
bird 0.0021 299 32 498 365
bird 0.0019 183 214 446 304
bird 0.0018 196 208 238 222
bird 0.0018 192 300 196 308
bird 0.0012 304 211 432 253
bird 0.0010 79 131 129 165
bird 0.0010 166 145 449 299
bird 0.0010 17 254 152 291
bird 0.0010 217 319 228 328
chair 0.0029 300 294 474 372
