person 0.0056 448 222 452 228
boat 0.0011 287 313 299 324
bird 0.0054 401 210 405 213
bird 0.0019 357 217 365 224
bird 0.0012 287 313 298 324
sheep 0.0011 411 263 458 297
cow 0.9550 211 232 283 307
cow 0.9509 411 263 458 297
cow 0.9461 352 262 398 299
cow 0.9387 299 223 351 295
cow 0.9274 94 232 168 311
cow 0.9154 153 228 201 301
cow 0.8057 107 276 141 312
cow 0.0183 154 228 199 251
cow 0.0093 389 276 398 290
cow 0.0066 216 269 273 307
cow 0.0033 164 274 183 300
cow 0.0024 447 275 458 289
cow 0.0020 105 271 172 311
cow 0.0016 107 261 141 287
cow 0.0012 160 267 173 297
cow 0.0012 384 276 398 296
