person 0.9484 225 143 409 371
person 0.0398 484 323 499 371
person 0.0046 391 90 401 109
person 0.0025 482 279 500 374
person 0.0017 326 199 438 347
person 0.0014 223 151 356 291
person 0.0011 398 89 410 109
cat 0.0011 0 277 8 301
horse 0.0010 390 90 409 110
chair 0.3466 475 254 499 372
chair 0.0954 478 207 499 260
chair 0.0490 261 197 462 369
chair 0.0379 480 208 499 235
chair 0.0310 355 230 462 370
chair 0.0247 384 204 445 300
chair 0.0217 383 163 413 205
chair 0.0099 104 166 135 201
chair 0.0040 484 324 499 368
chair 0.0025 58 172 78 193
chair 0.0022 411 130 426 205
chair 0.0022 324 194 447 315
chair 0.0016 413 107 499 257
chair 0.0014 474 205 499 309
chair 0.0014 481 207 499 222
chair 0.0012 480 164 500 251
chair 0.0011 222 180 246 199
chair 0.0010 310 348 395 373
sofa 0.8290 3 195 464 364
sofa 0.4705 475 254 499 372
sofa 0.3258 0 198 230 351
sofa 0.0076 484 324 499 372
sofa 0.0013 473 209 499 339
sofa 0.0010 221 199 329 289
pottedplant 0.0198 455 64 478 100
pottedplant 0.0010 459 63 497 101
diningtable 0.0334 477 208 500 259
diningtable 0.0133 481 208 499 227
tvmonitor 0.0021 0 84 24 161
tvmonitor 0.0010 21 89 79 147
