person 0.9423 354 119 450 315
person 0.9132 157 121 315 307
person 0.8368 116 25 207 249
person 0.1457 203 0 231 35
person 0.0013 0 0 16 10
person 0.0011 157 195 229 304
bicycle 0.8460 74 186 363 330
bicycle 0.0543 205 108 314 228
bicycle 0.0194 167 110 317 308
bicycle 0.0020 245 165 316 234
motorbike 0.1032 205 109 312 207
motorbike 0.0110 237 109 308 163
motorbike 0.0033 205 88 309 161
motorbike 0.0011 124 97 309 214
aeroplane 0.0021 -1 0 148 44
bottle 0.2040 330 98 342 120
bottle 0.1094 390 246 405 257
bottle 0.0089 185 104 206 131
bottle 0.0036 389 236 407 258
chair 0.0389 0 0 21 37
chair 0.0147 85 0 131 34
chair 0.0094 0 0 18 21
chair 0.0020 0 0 13 10
chair 0.0011 13 0 62 25
