person 0.8891 249 181 322 275
person 0.8479 313 145 351 224
person 0.0061 490 75 499 88
person 0.0054 386 101 397 110
person 0.0048 486 74 499 107
person 0.0038 390 71 398 80
person 0.0035 277 153 352 223
person 0.0032 393 70 401 80
person 0.0027 312 144 353 316
person 0.0025 490 95 499 107
person 0.0021 360 88 370 98
person 0.0020 105 10 122 54
person 0.0016 485 95 492 107
person 0.0016 490 58 499 71
person 0.0015 388 85 398 95
person 0.0014 396 74 402 80
person 0.0013 391 102 398 109
person 0.0013 139 172 417 289
person 0.0012 388 86 393 95
chair 0.1266 316 163 475 332
sofa 0.8522 23 147 478 322
sofa 0.0768 315 165 476 328
pottedplant 0.2488 44 33 106 94
pottedplant 0.2246 228 63 266 106
pottedplant 0.0367 228 63 264 80
pottedplant 0.0291 45 35 266 105
pottedplant 0.0168 205 43 218 72
pottedplant 0.0132 245 84 265 106
pottedplant 0.0121 165 52 265 107
pottedplant 0.0056 154 51 187 66
pottedplant 0.0039 193 57 208 70
pottedplant 0.0033 217 55 230 73
pottedplant 0.0032 228 63 245 76
pottedplant 0.0026 195 46 220 72
pottedplant 0.0020 116 46 138 58
pottedplant 0.0020 248 64 264 81
pottedplant 0.0017 171 52 186 66
pottedplant 0.0017 210 61 220 72
pottedplant 0.0013 141 51 202 67
pottedplant 0.0011 170 52 197 67
pottedplant 0.0010 159 22 182 65
diningtable 0.0296 148 225 340 371
diningtable 0.0097 42 195 444 367
