person 0.0429 129 99 158 139
person 0.0093 35 81 42 94
person 0.0045 175 97 198 130
person 0.0024 218 95 239 121
person 0.0022 486 100 496 130
person 0.0018 199 94 231 121
person 0.0018 41 81 47 93
person 0.0014 156 101 174 115
person 0.0012 21 83 26 93
person 0.0010 150 101 178 125
bicycle 0.0023 26 119 53 184
car 0.9202 267 74 495 220
car 0.8674 67 82 401 275
car 0.1486 460 98 496 166
car 0.0827 460 98 496 127
car 0.0468 484 100 496 172
car 0.0114 26 119 53 183
car 0.0111 21 89 46 127
car 0.0106 0 -29 30 258
car 0.0092 459 101 497 222
car 0.0068 485 115 496 151
car 0.0062 27 116 85 202
car 0.0043 482 104 497 211
car 0.0021 486 99 496 130
car 0.0017 2 33 54 236
car 0.0014 27 118 51 148
horse 0.0165 0 14 28 274
horse 0.0013 0 112 23 263
cow 0.0020 0 136 24 267
pottedplant 0.0994 34 81 92 197
pottedplant 0.0221 35 82 92 127
pottedplant 0.0020 20 77 62 124
pottedplant 0.0020 60 87 89 116
pottedplant 0.0013 34 86 58 119
pottedplant 0.0010 0 -5 33 248
