person 0.9531 0 30 64 280
person 0.9305 237 34 334 237
person 0.0300 68 29 88 89
person 0.0012 49 56 70 103
car 0.0191 149 32 263 113
car 0.0091 222 31 250 49
car 0.0066 326 35 420 76
car 0.0066 144 24 482 115
car 0.0029 177 31 213 52
car 0.0019 325 7 436 85
car 0.0014 46 32 264 117
car 0.0010 147 34 216 79
cat 0.1696 115 139 231 256
cat 0.0016 115 235 156 249
dog 0.9548 370 178 459 265
dog 0.7732 115 139 230 256
dog 0.5231 247 134 309 304
dog 0.0112 245 134 464 302
horse 0.3495 247 134 309 305
sheep 0.0595 249 130 309 303
sheep 0.0058 370 178 459 266
bottle 0.0016 116 235 154 248
