person 0.9565 141 38 295 311
person 0.5331 464 150 499 237
person 0.1413 188 147 500 328
person 0.0104 452 152 498 303
person 0.0043 53 -12 506 299
person 0.0036 473 153 500 307
person 0.0025 463 50 499 245
person 0.0016 365 151 499 255
person 0.0012 437 140 500 239
dog 0.9281 258 39 339 218
dog 0.0054 140 37 414 223
bottle 0.0047 0 275 20 310
chair 0.0114 330 293 403 331
chair 0.0054 327 291 500 332
chair 0.0013 431 293 499 331
sofa 0.1056 330 293 498 330
sofa 0.1037 3 35 287 269
sofa 0.0737 329 230 500 330
sofa 0.0481 330 293 404 331
sofa 0.0452 32 35 191 242
sofa 0.0308 3 34 512 322
sofa 0.0109 431 292 499 331
sofa 0.0087 200 291 487 331
sofa 0.0055 432 239 499 329
sofa 0.0034 188 251 496 331
pottedplant 0.1977 0 0 82 157
pottedplant 0.0100 0 0 50 91
pottedplant 0.0014 430 103 462 140
pottedplant 0.0013 0 13 84 302
tvmonitor 0.1733 488 1 499 48
tvmonitor 0.0027 28 0 186 39
