person 0.9658 119 14 377 242
person 0.7855 315 57 343 108
person 0.7808 304 52 322 82
person 0.6989 184 38 208 79
person 0.1271 488 69 499 91
person 0.0189 178 38 209 105
person 0.0116 488 49 499 90
person 0.0034 206 38 212 48
person 0.0021 205 37 213 64
person 0.0020 487 7 498 95
person 0.0017 308 52 320 67
person 0.0014 201 38 219 76
person 0.0011 490 0 499 17
chair 0.8178 332 69 373 155
chair 0.8154 167 62 198 113
chair 0.7738 388 69 415 122
chair 0.6822 195 76 228 98
chair 0.5545 487 100 499 154
chair 0.3336 335 66 344 83
chair 0.1667 0 68 95 228
chair 0.1569 366 85 399 125
chair 0.1487 183 166 194 216
chair 0.1283 208 64 228 77
chair 0.1196 308 80 315 93
chair 0.0897 489 83 499 117
chair 0.0836 166 165 193 215
chair 0.0737 490 85 499 99
chair 0.0624 358 70 378 126
chair 0.0494 330 69 352 113
chair 0.0445 325 84 343 110
chair 0.0415 488 70 499 89
chair 0.0347 487 131 499 154
chair 0.0307 489 69 500 108
chair 0.0233 490 101 499 120
chair 0.0214 139 166 191 214
chair 0.0197 361 88 384 125
chair 0.0151 168 91 197 220
chair 0.0150 189 165 214 218
chair 0.0141 332 69 373 111
chair 0.0129 302 164 317 207
chair 0.0129 118 178 194 207
chair 0.0121 381 215 423 244
chair 0.0112 305 92 328 109
chair 0.0107 302 79 312 94
chair 0.0085 268 236 301 244
chair 0.0084 364 73 412 118
chair 0.0084 178 164 327 243
chair 0.0079 409 69 416 95
chair 0.0075 167 61 200 80
chair 0.0070 389 70 413 92
chair 0.0068 176 104 206 221
chair 0.0067 320 68 342 89
chair 0.0064 321 66 344 110
chair 0.0059 182 166 204 220
chair 0.0050 317 66 351 152
chair 0.0043 361 91 380 108
chair 0.0039 116 172 194 229
chair 0.0037 319 93 328 103
chair 0.0034 483 77 500 121
chair 0.0030 300 238 332 243
chair 0.0019 179 82 232 226
chair 0.0019 119 90 200 236
chair 0.0017 295 70 311 94
chair 0.0017 348 90 370 125
chair 0.0017 193 83 227 112
chair 0.0017 305 78 328 105
chair 0.0016 369 81 395 87
chair 0.0015 366 71 375 88
chair 0.0015 168 72 225 116
chair 0.0014 184 163 258 217
chair 0.0013 315 78 328 96
chair 0.0013 163 199 186 213
chair 0.0012 489 103 499 132
chair 0.0012 369 80 384 86
chair 0.0012 358 93 371 121
chair 0.0012 301 221 377 243
chair 0.0011 305 81 316 96
chair 0.0011 354 69 373 92
chair 0.0011 165 45 203 192
chair 0.0010 177 200 188 214
chair 0.0010 481 81 501 153
chair 0.0010 0 68 89 89
pottedplant 0.6864 116 0 202 142
pottedplant 0.4009 370 19 417 88
pottedplant 0.0216 116 91 148 106
pottedplant 0.0174 403 0 498 241
pottedplant 0.0157 220 0 240 54
pottedplant 0.0115 207 40 225 65
pottedplant 0.0045 116 49 149 104
pottedplant 0.0024 202 0 238 65
pottedplant 0.0018 223 22 239 43
pottedplant 0.0018 158 36 208 82
pottedplant 0.0015 396 33 417 70
pottedplant 0.0013 204 39 228 78
pottedplant 0.0012 407 68 494 169
pottedplant 0.0010 79 68 129 217
diningtable 0.5066 363 85 398 125
diningtable 0.0914 0 201 203 243
diningtable 0.0647 366 84 399 91
diningtable 0.0642 0 215 87 242
diningtable 0.0588 365 85 400 97
diningtable 0.0553 489 95 499 118
diningtable 0.0505 490 95 499 102
diningtable 0.0379 489 86 499 99
diningtable 0.0166 331 70 373 154
diningtable 0.0107 362 73 414 118
diningtable 0.0074 5 183 363 243
diningtable 0.0043 125 234 169 244
diningtable 0.0041 361 91 380 100
diningtable 0.0041 365 80 394 87
diningtable 0.0022 307 78 321 94
diningtable 0.0020 77 205 175 243
diningtable 0.0017 311 80 318 86
diningtable 0.0016 338 86 396 130
diningtable 0.0015 305 79 328 105
