person 0.0899 237 283 247 306
person 0.0039 206 279 224 305
person 0.0024 206 273 225 325
person 0.0018 254 313 259 319
person 0.0015 239 283 248 294
person 0.0013 240 283 245 290
person 0.0011 174 383 192 417
person 0.0010 260 386 272 398
person 0.0010 253 312 259 326
train 0.6098 115 179 312 235
train 0.3900 115 179 184 234
train 0.0706 177 180 227 233
train 0.0046 230 195 312 231
train 0.0044 -7 177 278 237
train 0.0033 50 215 113 230
train 0.0018 55 217 91 229
train 0.0011 0 212 107 232
train 0.0010 229 302 295 321
boat 0.0020 206 257 225 299
