person 0.9253 106 203 342 498
person 0.8360 139 146 207 206
person 0.8284 296 174 374 374
person 0.7625 0 154 62 386
person 0.7588 63 189 113 260
person 0.6839 102 134 136 192
person 0.6801 242 160 276 210
person 0.6660 270 195 305 238
person 0.6277 63 131 112 224
person 0.6013 27 215 86 302
person 0.5868 190 170 264 229
person 0.5861 101 181 145 244
person 0.3655 206 161 225 188
person 0.0788 216 170 265 213
person 0.0540 271 194 313 334
person 0.0488 216 169 244 208
person 0.0236 106 180 143 218
person 0.0167 239 194 265 209
person 0.0085 0 421 75 500
person 0.0048 198 159 224 198
person 0.0047 73 132 135 196
person 0.0041 0 154 95 499
person 0.0028 269 183 341 381
person 0.0025 108 385 224 473
person 0.0025 39 428 63 499
person 0.0022 107 180 133 206
person 0.0013 -4 191 343 404
person 0.0010 197 201 264 248
bottle 0.0012 150 276 165 297
chair 0.8772 84 468 308 499
chair 0.5216 41 195 77 236
chair 0.3623 329 351 374 499
chair 0.2749 329 352 361 414
chair 0.2253 336 413 375 499
chair 0.1872 31 201 87 265
chair 0.1472 0 320 39 332
chair 0.1312 64 196 87 228
chair 0.1282 0 419 57 500
chair 0.1258 25 205 68 242
chair 0.0873 0 433 25 499
chair 0.0749 0 320 39 377
chair 0.0745 0 307 51 500
chair 0.0434 0 318 40 343
chair 0.0340 25 204 57 225
chair 0.0285 24 213 88 301
chair 0.0271 58 252 90 270
chair 0.0243 73 431 86 482
chair 0.0240 347 368 375 417
chair 0.0220 0 304 45 335
chair 0.0199 40 284 64 305
chair 0.0196 304 320 328 371
chair 0.0174 89 169 109 191
chair 0.0167 30 330 40 351
chair 0.0162 0 366 22 392
chair 0.0144 132 178 146 204
chair 0.0113 74 196 88 221
chair 0.0110 0 382 37 499
chair 0.0106 57 248 89 262
chair 0.0097 305 310 334 349
chair 0.0096 0 443 11 498
chair 0.0087 63 174 87 225
chair 0.0074 0 376 18 392
chair 0.0073 316 328 362 363
chair 0.0066 78 175 99 202
chair 0.0065 0 377 10 392
chair 0.0060 74 195 85 212
chair 0.0055 0 318 100 499
chair 0.0053 204 187 216 198
chair 0.0051 239 194 270 211
chair 0.0043 43 428 87 486
chair 0.0042 0 333 26 396
chair 0.0031 63 173 78 206
chair 0.0030 109 452 218 473
chair 0.0030 0 348 32 383
chair 0.0029 0 292 55 347
chair 0.0028 310 305 374 417
chair 0.0026 35 273 70 301
chair 0.0025 73 431 104 481
chair 0.0025 312 157 374 222
chair 0.0023 304 310 368 350
chair 0.0022 82 420 315 497
chair 0.0020 39 428 63 500
chair 0.0019 329 352 360 382
chair 0.0019 0 427 8 482
chair 0.0017 64 264 86 283
chair 0.0016 327 454 340 499
chair 0.0016 303 321 313 336
chair 0.0015 85 471 176 500
chair 0.0015 0 268 39 452
chair 0.0015 2 389 186 499
chair 0.0015 256 195 271 211
chair 0.0015 0 391 7 406
chair 0.0014 335 452 346 490
chair 0.0014 300 188 375 500
chair 0.0014 68 183 86 215
chair 0.0014 0 267 57 387
chair 0.0013 1 278 169 499
chair 0.0013 41 195 69 215
chair 0.0013 303 322 320 358
chair 0.0012 40 196 49 208
chair 0.0012 291 473 309 499
chair 0.0011 0 394 87 498
chair 0.0011 33 182 46 206
chair 0.0011 62 216 97 262
chair 0.0010 311 354 359 498
chair 0.0010 36 284 61 319
chair 0.0010 357 347 374 371
chair 0.0010 0 332 24 481
chair 0.0010 189 403 367 498
pottedplant 0.6915 138 182 201 249
pottedplant 0.0283 132 178 146 205
pottedplant 0.0208 182 11 374 216
pottedplant 0.0114 185 123 320 201
pottedplant 0.0072 184 148 226 196
pottedplant 0.0014 148 214 198 249
pottedplant 0.0013 160 182 200 211
pottedplant 0.0013 210 130 279 181
pottedplant 0.0011 239 159 307 208
diningtable 0.5994 1 215 237 434
diningtable 0.0585 336 413 375 499
diningtable 0.0219 86 212 205 265
diningtable 0.0200 0 312 229 500
diningtable 0.0117 82 223 199 298
diningtable 0.0096 1 391 199 499
diningtable 0.0053 67 228 223 349
diningtable 0.0032 7 385 192 435
diningtable 0.0021 64 239 195 270
diningtable 0.0020 99 231 161 257
diningtable 0.0016 98 216 178 255
diningtable 0.0012 111 220 154 246
diningtable 0.0010 190 205 216 229
diningtable 0.0010 180 224 200 252
