person 0.1148 168 257 173 263
person 0.0924 174 258 180 268
person 0.0724 170 257 175 267
person 0.0395 180 260 186 267
person 0.0363 180 255 186 262
person 0.0255 218 257 225 263
person 0.0252 186 257 193 263
person 0.0244 175 257 183 266
person 0.0219 192 249 197 258
person 0.0169 155 254 159 259
person 0.0147 181 253 187 260
person 0.0122 180 256 188 266
person 0.0089 443 253 452 259
person 0.0080 201 262 209 268
person 0.0061 174 263 181 269
person 0.0052 168 256 178 264
person 0.0050 192 260 203 267
person 0.0050 189 250 195 259
person 0.0047 191 257 200 265
person 0.0043 152 241 157 249
person 0.0034 171 264 175 269
person 0.0027 448 253 455 259
person 0.0026 462 249 468 258
person 0.0025 166 256 174 265
person 0.0023 447 256 458 264
person 0.0023 174 254 183 259
person 0.0021 203 265 209 269
person 0.0020 457 248 465 258
person 0.0020 163 261 172 268
person 0.0018 191 252 201 267
person 0.0018 151 241 160 252
person 0.0013 437 252 453 261
boat 0.7638 2 164 76 256
boat 0.6470 271 239 285 254
boat 0.5923 147 108 235 264
boat 0.5663 414 92 499 257
boat 0.3215 343 173 412 252
boat 0.2673 425 252 483 267
boat 0.2513 291 248 314 255
boat 0.2186 406 243 418 251
boat 0.1908 328 241 345 251
boat 0.1539 319 244 333 252
boat 0.1440 251 249 268 255
boat 0.1102 230 243 249 255
boat 0.0834 319 246 327 252
boat 0.0761 233 259 244 264
boat 0.0646 426 253 456 265
boat 0.0619 232 227 250 254
boat 0.0497 232 256 256 264
boat 0.0468 318 240 345 252
boat 0.0341 236 225 254 247
boat 0.0335 165 254 204 269
boat 0.0318 301 247 314 253
boat 0.0299 242 240 254 246
boat 0.0293 239 247 268 256
boat 0.0244 166 252 240 268
boat 0.0241 201 256 238 267
boat 0.0231 383 244 411 252
boat 0.0207 240 234 254 245
boat 0.0201 217 255 236 264
boat 0.0196 347 243 408 252
boat 0.0181 236 248 249 256
boat 0.0161 444 257 484 267
boat 0.0158 271 252 285 256
boat 0.0136 426 255 444 264
boat 0.0118 344 245 358 250
boat 0.0117 172 258 184 268
boat 0.0110 338 243 356 250
boat 0.0093 173 257 193 268
boat 0.0093 216 254 248 264
boat 0.0092 248 259 255 263
boat 0.0088 381 244 401 251
boat 0.0084 344 244 383 252
boat 0.0081 224 244 255 262
boat 0.0080 181 260 193 267
boat 0.0078 0 243 28 259
boat 0.0078 359 245 375 250
boat 0.0076 332 246 345 250
boat 0.0073 228 255 244 264
boat 0.0070 353 245 362 250
boat 0.0070 427 259 449 265
boat 0.0068 362 236 377 245
boat 0.0068 340 95 425 255
boat 0.0066 0 255 4 259
boat 0.0066 342 244 364 251
boat 0.0065 462 258 483 265
boat 0.0061 201 262 215 268
boat 0.0058 67 256 74 260
boat 0.0056 414 250 421 255
boat 0.0053 423 217 484 267
boat 0.0053 381 244 391 250
boat 0.0052 208 257 232 265
boat 0.0052 307 250 313 254
boat 0.0050 337 91 498 268
boat 0.0050 122 261 128 265
boat 0.0048 26 253 39 258
boat 0.0047 150 226 186 257
boat 0.0046 414 245 422 255
boat 0.0046 63 256 73 260
boat 0.0046 445 256 469 265
boat 0.0044 444 258 462 266
boat 0.0041 319 240 335 250
boat 0.0041 369 244 385 250
boat 0.0040 415 242 432 255
boat 0.0040 189 260 203 268
boat 0.0038 201 246 256 265
boat 0.0038 319 226 344 252
boat 0.0036 319 237 329 252
boat 0.0036 235 243 248 251
boat 0.0032 200 257 223 264
boat 0.0032 0 249 20 257
boat 0.0030 291 241 314 255
boat 0.0030 0 250 5 257
boat 0.0028 410 244 421 255
boat 0.0028 393 246 413 252
boat 0.0027 433 253 455 261
boat 0.0026 149 182 185 258
boat 0.0025 17 244 27 256
boat 0.0023 250 233 267 255
boat 0.0023 331 239 357 250
boat 0.0023 233 228 266 256
boat 0.0022 427 253 437 259
boat 0.0022 191 253 232 265
boat 0.0022 414 251 419 256
boat 0.0022 415 95 442 258
boat 0.0021 1 254 26 260
boat 0.0021 14 298 27 303
boat 0.0020 141 266 150 270
boat 0.0020 45 254 75 261
boat 0.0018 150 246 184 257
boat 0.0018 225 251 235 256
boat 0.0018 362 246 379 251
boat 0.0017 419 238 434 254
boat 0.0017 269 240 312 255
boat 0.0016 363 225 367 231
boat 0.0015 243 242 256 252
boat 0.0015 139 108 319 268
boat 0.0015 281 249 302 255
boat 0.0015 141 95 498 261
boat 0.0014 342 237 414 254
boat 0.0014 6 107 244 262
boat 0.0013 221 249 236 258
boat 0.0013 415 209 437 254
boat 0.0013 271 248 312 256
boat 0.0013 14 289 32 303
boat 0.0013 496 234 500 247
boat 0.0012 362 223 378 248
boat 0.0012 416 180 488 261
boat 0.0012 220 242 240 254
boat 0.0011 278 251 285 256
boat 0.0011 159 253 184 258
boat 0.0011 62 249 71 254
boat 0.0011 353 241 364 249
boat 0.0010 178 263 188 269
boat 0.0010 186 252 205 268
bird 0.0031 57 266 64 270
bird 0.0010 154 282 166 286
