person 0.9112 311 115 499 367
person 0.8843 118 91 209 218
person 0.8436 355 93 436 207
person 0.8085 340 60 387 146
person 0.7990 346 74 419 178
person 0.7907 0 151 159 373
person 0.7878 68 102 170 258
person 0.7034 275 40 317 85
person 0.6939 120 63 160 141
person 0.6741 179 58 242 139
person 0.5357 217 55 258 105
person 0.4987 235 44 263 87
person 0.3633 330 55 361 106
person 0.1612 360 47 385 84
person 0.1392 180 58 223 110
person 0.1343 342 54 362 92
person 0.1049 436 325 500 373
person 0.0786 359 48 379 66
person 0.0443 0 86 52 155
person 0.0440 414 289 499 373
person 0.0424 64 250 162 319
person 0.0406 0 128 35 167
person 0.0154 237 43 254 67
person 0.0095 0 151 116 252
person 0.0060 415 206 500 372
person 0.0046 0 244 86 371
person 0.0035 69 103 129 205
person 0.0030 250 60 263 82
person 0.0027 471 326 499 367
person 0.0026 452 240 500 371
person 0.0024 358 46 374 59
person 0.0023 396 95 438 202
person 0.0022 0 127 35 204
person 0.0017 63 162 162 329
person 0.0016 350 126 393 176
person 0.0016 0 121 34 325
person 0.0012 478 151 499 355
person 0.0010 76 225 163 261
person 0.0010 0 284 142 372
car 0.0151 495 77 500 87
car 0.0059 495 66 499 87
car 0.0014 112 54 174 70
car 0.0012 494 81 499 96
bottle 0.8139 257 116 276 179
bottle 0.6493 248 165 266 199
bottle 0.6062 277 113 292 165
bottle 0.0988 249 115 260 146
bottle 0.0938 249 116 256 127
bottle 0.0830 267 105 274 121
bottle 0.0816 278 112 290 142
bottle 0.0688 240 315 258 335
bottle 0.0494 275 67 283 88
bottle 0.0484 264 105 275 133
bottle 0.0302 271 74 278 91
bottle 0.0284 275 67 280 78
bottle 0.0210 272 73 281 97
bottle 0.0164 278 67 288 86
bottle 0.0160 294 65 302 91
bottle 0.0154 287 61 297 85
bottle 0.0081 284 100 293 117
bottle 0.0060 285 106 292 138
bottle 0.0059 272 68 287 97
bottle 0.0054 41 89 49 105
bottle 0.0045 259 115 268 130
bottle 0.0044 282 101 293 126
bottle 0.0038 265 307 279 328
bottle 0.0035 258 116 276 145
bottle 0.0033 285 114 292 154
bottle 0.0029 276 103 291 123
bottle 0.0027 277 117 285 138
bottle 0.0020 232 164 283 242
bottle 0.0019 271 106 283 137
bottle 0.0019 212 331 275 373
bottle 0.0017 252 144 260 162
bottle 0.0016 282 130 292 162
bottle 0.0015 251 60 262 82
bottle 0.0012 259 102 279 138
bottle 0.0012 272 66 284 79
bottle 0.0012 239 165 269 220
bottle 0.0010 260 105 269 123
bottle 0.0010 171 83 357 208
chair 0.7423 383 47 411 82
chair 0.6526 0 129 35 166
chair 0.6436 56 82 94 106
chair 0.6299 472 167 499 194
chair 0.6008 50 98 88 153
chair 0.3666 79 80 119 106
chair 0.3411 422 45 444 74
chair 0.2811 143 55 170 67
chair 0.1865 361 47 385 83
chair 0.1421 323 44 338 77
chair 0.0971 344 44 360 55
chair 0.0909 0 351 14 374
chair 0.0724 468 149 488 171
chair 0.0688 412 298 500 372
chair 0.0614 378 60 389 83
chair 0.0534 330 99 348 116
chair 0.0374 356 179 395 189
chair 0.0305 415 168 499 370
chair 0.0275 423 61 444 74
chair 0.0239 149 66 183 90
chair 0.0227 365 227 388 252
chair 0.0217 210 70 221 84
chair 0.0208 84 359 96 374
chair 0.0197 142 58 175 86
chair 0.0175 204 77 222 108
chair 0.0148 450 293 498 319
chair 0.0126 485 104 499 166
chair 0.0121 261 67 274 80
chair 0.0115 415 45 444 109
chair 0.0114 467 154 479 171
chair 0.0101 96 120 139 227
chair 0.0101 0 105 52 150
chair 0.0099 324 44 338 53
chair 0.0092 111 157 126 201
chair 0.0085 385 46 407 63
chair 0.0077 209 70 221 95
chair 0.0071 75 355 96 375
chair 0.0069 40 91 90 116
chair 0.0067 470 165 499 300
chair 0.0065 395 47 406 62
chair 0.0060 323 75 336 84
chair 0.0051 63 128 78 152
chair 0.0050 328 98 337 116
chair 0.0049 27 94 87 164
chair 0.0047 311 48 333 81
chair 0.0045 333 111 353 133
chair 0.0044 458 164 500 353
chair 0.0043 35 120 64 162
chair 0.0041 482 130 500 170
chair 0.0040 480 168 499 225
chair 0.0040 195 125 211 145
chair 0.0039 433 45 445 62
chair 0.0039 356 181 389 208
chair 0.0038 57 82 92 92
chair 0.0038 110 82 132 105
chair 0.0037 321 44 360 89
chair 0.0036 375 47 398 70
chair 0.0034 481 283 500 307
chair 0.0034 111 105 130 199
chair 0.0034 440 289 500 348
chair 0.0032 385 230 412 253
chair 0.0032 0 130 36 200
chair 0.0031 474 100 499 185
chair 0.0026 323 75 336 93
chair 0.0026 332 107 349 118
chair 0.0025 71 102 91 152
chair 0.0023 0 83 29 103
chair 0.0023 64 268 117 323
chair 0.0023 418 52 444 87
chair 0.0023 111 147 129 183
chair 0.0023 313 59 326 82
chair 0.0023 455 274 500 322
chair 0.0021 379 59 398 83
chair 0.0021 392 6 444 116
chair 0.0021 0 119 61 164
chair 0.0021 331 82 353 100
chair 0.0020 211 68 222 76
chair 0.0020 151 70 182 105
chair 0.0020 359 47 392 67
chair 0.0019 331 96 354 133
chair 0.0017 359 203 398 254
chair 0.0015 54 88 124 151
chair 0.0015 60 132 79 170
chair 0.0014 0 85 5 101
chair 0.0014 347 141 384 168
chair 0.0014 300 59 317 82
chair 0.0014 0 287 31 373
chair 0.0013 472 168 499 181
chair 0.0013 311 63 319 81
chair 0.0012 328 44 361 71
chair 0.0012 350 126 393 175
chair 0.0012 465 282 500 309
chair 0.0012 185 58 213 76
chair 0.0012 0 83 18 100
chair 0.0012 377 63 384 84
chair 0.0012 150 99 159 106
chair 0.0012 343 44 372 59
chair 0.0011 491 185 499 270
chair 0.0011 114 66 133 104
chair 0.0011 424 45 441 64
chair 0.0011 494 168 499 174
chair 0.0011 0 314 14 373
chair 0.0010 213 90 221 107
chair 0.0010 79 80 116 90
chair 0.0010 335 120 352 133
chair 0.0010 203 131 216 146
chair 0.0010 344 53 361 64
chair 0.0010 481 210 499 346
chair 0.0010 489 102 499 144
pottedplant 0.0183 150 67 184 105
pottedplant 0.0057 322 1 364 88
pottedplant 0.0044 323 0 401 82
pottedplant 0.0043 413 3 499 178
pottedplant 0.0023 343 0 369 45
pottedplant 0.0021 169 0 210 68
pottedplant 0.0018 482 142 499 170
pottedplant 0.0016 448 44 488 88
pottedplant 0.0016 453 63 479 88
pottedplant 0.0013 82 7 134 104
pottedplant 0.0013 467 101 500 192
diningtable 0.8858 83 76 419 374
diningtable 0.3662 0 87 86 158
diningtable 0.1372 28 93 86 113
diningtable 0.0967 0 88 85 113
diningtable 0.0600 145 66 184 102
diningtable 0.0541 147 66 183 74
diningtable 0.0453 324 45 360 78
diningtable 0.0435 29 93 88 148
diningtable 0.0421 55 80 119 107
diningtable 0.0410 359 43 402 59
diningtable 0.0356 324 44 401 84
diningtable 0.0322 0 104 52 144
diningtable 0.0294 143 66 183 85
diningtable 0.0292 111 63 185 104
diningtable 0.0269 325 43 401 62
diningtable 0.0266 370 46 400 56
diningtable 0.0192 325 44 359 57
diningtable 0.0142 343 44 360 57
diningtable 0.0100 323 44 339 78
diningtable 0.0099 0 83 31 106
diningtable 0.0096 39 70 188 107
diningtable 0.0091 252 94 291 120
diningtable 0.0082 370 43 400 50
diningtable 0.0066 110 63 179 84
diningtable 0.0058 94 65 133 105
diningtable 0.0056 19 117 65 162
diningtable 0.0055 260 72 278 92
diningtable 0.0047 246 80 295 117
diningtable 0.0045 375 47 398 69
diningtable 0.0044 371 38 385 46
diningtable 0.0038 38 95 65 109
diningtable 0.0037 83 63 236 111
diningtable 0.0035 102 79 132 105
diningtable 0.0034 207 167 333 203
diningtable 0.0029 88 225 420 373
diningtable 0.0028 91 312 220 372
diningtable 0.0025 344 45 389 54
diningtable 0.0024 325 44 338 54
diningtable 0.0023 0 77 57 97
diningtable 0.0023 231 82 283 105
diningtable 0.0020 327 56 361 101
diningtable 0.0019 252 63 280 82
diningtable 0.0019 293 92 340 140
diningtable 0.0018 376 54 393 64
diningtable 0.0016 377 49 400 58
diningtable 0.0016 143 64 228 104
diningtable 0.0016 176 131 358 205
diningtable 0.0015 358 44 384 50
diningtable 0.0014 232 74 351 141
diningtable 0.0012 87 302 304 375
diningtable 0.0012 54 91 89 106
diningtable 0.0012 259 146 351 201
diningtable 0.0012 259 79 272 89
diningtable 0.0011 131 64 183 77
diningtable 0.0010 315 247 420 367
diningtable 0.0010 269 67 292 97
diningtable 0.0010 359 46 393 67
