person 0.0012 228 135 248 151
person 0.0012 256 129 269 144
car 0.0902 430 126 443 133
car 0.0781 424 126 432 133
car 0.0313 439 127 453 133
car 0.0095 447 129 457 134
car 0.0027 391 141 415 149
car 0.0013 318 122 334 134
aeroplane 0.9247 28 104 486 200
aeroplane 0.7689 465 118 499 135
aeroplane 0.1755 321 116 406 149
aeroplane 0.0548 402 119 432 132
aeroplane 0.0401 314 113 347 135
aeroplane 0.0390 430 126 451 133
aeroplane 0.0387 424 125 444 133
aeroplane 0.0345 488 129 500 136
aeroplane 0.0335 330 122 391 144
aeroplane 0.0321 314 115 473 152
aeroplane 0.0231 293 107 348 134
aeroplane 0.0207 346 116 440 140
aeroplane 0.0171 408 133 478 148
aeroplane 0.0142 320 131 395 151
aeroplane 0.0125 316 110 347 123
aeroplane 0.0123 110 0 127 15
aeroplane 0.0104 373 117 431 136
aeroplane 0.0102 459 125 466 132
aeroplane 0.0100 354 117 401 139
aeroplane 0.0099 438 126 456 134
aeroplane 0.0091 398 117 478 147
aeroplane 0.0088 275 128 477 194
aeroplane 0.0076 382 116 400 140
aeroplane 0.0062 424 126 432 133
aeroplane 0.0059 346 122 394 135
aeroplane 0.0051 414 119 495 136
aeroplane 0.0050 444 126 461 133
aeroplane 0.0050 382 126 400 139
aeroplane 0.0031 318 122 334 135
aeroplane 0.0028 120 126 186 151
aeroplane 0.0024 320 133 477 169
aeroplane 0.0023 186 108 479 178
aeroplane 0.0015 361 125 384 133
aeroplane 0.0015 254 111 409 149
aeroplane 0.0012 345 123 368 133
aeroplane 0.0012 366 126 401 139
bird 0.0563 111 0 127 15
