person 0.8986 308 219 332 311
person 0.8801 263 228 281 294
person 0.8639 275 230 294 289
person 0.8367 295 223 315 296
person 0.0558 277 225 287 238
person 0.0177 293 234 304 260
person 0.0114 295 233 304 246
person 0.0064 311 221 332 256
person 0.0055 299 224 314 258
person 0.0037 327 230 333 243
person 0.0033 293 225 304 291
person 0.0032 327 259 333 320
person 0.0032 327 224 333 305
person 0.0029 322 221 333 247
person 0.0028 277 231 292 251
person 0.0020 81 155 104 187
person 0.0020 274 227 282 240
person 0.0019 233 232 240 262
person 0.0019 322 224 332 234
person 0.0019 327 230 333 263
person 0.0012 327 252 333 292
car 0.8310 0 239 25 264
car 0.8184 1 236 44 253
car 0.4569 287 229 305 242
car 0.1470 231 241 239 273
car 0.0581 35 238 50 253
car 0.0229 289 236 303 261
car 0.0148 38 237 49 244
car 0.0124 218 240 237 275
car 0.0095 286 226 332 247
car 0.0088 232 240 246 273
car 0.0053 326 229 332 239
car 0.0032 277 232 294 249
car 0.0029 1 236 25 249
car 0.0020 36 238 63 254
car 0.0019 324 225 333 235
car 0.0019 14 249 24 264
car 0.0018 0 238 18 248
car 0.0012 277 229 298 242
car 0.0010 219 214 235 279
bus 0.8869 46 62 235 341
bus 0.0044 221 218 235 276
bus 0.0026 230 217 240 274
