person 0.1078 7 160 15 172
person 0.0624 1 161 14 173
person 0.0588 0 162 10 172
person 0.0254 49 158 59 171
person 0.0181 62 160 69 172
person 0.0078 75 163 90 171
person 0.0062 149 159 159 166
person 0.0046 72 162 82 170
person 0.0045 58 160 63 171
person 0.0039 15 158 24 167
person 0.0036 167 160 173 166
person 0.0035 21 179 37 194
person 0.0027 148 159 165 169
person 0.0027 52 153 70 172
person 0.0026 29 164 36 172
person 0.0024 495 287 499 330
person 0.0023 61 148 70 171
person 0.0021 70 159 79 170
person 0.0020 28 178 39 187
person 0.0019 25 163 33 170
person 0.0019 42 166 58 172
person 0.0018 147 161 164 174
person 0.0018 99 166 119 175
person 0.0018 68 160 74 170
person 0.0015 158 156 163 164
person 0.0011 145 156 157 164
person 0.0011 39 184 53 193
person 0.0010 161 159 169 167
person 0.0010 143 158 152 165
car 0.9450 0 173 138 237
car 0.9132 140 166 200 206
car 0.8739 231 164 461 319
car 0.7941 241 178 266 203
car 0.7583 72 165 147 195
car 0.7121 0 214 25 256
car 0.4154 184 168 208 185
car 0.3949 169 165 208 185
car 0.1876 29 167 59 173
car 0.1516 28 172 114 194
car 0.1084 121 165 148 175
car 0.0799 11 166 59 175
car 0.0581 0 163 10 172
car 0.0424 0 182 10 191
car 0.0422 0 171 19 191
car 0.0388 72 164 95 174
car 0.0328 10 166 33 176
car 0.0326 11 275 473 330
car 0.0250 0 161 14 173
car 0.0245 0 168 32 185
car 0.0232 0 169 12 181
car 0.0125 0 188 6 201
car 0.0120 24 170 83 179
car 0.0115 0 190 3 201
car 0.0103 7 317 104 332
car 0.0091 9 164 59 183
car 0.0090 74 165 134 176
car 0.0073 0 180 27 252
car 0.0072 48 167 60 172
car 0.0051 1 169 63 191
car 0.0037 61 173 115 190
car 0.0034 61 164 107 177
car 0.0033 147 159 166 169
car 0.0025 0 180 11 206
car 0.0022 92 166 113 176
car 0.0021 257 179 266 203
car 0.0021 0 166 38 196
car 0.0019 148 163 167 174
car 0.0019 160 166 197 181
car 0.0018 13 158 26 169
car 0.0018 87 166 106 175
car 0.0017 0 185 9 201
car 0.0014 65 164 80 172
car 0.0013 59 164 84 174
car 0.0011 204 156 226 166
car 0.0011 24 166 48 174
car 0.0011 7 161 19 174
car 0.0011 167 165 189 178
car 0.0010 125 165 149 183
car 0.0010 191 154 225 170
car 0.0010 82 175 111 189
motorbike 0.0020 0 210 28 258
tvmonitor 0.0514 382 2 433 45
