person 0.5953 90 92 101 111
person 0.5497 144 76 156 97
person 0.5336 97 112 107 136
person 0.4769 173 136 186 157
person 0.2369 129 135 141 155
person 0.1858 256 95 266 107
person 0.0273 280 93 285 100
person 0.0266 212 68 217 75
person 0.0235 229 66 239 80
person 0.0163 141 67 153 79
person 0.0152 233 67 241 79
person 0.0091 278 77 282 88
person 0.0090 229 72 236 80
person 0.0078 150 67 154 78
person 0.0071 260 72 267 84
person 0.0069 299 106 308 114
person 0.0067 217 66 222 75
person 0.0067 293 105 300 114
person 0.0059 281 78 288 91
person 0.0056 83 34 93 50
person 0.0050 284 80 290 90
person 0.0044 141 73 150 79
person 0.0044 186 60 192 66
person 0.0043 110 58 119 70
person 0.0035 206 54 215 65
person 0.0032 279 92 287 105
person 0.0025 308 101 319 119
person 0.0025 294 68 304 85
person 0.0025 97 124 107 136
person 0.0024 278 74 285 86
person 0.0023 282 84 288 91
person 0.0020 290 98 299 113
person 0.0019 302 105 310 118
person 0.0018 223 88 230 95
person 0.0017 163 54 172 63
person 0.0017 231 89 236 96
person 0.0016 305 91 312 97
person 0.0015 276 74 281 85
person 0.0015 223 66 230 77
person 0.0014 304 84 313 97
person 0.0013 257 68 264 75
person 0.0013 256 72 262 83
person 0.0013 156 54 163 61
person 0.0013 310 87 320 98
person 0.0012 98 53 108 67
person 0.0012 198 62 205 71
person 0.0012 213 62 220 75
person 0.0011 207 35 218 59
person 0.0011 273 68 279 79
person 0.0010 243 63 248 71
person 0.0010 205 55 215 72
person 0.0010 277 71 289 89
person 0.0010 218 33 225 47
person 0.0010 178 74 185 96
cat 0.0550 239 377 359 499
dog 0.8134 237 377 358 500
dog 0.0022 238 478 322 499
diningtable 0.0017 8 242 362 481
tvmonitor 0.9378 28 0 369 284
tvmonitor 0.0019 0 5 38 255
