person 0.9587 84 84 223 371
person 0.9042 271 163 396 343
person 0.8367 263 266 394 373
person 0.7873 354 266 494 372
person 0.6700 271 144 335 255
person 0.0452 99 117 117 140
person 0.0274 271 155 393 256
person 0.0075 353 347 420 374
person 0.0056 97 116 117 158
person 0.0042 313 164 397 283
person 0.0029 319 266 394 351
person 0.0024 271 271 316 343
person 0.0022 353 271 376 307
person 0.0021 296 145 336 224
person 0.0013 356 269 398 364
person 0.0012 431 267 499 372
bottle 0.5711 240 244 252 286
bottle 0.3911 225 250 243 291
bottle 0.2474 63 194 84 246
bottle 0.0193 64 223 83 246
bottle 0.0159 226 229 243 256
bottle 0.0057 240 242 251 266
bottle 0.0040 220 265 236 336
bottle 0.0039 201 249 225 281
bottle 0.0031 215 250 223 268
bottle 0.0027 51 190 86 285
bottle 0.0019 211 247 222 265
bottle 0.0019 216 250 227 276
bottle 0.0019 204 224 247 288
bottle 0.0018 72 205 83 225
bottle 0.0016 63 192 82 222
chair 0.5018 424 212 469 278
chair 0.2522 268 179 306 259
chair 0.0682 400 228 435 267
chair 0.0431 0 206 6 220
chair 0.0289 268 155 335 257
chair 0.0241 389 234 406 268
chair 0.0147 350 147 475 238
chair 0.0123 269 178 306 218
chair 0.0092 350 347 419 374
chair 0.0078 261 200 271 239
chair 0.0076 354 311 500 373
chair 0.0062 180 165 235 229
chair 0.0053 230 152 261 241
chair 0.0036 0 332 5 373
chair 0.0028 266 266 400 370
chair 0.0025 271 225 297 259
chair 0.0023 472 230 499 281
chair 0.0020 336 266 493 372
chair 0.0017 374 164 432 213
chair 0.0017 91 308 103 374
chair 0.0017 0 122 93 335
chair 0.0016 355 348 499 374
chair 0.0013 262 196 277 242
chair 0.0012 269 163 318 314
chair 0.0010 2 207 54 242
chair 0.0010 190 271 238 354
sofa 0.7488 270 147 474 267
sofa 0.2321 268 179 306 259
sofa 0.1352 350 147 475 238
sofa 0.0189 269 178 306 218
sofa 0.0168 268 156 335 256
sofa 0.0124 343 317 498 373
sofa 0.0106 350 348 419 374
sofa 0.0041 374 168 475 266
sofa 0.0041 263 175 405 264
sofa 0.0031 271 225 297 259
sofa 0.0027 345 348 497 375
sofa 0.0021 400 223 436 260
sofa 0.0018 424 212 470 285
sofa 0.0015 269 171 315 305
sofa 0.0014 266 194 474 356
sofa 0.0012 372 213 471 275
pottedplant 0.5144 4 13 112 200
pottedplant 0.0059 45 112 84 139
pottedplant 0.0047 79 144 114 201
pottedplant 0.0032 201 262 224 292
pottedplant 0.0025 41 102 112 201
pottedplant 0.0024 -10 -18 126 359
pottedplant 0.0011 0 139 23 153
pottedplant 0.0010 1 14 71 148
pottedplant 0.0010 205 255 235 334
diningtable 0.2667 0 240 97 316
diningtable 0.1187 2 237 266 357
diningtable 0.0394 474 255 499 280
diningtable 0.0270 483 310 499 372
diningtable 0.0144 2 216 229 314
diningtable 0.0137 0 299 101 373
diningtable 0.0131 197 233 266 337
diningtable 0.0059 485 352 499 374
diningtable 0.0047 0 219 45 258
diningtable 0.0040 470 266 499 372
diningtable 0.0036 0 116 91 334
diningtable 0.0030 3 238 95 275
diningtable 0.0022 472 232 499 281
diningtable 0.0017 433 264 499 368
diningtable 0.0014 192 268 237 350
diningtable 0.0013 201 223 261 297
diningtable 0.0013 0 247 58 272
diningtable 0.0011 468 270 495 304
tvmonitor 0.8651 0 122 84 240
tvmonitor 0.0072 180 165 235 226
tvmonitor 0.0022 49 114 86 141
