person 0.7626 45 65 57 97
person 0.7130 29 65 42 100
person 0.3776 6 64 15 88
person 0.2368 29 48 38 61
person 0.2275 70 66 78 91
person 0.2117 39 45 46 58
person 0.1203 4 57 10 67
person 0.0884 440 95 452 110
person 0.0697 78 63 86 81
person 0.0567 22 67 29 86
person 0.0521 46 44 52 58
person 0.0426 252 90 272 127
person 0.0375 16 67 23 87
person 0.0343 53 40 61 57
person 0.0330 232 88 271 127
person 0.0186 58 69 73 92
person 0.0158 9 58 15 68
person 0.0147 201 49 208 58
person 0.0140 116 75 155 110
person 0.0138 1 58 11 77
person 0.0131 68 64 85 91
person 0.0112 123 74 155 96
person 0.0107 18 69 26 87
person 0.0073 66 24 75 35
person 0.0063 80 62 91 76
person 0.0062 21 72 32 92
person 0.0062 0 66 8 85
person 0.0056 181 86 202 114
person 0.0054 494 101 499 115
person 0.0052 251 89 270 109
person 0.0049 75 65 80 79
person 0.0047 0 66 7 76
person 0.0043 453 101 465 114
person 0.0043 43 2 51 15
person 0.0042 441 94 452 102
person 0.0041 23 52 41 70
person 0.0039 235 90 256 123
person 0.0037 61 70 70 84
person 0.0035 209 86 267 131
person 0.0035 446 100 461 113
person 0.0034 197 50 209 61
person 0.0034 17 66 23 79
person 0.0033 473 104 483 113
person 0.0032 52 41 58 57
person 0.0031 50 46 57 58
person 0.0030 465 103 477 113
person 0.0028 460 102 470 114
person 0.0026 29 65 39 81
person 0.0024 482 77 499 97
person 0.0022 6 58 17 69
person 0.0022 326 63 344 84
person 0.0021 475 46 480 54
person 0.0019 55 71 69 87
person 0.0018 303 111 314 124
person 0.0018 488 95 499 102
person 0.0018 478 104 489 114
person 0.0017 488 103 497 115
person 0.0015 448 53 454 61
person 0.0015 20 67 34 82
person 0.0015 347 68 356 76
person 0.0014 333 64 344 78
person 0.0014 485 91 500 100
person 0.0014 382 5 392 17
person 0.0013 38 66 46 74
person 0.0013 182 98 202 113
person 0.0013 58 33 67 40
person 0.0013 293 0 299 9
person 0.0013 12 65 19 83
person 0.0012 255 92 302 128
person 0.0012 324 110 339 123
person 0.0011 476 102 496 115
person 0.0011 423 3 435 17
person 0.0010 484 46 491 54
person 0.0010 296 108 315 125
person 0.0010 318 61 340 87
person 0.0010 166 83 203 116
bicycle 0.0187 23 81 34 93
bicycle 0.0048 21 79 31 90
bicycle 0.0032 21 72 32 92
car 0.9531 59 32 448 289
car 0.8016 436 96 499 150
car 0.5836 324 70 423 117
car 0.1207 175 55 206 63
car 0.0533 462 92 493 102
car 0.0196 442 53 499 101
car 0.0170 55 74 70 89
car 0.0131 446 52 499 73
car 0.0096 18 63 68 87
car 0.0067 0 66 11 89
car 0.0061 352 70 405 89
car 0.0049 0 67 7 78
car 0.0040 489 91 499 100
car 0.0039 482 76 499 100
car 0.0034 324 76 379 116
car 0.0030 61 47 76 56
car 0.0028 300 82 341 123
car 0.0028 330 65 498 149
car 0.0028 429 55 500 150
car 0.0027 388 91 500 153
car 0.0027 54 76 62 89
car 0.0026 493 98 500 104
car 0.0026 172 50 205 61
car 0.0020 353 69 380 84
car 0.0018 0 81 9 90
car 0.0016 491 93 500 106
car 0.0016 13 42 82 86
car 0.0016 55 69 79 92
car 0.0011 182 50 196 56
car 0.0011 373 74 434 125
car 0.0011 384 78 423 96
car 0.0011 461 91 495 109
car 0.0010 172 52 209 69
motorbike 0.0073 0 66 8 78
bus 0.0145 441 53 499 101
tvmonitor 0.0021 483 77 499 95
tvmonitor 0.0010 443 53 499 99
