person 0.0199 0 176 7 186
person 0.0080 37 180 47 198
person 0.0065 0 211 6 230
person 0.0058 46 192 57 212
person 0.0040 19 184 23 191
person 0.0027 0 219 5 230
person 0.0013 0 196 8 230
car 0.2071 37 185 48 199
car 0.1169 36 182 55 199
car 0.0551 31 180 47 197
car 0.0063 0 175 7 185
car 0.0028 44 181 57 204
car 0.0027 46 181 56 195
car 0.0025 0 198 4 203
chair 0.0112 131 223 158 251
chair 0.0065 131 217 184 251
chair 0.0049 94 202 122 244
chair 0.0010 95 214 114 245
pottedplant 0.5927 180 177 217 232
pottedplant 0.3344 132 83 270 231
pottedplant 0.2833 123 116 176 214
pottedplant 0.2727 71 179 104 211
pottedplant 0.1980 123 180 157 215
pottedplant 0.1978 103 178 136 211
pottedplant 0.1198 205 185 236 238
pottedplant 0.1160 183 232 226 251
pottedplant 0.0563 223 177 307 249
pottedplant 0.0523 223 177 447 249
pottedplant 0.0495 37 151 79 201
pottedplant 0.0445 46 192 57 211
pottedplant 0.0357 123 87 211 216
pottedplant 0.0252 139 83 269 158
pottedplant 0.0249 163 175 185 212
pottedplant 0.0198 38 151 80 172
pottedplant 0.0182 179 127 217 230
pottedplant 0.0169 51 201 58 211
pottedplant 0.0142 173 229 189 251
pottedplant 0.0141 127 114 212 179
pottedplant 0.0134 191 85 270 189
pottedplant 0.0122 74 203 99 229
pottedplant 0.0115 96 178 134 242
pottedplant 0.0108 207 108 260 157
pottedplant 0.0102 223 181 266 249
pottedplant 0.0098 52 197 91 226
pottedplant 0.0081 185 186 234 250
pottedplant 0.0077 60 198 79 225
pottedplant 0.0077 215 185 236 207
pottedplant 0.0058 132 223 188 251
pottedplant 0.0051 156 118 213 215
pottedplant 0.0046 103 180 116 211
pottedplant 0.0040 160 132 187 211
pottedplant 0.0038 122 179 140 203
pottedplant 0.0036 104 192 114 211
pottedplant 0.0036 167 175 184 199
pottedplant 0.0035 150 130 187 181
pottedplant 0.0035 187 181 286 251
pottedplant 0.0034 71 181 114 232
pottedplant 0.0032 38 153 54 167
pottedplant 0.0031 141 178 183 213
pottedplant 0.0030 50 180 103 226
pottedplant 0.0026 265 108 299 144
pottedplant 0.0024 45 185 63 209
pottedplant 0.0022 80 178 130 211
pottedplant 0.0019 180 176 206 190
pottedplant 0.0019 71 180 87 201
pottedplant 0.0017 125 196 155 216
pottedplant 0.0013 140 200 151 215
pottedplant 0.0013 124 177 157 198
pottedplant 0.0013 90 191 105 211
pottedplant 0.0013 159 116 211 150
pottedplant 0.0013 96 195 154 244
pottedplant 0.0012 125 204 148 218
pottedplant 0.0012 178 216 189 229
pottedplant 0.0010 183 126 211 154
pottedplant 0.0010 355 119 378 142
