chair 0.9472 228 219 320 331
chair 0.9157 248 180 297 231
chair 0.7042 403 148 455 214
chair 0.0909 413 146 442 170
chair 0.0258 376 112 455 208
chair 0.0247 406 146 443 187
chair 0.0153 433 151 455 172
chair 0.0065 264 147 301 190
chair 0.0064 404 183 439 214
chair 0.0058 375 113 412 189
chair 0.0056 429 151 455 192
chair 0.0043 249 113 267 180
chair 0.0015 265 126 324 192
pottedplant 0.0010 461 63 485 83
tvmonitor 0.1855 181 135 230 192
tvmonitor 0.0108 263 123 322 190
tvmonitor 0.0010 268 127 322 163
