person 0.9510 84 10 499 370
person 0.0013 0 92 71 241
bottle 0.8973 0 250 44 372
bottle 0.0801 235 278 255 304
bottle 0.0777 40 244 174 372
bottle 0.0523 0 203 14 240
bottle 0.0283 24 315 71 375
bottle 0.0180 0 244 10 275
bottle 0.0075 0 243 9 260
bottle 0.0048 143 348 165 374
bottle 0.0031 4 311 49 373
bottle 0.0025 0 205 14 274
bottle 0.0017 145 329 260 374
bottle 0.0016 235 278 256 334
bottle 0.0016 189 344 226 375
chair 0.0013 0 94 72 241
diningtable 0.0085 6 218 251 371
diningtable 0.0077 0 220 61 277
diningtable 0.0029 4 322 246 372
diningtable 0.0024 143 330 255 373
diningtable 0.0024 0 215 64 369
