person 0.0226 478 338 499 374
person 0.0086 31 204 35 216
person 0.0065 216 206 222 212
person 0.0042 248 204 253 215
person 0.0042 230 206 236 213
person 0.0038 493 343 499 372
person 0.0029 41 206 46 214
person 0.0028 211 207 221 213
person 0.0027 461 199 471 211
person 0.0023 148 204 155 215
person 0.0021 467 199 473 211
person 0.0020 71 197 81 204
person 0.0018 45 203 51 211
person 0.0015 235 207 242 217
person 0.0014 142 204 150 219
person 0.0013 148 199 155 210
person 0.0012 155 200 160 208
person 0.0010 38 202 44 212
car 0.8864 460 204 499 228
car 0.8713 99 206 146 226
car 0.8653 36 208 78 227
car 0.8380 280 208 344 228
car 0.8233 148 202 208 228
car 0.8094 64 203 100 224
car 0.7880 341 199 428 232
car 0.7333 247 208 289 225
car 0.7292 206 209 243 226
car 0.3350 98 204 121 214
car 0.3159 335 207 359 215
car 0.2107 278 203 319 225
car 0.2099 440 198 472 227
car 0.1436 413 197 445 229
car 0.0963 265 209 301 225
car 0.0884 284 202 317 214
car 0.0562 179 201 240 226
car 0.0559 483 204 500 214
car 0.0546 181 201 208 213
car 0.0488 98 204 121 224
car 0.0418 376 195 446 228
car 0.0351 281 204 293 212
car 0.0299 124 200 153 220
car 0.0243 247 209 269 225
car 0.0215 278 202 303 213
car 0.0212 478 338 499 374
car 0.0205 178 199 206 208
car 0.0201 192 187 211 194
car 0.0131 226 210 243 225
car 0.0087 122 207 147 224
car 0.0083 262 195 297 209
car 0.0082 106 203 120 209
car 0.0079 462 199 472 210
car 0.0068 177 193 230 211
car 0.0067 124 205 146 213
car 0.0054 278 210 305 227
car 0.0054 175 202 213 226
car 0.0051 325 207 343 213
car 0.0045 123 198 151 211
car 0.0043 179 197 202 204
car 0.0034 268 208 286 214
car 0.0033 264 202 294 213
car 0.0032 206 210 226 226
car 0.0030 234 211 245 221
car 0.0030 429 199 447 226
car 0.0027 441 198 472 211
car 0.0023 239 209 249 223
car 0.0022 468 200 499 214
car 0.0020 285 206 342 216
car 0.0020 334 207 360 224
car 0.0018 147 207 161 225
car 0.0018 153 206 164 214
car 0.0018 172 192 185 198
car 0.0017 419 211 435 229
car 0.0016 144 207 152 222
car 0.0016 179 194 213 206
car 0.0016 243 212 250 223
car 0.0016 2 204 21 215
car 0.0015 60 175 73 184
car 0.0013 37 206 44 214
car 0.0013 214 194 234 211
car 0.0013 491 204 499 210
car 0.0013 251 207 289 217
car 0.0013 213 207 241 215
car 0.0013 218 207 235 213
car 0.0011 164 202 179 209
car 0.0011 157 204 171 212
car 0.0011 491 206 499 215
car 0.0011 84 203 99 208
car 0.0010 410 200 428 228
car 0.0010 263 206 282 213
car 0.0010 198 190 209 194
motorbike 0.0384 478 338 499 373
