person 0.4534 432 164 496 184
person 0.4133 161 144 241 183
person 0.1253 190 60 251 91
person 0.0254 190 77 218 91
person 0.0181 224 61 251 83
person 0.0059 201 77 220 90
person 0.0058 196 76 233 91
person 0.0037 0 144 243 184
person 0.0034 193 60 223 90
person 0.0022 185 78 210 95
person 0.0016 182 66 224 152
person 0.0014 182 55 254 146
person 0.0012 160 144 320 182
person 0.0012 307 173 347 184
person 0.0011 417 50 453 113
car 0.5586 39 37 404 158
car 0.0663 317 23 480 126
car 0.0382 162 145 242 183
car 0.0148 212 36 410 152
car 0.0036 36 58 241 160
car 0.0019 0 145 241 183
motorbike 0.0096 52 33 496 152
motorbike 0.0015 158 145 240 184
