person 0.8617 66 117 113 272
person 0.2113 11 94 38 220
person 0.0577 0 88 17 147
person 0.0527 13 96 37 167
person 0.0447 0 91 22 214
person 0.0443 173 129 218 208
person 0.0116 2 90 37 148
person 0.0065 12 96 36 131
person 0.0045 22 82 60 196
person 0.0035 0 145 26 205
person 0.0024 0 86 14 113
person 0.0016 25 76 56 148
person 0.0016 0 90 10 139
person 0.0014 0 146 38 227
person 0.0013 0 95 5 119
person 0.0012 105 119 159 214
person 0.0011 96 119 118 165
person 0.0010 184 122 202 143
cat 0.9289 97 137 312 365
cat 0.0056 184 139 319 317
chair 0.1177 181 261 332 367
chair 0.0057 46 144 69 187
chair 0.0041 31 145 59 187
chair 0.0039 108 156 175 219
chair 0.0035 0 146 24 210
chair 0.0032 174 138 216 200
chair 0.0025 210 152 231 180
chair 0.0023 0 137 38 226
sofa 0.1873 182 260 334 368
pottedplant 0.8015 341 3 499 366
pottedplant 0.0916 345 278 499 367
pottedplant 0.0035 479 286 500 335
pottedplant 0.0028 421 281 499 368
pottedplant 0.0017 471 287 500 368
pottedplant 0.0016 327 181 500 366
pottedplant 0.0013 436 318 500 368
