person 0.7851 159 79 233 146
person 0.0289 185 79 233 123
person 0.0063 212 97 233 122
person 0.0041 159 118 176 132
person 0.0019 189 80 216 109
person 0.0016 199 95 234 128
person 0.0012 169 118 177 128
dog 0.0025 200 94 233 124
bottle 0.0063 427 82 441 115
bottle 0.0021 426 101 439 116
bottle 0.0012 432 82 441 97
bottle 0.0011 77 63 82 72
bottle 0.0010 113 129 119 144
chair 0.4363 145 102 285 179
chair 0.3165 292 110 436 184
chair 0.0590 289 63 420 113
chair 0.0054 341 97 387 137
chair 0.0050 126 93 158 150
chair 0.0027 146 127 196 178
chair 0.0020 128 94 177 131
chair 0.0016 380 110 437 146
chair 0.0015 414 79 429 113
chair 0.0014 200 103 285 166
chair 0.0014 8 111 59 153
chair 0.0010 123 89 146 147
chair 0.0010 127 105 143 151
chair 0.0010 290 102 389 163
sofa 0.8896 288 63 420 113
sofa 0.8095 291 110 436 183
sofa 0.6575 146 102 285 179
sofa 0.0029 113 158 340 184
pottedplant 0.7415 207 22 236 56
pottedplant 0.0060 282 79 297 106
pottedplant 0.0010 282 81 304 117
pottedplant 0.0010 28 121 70 170
diningtable 0.0788 287 102 382 154
diningtable 0.0242 114 158 374 184
diningtable 0.0047 339 98 387 136
diningtable 0.0023 288 114 337 132
diningtable 0.0013 303 99 351 125
tvmonitor 0.5659 132 63 183 108
tvmonitor 0.3336 170 23 205 66
tvmonitor 0.1024 60 66 123 122
tvmonitor 0.0838 212 57 243 86
tvmonitor 0.0207 238 20 257 53
tvmonitor 0.0055 491 55 499 183
tvmonitor 0.0055 0 51 15 184
tvmonitor 0.0029 493 53 499 140
tvmonitor 0.0022 7 110 61 152
tvmonitor 0.0017 431 33 499 184
