person 0.7815 0 1 235 371
person 0.2668 28 42 497 370
person 0.1934 350 45 499 177
person 0.0595 209 47 498 182
person 0.0160 429 69 499 170
person 0.0040 94 213 172 316
person 0.0035 5 17 503 183
person 0.0013 42 237 264 369
dog 0.5009 37 48 499 371
chair 0.2695 193 0 380 93
chair 0.1712 0 103 21 212
chair 0.0551 264 0 346 86
chair 0.0416 193 0 266 94
chair 0.0213 167 0 198 68
chair 0.0170 216 1 299 92
chair 0.0136 0 160 16 240
chair 0.0133 190 0 220 86
chair 0.0097 0 15 25 224
chair 0.0080 191 0 265 22
chair 0.0077 299 0 346 66
chair 0.0028 0 105 18 167
chair 0.0027 12 1 200 75
chair 0.0025 2 2 222 225
chair 0.0024 190 0 206 70
chair 0.0024 0 17 20 144
chair 0.0021 0 104 50 212
chair 0.0020 339 9 384 51
chair 0.0019 0 103 12 144
chair 0.0016 199 0 324 30
chair 0.0015 212 0 300 22
chair 0.0013 0 118 37 370
chair 0.0013 -1 4 50 220
chair 0.0011 192 25 210 77
chair 0.0011 191 0 220 26
sofa 0.0203 430 71 499 144
sofa 0.0078 206 46 498 303
sofa 0.0062 26 114 501 370
sofa 0.0011 209 36 501 154
diningtable 0.1122 195 0 350 92
diningtable 0.0356 63 315 330 371
diningtable 0.0339 193 0 266 94
diningtable 0.0047 203 0 303 31
diningtable 0.0044 191 0 266 24
diningtable 0.0023 46 245 331 370
diningtable 0.0020 227 13 302 30
diningtable 0.0018 11 303 471 371
