person 0.0012 333 149 349 159
person 0.0011 129 156 132 161
car 0.2011 313 151 332 160
car 0.1489 295 153 309 159
car 0.0892 308 154 317 159
car 0.0774 458 141 475 151
car 0.0654 414 152 428 158
car 0.0495 357 150 369 156
car 0.0322 401 150 424 158
car 0.0167 319 153 332 160
car 0.0135 303 153 316 159
car 0.0114 426 150 439 157
car 0.0091 449 141 475 154
car 0.0072 400 150 413 158
car 0.0026 411 151 422 157
car 0.0022 421 153 428 158
car 0.0016 405 147 411 153
car 0.0012 257 153 271 159
car 0.0012 286 154 298 159
car 0.0010 347 153 356 159
bus 0.2594 311 149 356 159
bus 0.1596 333 149 356 159
bus 0.1338 311 150 332 160
horse 0.9374 401 191 468 239
horse 0.9088 53 169 91 201
horse 0.9084 158 177 188 202
horse 0.8994 329 186 392 235
horse 0.8873 206 180 217 207
horse 0.7948 218 165 226 178
horse 0.4529 328 184 351 203
horse 0.0281 329 184 351 230
horse 0.0107 374 191 392 222
horse 0.0061 328 186 466 239
horse 0.0029 3 165 476 231
horse 0.0021 329 185 386 208
horse 0.0021 179 178 188 195
horse 0.0018 206 180 216 193
horse 0.0015 15 176 78 219
horse 0.0015 42 170 189 210
horse 0.0014 158 178 174 194
horse 0.0013 161 178 214 205
horse 0.0012 175 178 188 201
