person 0.8596 402 1 436 167
person 0.8367 382 26 411 140
person 0.8095 325 3 363 99
person 0.7222 356 17 382 89
person 0.3758 51 13 77 129
person 0.2376 185 6 206 27
person 0.0136 50 72 70 129
person 0.0110 284 53 308 91
person 0.0074 0 59 16 126
person 0.0064 60 4 89 123
person 0.0049 155 56 209 105
person 0.0041 403 3 432 92
person 0.0040 0 94 20 127
person 0.0035 0 89 9 122
person 0.0033 33 6 72 132
person 0.0028 0 7 18 126
person 0.0027 62 64 83 123
person 0.0025 59 35 82 101
person 0.0023 0 -1 81 123
person 0.0022 183 4 207 63
person 0.0019 57 21 74 91
person 0.0017 348 13 381 120
person 0.0016 408 134 435 166
person 0.0015 56 0 83 55
person 0.0014 53 1 72 70
person 0.0013 278 56 311 105
person 0.0010 284 52 324 99
person 0.0010 61 16 83 67
car 0.9400 75 25 440 321
car 0.0027 325 0 406 28
car 0.0017 66 0 152 96
chair 0.0224 476 59 500 145
chair 0.0024 361 84 390 122
pottedplant 0.0234 153 0 190 29
pottedplant 0.0095 65 7 87 66
pottedplant 0.0012 154 1 205 43
pottedplant 0.0011 67 8 80 43
tvmonitor 0.0739 477 58 499 147
tvmonitor 0.0478 82 0 148 21
tvmonitor 0.0032 461 59 499 205
tvmonitor 0.0011 0 0 61 93
