person 0.9374 1 22 347 372
person 0.4826 373 299 440 373
person 0.1676 333 299 491 443
person 0.0360 380 7 499 371
person 0.0248 373 299 497 397
person 0.0127 428 65 500 372
person 0.0122 447 225 499 372
person 0.0117 448 329 499 375
person 0.0110 317 298 458 390
person 0.0108 440 304 499 437
person 0.0049 300 320 348 373
person 0.0046 -99 40 401 569
person 0.0045 385 188 500 370
person 0.0022 454 226 499 307
person 0.0011 191 298 490 461
person 0.0010 301 321 334 351
train 0.0441 6 1 496 369
tvmonitor 0.0021 355 202 409 263
