person 0.9436 119 207 199 466
person 0.9170 186 218 262 449
person 0.0202 179 225 194 259
bottle 0.0696 205 334 221 359
chair 0.9454 6 268 71 398
chair 0.9212 305 265 375 430
chair 0.0809 182 355 237 408
chair 0.0040 183 371 234 395
chair 0.0032 361 388 375 430
chair 0.0024 188 356 235 379
pottedplant 0.0195 0 167 64 224
pottedplant 0.0026 0 237 24 303
pottedplant 0.0025 12 303 56 329
pottedplant 0.0025 156 143 242 230
pottedplant 0.0015 0 236 49 301
pottedplant 0.0014 321 264 343 301
pottedplant 0.0010 97 257 133 321
