person 0.9585 96 87 345 329
person 0.6588 221 70 500 328
person 0.1192 137 120 159 195
person 0.0857 119 121 160 235
person 0.0139 138 120 158 157
person 0.0017 138 120 152 138
person 0.0014 481 84 500 311
person 0.0013 119 189 153 236
person 0.0012 496 107 500 118
car 0.0014 11 147 124 222
train 0.0269 1 102 186 223
train 0.0151 0 4 330 233
train 0.0011 0 8 132 227
chair 0.0382 32 213 90 256
chair 0.0164 35 211 129 274
chair 0.0023 80 212 130 256
chair 0.0017 0 220 30 237
chair 0.0012 119 188 155 235
diningtable 0.5868 0 264 164 330
diningtable 0.0466 72 291 164 331
diningtable 0.0043 0 287 38 331
diningtable 0.0028 0 252 91 292
diningtable 0.0026 2 212 141 276
diningtable 0.0010 1 267 73 331
