person 0.9530 0 142 195 499
person 0.9299 190 180 370 498
person 0.7645 123 128 223 486
person 0.5017 266 119 315 152
person 0.4786 255 142 331 195
person 0.4550 125 127 223 243
person 0.4520 254 142 374 334
person 0.3714 0 117 71 228
person 0.3200 314 143 337 199
person 0.2085 169 219 213 490
person 0.1124 20 126 70 171
person 0.1008 94 155 155 308
person 0.0907 326 165 374 475
person 0.0678 0 115 163 309
person 0.0675 313 144 374 332
person 0.0466 139 345 169 498
person 0.0375 104 172 134 232
person 0.0233 314 145 375 231
person 0.0219 158 132 268 478
person 0.0151 256 141 374 231
person 0.0131 128 176 137 190
person 0.0124 0 118 35 241
person 0.0118 0 121 59 497
person 0.0103 233 185 276 309
person 0.0098 179 152 231 483
person 0.0065 266 118 338 178
person 0.0058 136 265 179 498
person 0.0057 212 139 342 313
person 0.0048 10 194 171 402
person 0.0044 186 225 259 407
person 0.0040 123 169 141 202
person 0.0039 328 208 374 349
person 0.0037 228 231 258 309
person 0.0035 54 147 392 536
person 0.0030 117 133 233 322
person 0.0028 107 171 124 213
person 0.0028 283 143 382 489
person 0.0019 160 123 204 465
person 0.0018 196 149 265 370
person 0.0018 94 154 129 236
person 0.0018 127 175 137 199
person 0.0017 135 154 142 168
person 0.0016 136 181 142 189
person 0.0012 108 204 187 249
person 0.0011 22 127 71 147
person 0.0010 119 154 128 167
bottle 0.4961 130 114 150 148
bottle 0.0505 162 90 182 137
bottle 0.0030 214 118 229 141
chair 0.0306 341 328 375 489
chair 0.0058 329 212 374 330
chair 0.0046 354 419 374 500
chair 0.0033 342 403 374 477
chair 0.0030 365 319 375 410
chair 0.0013 0 386 31 499
chair 0.0011 338 207 374 222
sofa 0.0021 354 425 374 499
pottedplant 0.6786 171 64 228 144
pottedplant 0.0019 212 116 229 142
pottedplant 0.0012 188 112 217 144
pottedplant 0.0011 150 76 169 141
diningtable 0.0058 360 220 374 237
diningtable 0.0031 335 206 374 232
