bottle 0.0042 145 140 156 162
bottle 0.0010 138 135 145 163
bottle 0.0010 141 138 146 150
chair 0.9160 127 205 211 327
chair 0.8768 44 204 115 324
chair 0.7858 56 194 96 221
chair 0.6997 26 201 51 302
chair 0.3938 156 196 212 231
chair 0.3380 0 286 25 331
chair 0.1612 377 234 499 331
chair 0.0743 53 197 109 261
chair 0.0532 119 245 163 286
chair 0.0487 171 197 212 312
chair 0.0437 55 194 95 206
chair 0.0353 156 195 183 230
chair 0.0349 179 197 212 209
chair 0.0263 0 233 29 330
chair 0.0212 119 198 212 271
chair 0.0187 27 201 50 254
chair 0.0137 157 196 211 209
chair 0.0136 27 201 47 215
chair 0.0127 0 286 9 314
chair 0.0076 75 244 108 261
chair 0.0050 58 200 96 235
chair 0.0049 191 199 211 311
chair 0.0030 73 237 107 256
chair 0.0023 119 248 155 315
chair 0.0021 159 195 180 209
chair 0.0021 30 203 69 318
chair 0.0020 44 203 68 218
chair 0.0019 45 225 60 310
chair 0.0019 160 206 211 222
chair 0.0019 35 200 47 205
chair 0.0016 119 243 163 263
chair 0.0015 135 206 151 228
chair 0.0015 18 202 35 235
chair 0.0013 26 201 49 229
chair 0.0012 0 269 12 324
chair 0.0011 348 280 383 332
chair 0.0010 27 200 45 206
chair 0.0010 197 229 211 312
sofa 0.8826 377 234 499 330
sofa 0.2982 0 286 23 331
sofa 0.0145 0 233 29 331
sofa 0.0018 0 286 10 312
sofa 0.0015 379 281 498 331
pottedplant 0.7579 366 207 419 269
pottedplant 0.5915 110 182 146 228
pottedplant 0.1340 135 98 172 116
pottedplant 0.0024 158 101 172 115
pottedplant 0.0020 131 192 149 226
diningtable 0.8343 70 216 165 324
diningtable 0.1773 72 217 162 242
diningtable 0.0105 57 202 168 238
diningtable 0.0067 71 208 164 269
diningtable 0.0020 130 205 214 327
diningtable 0.0019 87 206 192 243
diningtable 0.0015 39 203 118 322
diningtable 0.0015 80 219 122 229
