person 0.8443 320 162 352 242
person 0.8027 42 180 73 234
person 0.7783 124 175 147 218
person 0.7430 152 177 170 203
person 0.7309 86 190 104 231
person 0.4415 144 179 155 202
person 0.3852 152 177 170 229
person 0.0072 48 181 70 207
person 0.0046 142 179 156 218
person 0.0029 59 183 70 204
person 0.0022 323 163 344 198
person 0.0022 90 192 102 210
person 0.0018 65 191 71 205
person 0.0016 142 201 164 227
person 0.0011 65 194 75 231
horse 0.9450 271 180 403 274
horse 0.8753 44 207 70 256
horse 0.8712 75 205 108 248
horse 0.8680 126 187 197 256
horse 0.7133 110 204 128 253
horse 0.1407 110 203 155 254
horse 0.0328 126 205 165 255
horse 0.0063 125 176 404 273
horse 0.0047 162 187 197 252
horse 0.0039 126 206 147 247
horse 0.0028 68 214 74 232
horse 0.0024 143 230 157 253
horse 0.0023 142 201 163 212
horse 0.0017 133 201 162 224
horse 0.0014 127 223 159 253
horse 0.0014 49 206 67 234
horse 0.0012 111 204 126 223
horse 0.0010 166 186 196 211
