person 0.9171 205 155 259 284
person 0.9141 254 204 340 304
person 0.7035 101 161 135 235
person 0.0178 154 179 164 189
person 0.0125 294 209 340 302
person 0.0055 62 1 75 44
person 0.0048 106 198 136 228
person 0.0028 248 215 277 280
person 0.0022 258 225 303 282
person 0.0017 292 239 311 301
person 0.0017 151 172 169 189
person 0.0015 152 178 167 196
person 0.0014 492 277 500 294
person 0.0012 0 149 3 198
person 0.0010 148 176 164 189
person 0.0010 494 299 499 305
bicycle 0.0262 236 209 276 281
bicycle 0.0225 178 204 269 282
bicycle 0.0118 253 248 276 281
bicycle 0.0036 121 214 206 284
bicycle 0.0023 127 242 180 282
bicycle 0.0020 238 206 253 233
bicycle 0.0018 239 206 266 238
bicycle 0.0011 237 207 250 266
car 0.5556 131 169 211 209
car 0.4187 0 163 80 231
car 0.0991 129 177 143 189
car 0.0584 137 169 212 191
car 0.0231 148 188 208 227
car 0.0092 128 178 143 202
car 0.0025 100 161 135 223
car 0.0024 100 174 145 191
car 0.0022 0 170 4 231
motorbike 0.7585 170 201 273 283
motorbike 0.6829 73 220 131 279
motorbike 0.6278 120 205 197 283
motorbike 0.0920 236 207 276 280
motorbike 0.0528 171 221 214 283
motorbike 0.0352 148 188 208 227
motorbike 0.0171 150 189 211 280
motorbike 0.0097 87 208 175 278
motorbike 0.0070 253 247 276 281
motorbike 0.0058 126 184 253 280
motorbike 0.0045 238 207 253 229
motorbike 0.0035 81 181 137 283
motorbike 0.0030 73 183 202 281
motorbike 0.0030 127 194 201 238
motorbike 0.0027 111 218 141 271
motorbike 0.0017 171 251 199 283
motorbike 0.0015 174 224 210 253
motorbike 0.0014 181 199 209 228
