pottedplant 0.7129 84 5 376 498
pottedplant 0.4088 84 174 154 324
pottedplant 0.3164 57 176 120 301
pottedplant 0.0730 0 235 16 275
pottedplant 0.0619 58 214 102 285
pottedplant 0.0470 134 246 374 498
pottedplant 0.0371 29 268 65 306
pottedplant 0.0371 0 269 27 303
pottedplant 0.0272 3 263 65 308
pottedplant 0.0185 67 239 95 285
pottedplant 0.0070 51 122 158 323
pottedplant 0.0062 89 239 150 325
pottedplant 0.0040 81 137 220 349
pottedplant 0.0039 32 151 68 280
pottedplant 0.0032 64 256 173 502
pottedplant 0.0027 0 265 59 498
pottedplant 0.0020 60 42 242 461
pottedplant 0.0020 85 68 281 339
pottedplant 0.0020 47 7 183 321
pottedplant 0.0019 132 5 363 253
pottedplant 0.0018 46 282 65 307
pottedplant 0.0017 280 5 374 499
pottedplant 0.0013 197 199 275 251
pottedplant 0.0010 128 260 178 500
