person 0.7485 205 239 231 284
person 0.7040 206 228 226 254
person 0.2402 160 218 165 230
person 0.1916 180 194 187 212
person 0.0537 207 239 231 260
person 0.0410 172 207 178 215
person 0.0283 160 134 167 141
person 0.0083 169 207 173 216
person 0.0063 161 207 167 215
person 0.0045 175 207 180 215
person 0.0041 38 268 47 299
person 0.0017 159 217 163 223
person 0.0014 172 204 176 212
bicycle 0.0968 206 254 231 294
bicycle 0.0011 179 197 186 213
motorbike 0.7686 206 254 231 295
motorbike 0.0186 160 219 166 231
motorbike 0.0017 223 255 231 281
horse 0.0013 171 207 180 216
horse 0.0012 159 218 167 231
cow 0.1524 163 207 169 216
cow 0.0047 168 207 178 216
cow 0.0033 84 246 90 251
cow 0.0027 159 218 167 231
