person 0.9350 119 231 267 501
person 0.0019 310 256 322 281
bird 0.0227 315 194 327 204
bottle 0.0068 242 337 253 368
bottle 0.0023 252 347 268 376
chair 0.5235 124 329 262 452
chair 0.0589 167 367 216 434
chair 0.0462 119 231 268 484
chair 0.0347 153 358 259 430
chair 0.0251 235 338 256 446
chair 0.0232 163 363 229 471
chair 0.0044 132 343 145 425
chair 0.0041 129 356 207 430
chair 0.0039 202 335 261 447
chair 0.0037 130 334 151 444
chair 0.0032 168 403 212 426
chair 0.0027 173 383 253 449
chair 0.0027 252 346 269 376
chair 0.0025 235 333 257 379
chair 0.0018 100 331 153 434
chair 0.0013 253 267 281 321
chair 0.0012 238 338 271 426
chair 0.0011 250 346 271 399
