person 0.0128 172 283 225 351
person 0.0061 11 36 36 132
person 0.0037 11 91 21 133
person 0.0032 11 36 37 75
person 0.0015 11 91 32 134
car 0.0016 11 133 39 164
bird 0.0259 172 282 225 351
horse 0.0022 11 36 37 75
cow 0.7373 142 3 207 129
cow 0.5457 92 46 147 128
cow 0.4735 205 0 273 121
cow 0.2927 14 41 146 128
cow 0.1784 209 0 273 51
cow 0.1622 237 29 275 94
cow 0.0762 144 0 269 129
cow 0.0462 231 0 274 30
cow 0.0375 145 0 210 19
cow 0.0304 146 0 265 48
cow 0.0217 92 1 200 127
cow 0.0188 204 38 234 111
cow 0.0187 143 0 206 41
cow 0.0178 174 0 208 18
cow 0.0166 143 0 174 12
cow 0.0149 148 0 258 24
cow 0.0109 241 0 263 7
cow 0.0101 96 0 170 38
cow 0.0097 238 61 275 99
cow 0.0081 210 0 247 27
cow 0.0071 173 0 209 39
cow 0.0068 240 0 264 13
cow 0.0065 244 26 274 51
cow 0.0064 12 34 72 133
cow 0.0058 95 0 172 77
cow 0.0052 11 32 37 134
cow 0.0037 201 46 248 131
cow 0.0034 190 29 231 88
cow 0.0033 206 7 247 106
cow 0.0030 123 0 171 24
cow 0.0030 143 5 194 75
cow 0.0027 243 64 275 128
cow 0.0024 179 0 241 44
cow 0.0022 257 0 275 30
cow 0.0020 212 0 261 13
cow 0.0020 108 0 170 14
cow 0.0019 11 30 37 72
cow 0.0018 19 0 171 38
cow 0.0018 190 0 207 19
cow 0.0018 142 2 173 39
cow 0.0016 169 31 232 119
cow 0.0016 177 0 243 18
cow 0.0015 252 0 264 3
cow 0.0014 250 0 267 5
cow 0.0014 243 2 275 53
cow 0.0014 254 33 276 74
cow 0.0012 180 11 207 47
cow 0.0012 196 60 228 121
cow 0.0011 135 5 164 127
cow 0.0011 238 33 275 187
cow 0.0011 214 0 245 8
cow 0.0010 241 0 255 5
pottedplant 0.0064 12 276 71 352
pottedplant 0.0028 170 281 225 351
pottedplant 0.0023 11 134 39 166
pottedplant 0.0018 140 181 275 351
