person 0.9541 117 146 168 291
person 0.9041 88 150 124 277
person 0.8555 269 143 291 192
person 0.8515 285 145 308 217
person 0.0374 397 133 407 146
person 0.0149 258 180 270 194
person 0.0079 244 152 254 165
person 0.0048 273 143 291 167
person 0.0043 87 150 97 160
person 0.0038 17 160 24 168
person 0.0035 117 156 166 229
person 0.0024 240 350 269 394
person 0.0024 286 146 293 160
person 0.0020 229 166 236 176
person 0.0018 277 143 289 158
person 0.0016 179 163 272 182
person 0.0015 287 146 299 161
person 0.0014 198 166 219 179
person 0.0013 107 177 118 209
person 0.0010 319 157 334 194
person 0.0010 241 167 250 175
car 0.7320 165 163 271 197
car 0.0064 83 170 120 197
car 0.0059 180 163 265 183
car 0.0044 108 177 117 195
car 0.0018 116 174 164 211
car 0.0017 163 174 203 203
car 0.0015 253 164 268 174
car 0.0014 108 175 133 208
car 0.0011 188 164 220 180
motorbike 0.9229 244 177 404 305
motorbike 0.7720 188 180 305 287
motorbike 0.7327 60 191 126 244
motorbike 0.5770 159 187 221 272
motorbike 0.5503 13 176 85 237
motorbike 0.2066 185 203 264 286
motorbike 0.1241 200 180 269 212
motorbike 0.0900 162 175 265 210
motorbike 0.0853 59 195 95 242
motorbike 0.0692 261 181 305 221
motorbike 0.0512 112 205 128 249
motorbike 0.0489 23 189 62 236
motorbike 0.0412 159 211 196 272
motorbike 0.0333 164 181 191 204
motorbike 0.0272 165 179 218 205
motorbike 0.0253 13 175 34 226
motorbike 0.0204 216 185 254 207
motorbike 0.0185 234 183 271 209
motorbike 0.0129 213 181 303 223
motorbike 0.0124 167 180 242 223
motorbike 0.0114 87 168 127 266
motorbike 0.0096 13 160 52 234
motorbike 0.0083 256 180 270 199
motorbike 0.0080 164 181 178 205
motorbike 0.0075 260 179 355 229
motorbike 0.0073 116 201 167 256
motorbike 0.0073 167 186 204 225
motorbike 0.0067 317 186 357 224
motorbike 0.0062 12 160 124 229
motorbike 0.0062 54 172 123 201
motorbike 0.0061 43 179 263 269
motorbike 0.0052 216 187 243 203
motorbike 0.0052 216 192 243 209
motorbike 0.0049 213 182 244 199
motorbike 0.0038 199 190 245 212
motorbike 0.0034 111 176 132 209
motorbike 0.0032 161 174 268 277
motorbike 0.0029 175 193 228 224
motorbike 0.0029 391 238 423 260
motorbike 0.0029 17 161 24 168
motorbike 0.0027 57 193 90 223
motorbike 0.0027 191 180 228 209
motorbike 0.0026 108 177 118 199
motorbike 0.0019 198 179 246 201
motorbike 0.0019 172 186 202 205
motorbike 0.0018 89 203 125 253
motorbike 0.0017 260 201 284 215
motorbike 0.0016 201 197 227 220
motorbike 0.0015 162 197 198 222
motorbike 0.0014 268 178 300 206
motorbike 0.0014 256 179 288 202
motorbike 0.0013 13 161 36 204
motorbike 0.0012 202 194 226 209
motorbike 0.0011 15 192 30 226
motorbike 0.0010 245 199 271 214
horse 0.0219 396 133 407 146
pottedplant 0.0018 0 179 21 224
