person 0.8941 0 42 237 368
person 0.6460 328 111 499 370
person 0.1153 152 112 495 371
person 0.0745 0 42 169 164
person 0.0715 182 0 262 132
person 0.0321 270 18 314 96
person 0.0143 432 31 463 114
person 0.0095 354 68 432 123
person 0.0081 254 168 349 278
person 0.0048 9 16 369 290
person 0.0036 163 128 347 277
person 0.0021 41 31 212 258
person 0.0017 14 245 383 369
person 0.0014 494 92 499 107
person 0.0012 254 12 322 117
person 0.0010 297 181 346 271
person 0.0010 487 65 499 108
bicycle 0.0019 493 91 499 107
bird 0.0033 312 191 345 251
bottle 0.4930 258 174 310 271
bottle 0.4787 334 233 353 269
bottle 0.3834 217 243 240 270
bottle 0.3474 259 126 327 271
bottle 0.0695 64 49 191 195
bottle 0.0140 236 261 250 270
bottle 0.0052 225 244 250 270
bottle 0.0040 310 188 345 251
bottle 0.0036 259 223 305 270
bottle 0.0035 352 244 367 277
bottle 0.0022 332 234 383 299
bottle 0.0019 367 264 378 303
bottle 0.0019 367 263 373 289
bottle 0.0018 321 252 335 270
bottle 0.0017 321 12 359 195
bottle 0.0015 352 258 356 270
bottle 0.0014 109 51 191 161
bottle 0.0012 236 249 251 270
bottle 0.0012 321 238 337 270
tvmonitor 0.0028 484 132 499 188
