person 0.7298 416 0 499 96
person 0.0200 378 0 499 133
person 0.0113 148 0 187 51
person 0.0064 420 20 499 215
person 0.0059 168 0 188 50
person 0.0049 455 0 499 35
person 0.0047 488 131 499 250
person 0.0013 0 16 22 102
person 0.0011 0 0 37 99
person 0.0010 367 0 399 24
bottle 0.8314 336 0 380 133
bottle 0.8239 370 94 416 217
bottle 0.8015 296 0 338 127
bottle 0.7819 33 156 70 257
bottle 0.7298 248 0 289 126
bottle 0.7261 286 223 330 327
bottle 0.7094 67 158 108 265
bottle 0.6946 10 152 38 249
bottle 0.6925 230 214 272 313
bottle 0.6805 379 1 429 134
bottle 0.6763 324 93 369 213
bottle 0.6734 212 158 252 283
bottle 0.6634 185 205 224 298
bottle 0.6436 0 151 15 244
bottle 0.6171 287 92 328 204
bottle 0.6006 145 198 183 287
bottle 0.5683 252 91 290 204
bottle 0.5523 177 2 212 119
bottle 0.5131 150 155 193 271
bottle 0.4893 212 0 249 104
bottle 0.4861 191 93 224 193
bottle 0.4772 147 6 178 121
bottle 0.4700 105 13 129 107
bottle 0.4517 286 168 330 277
bottle 0.4415 126 9 151 120
bottle 0.4005 111 195 146 273
bottle 0.3764 109 149 146 240
bottle 0.3479 32 17 63 108
bottle 0.3326 223 93 257 196
bottle 0.3227 140 93 177 186
bottle 0.3153 108 98 144 180
bottle 0.2833 87 96 114 183
bottle 0.2705 83 151 110 249
bottle 0.2279 18 19 37 101
bottle 0.2237 169 94 194 185
bottle 0.2105 62 97 89 176
bottle 0.2006 44 98 65 153
bottle 0.1956 27 97 48 161
bottle 0.1505 46 148 73 190
bottle 0.1368 79 9 109 118
bottle 0.1054 12 97 32 148
bottle 0.0814 0 98 17 174
bottle 0.0677 23 145 41 181
bottle 0.0517 0 97 16 140
bottle 0.0193 0 112 7 141
bottle 0.0159 58 9 84 103
bottle 0.0138 370 1 427 229
bottle 0.0133 28 97 48 127
bottle 0.0132 288 0 372 134
bottle 0.0129 249 87 307 283
bottle 0.0126 83 150 111 193
bottle 0.0120 1 143 19 178
bottle 0.0113 46 147 65 167
bottle 0.0110 105 96 116 124
bottle 0.0085 130 9 151 55
bottle 0.0080 58 2 86 49
bottle 0.0075 13 112 32 174
bottle 0.0074 0 152 16 186
bottle 0.0068 22 144 38 161
bottle 0.0065 0 127 7 145
bottle 0.0060 0 97 15 119
bottle 0.0057 225 93 256 133
bottle 0.0056 297 0 337 51
bottle 0.0052 319 -16 471 339
bottle 0.0052 146 0 184 48
bottle 0.0047 357 46 380 129
bottle 0.0046 215 96 233 128
bottle 0.0044 169 93 193 131
bottle 0.0043 58 -4 441 329
bottle 0.0043 88 96 110 131
bottle 0.0042 169 0 188 50
bottle 0.0039 14 97 33 125
bottle 0.0036 16 152 39 187
bottle 0.0036 173 2 243 133
bottle 0.0035 332 0 466 137
bottle 0.0035 194 92 224 131
bottle 0.0034 306 0 327 29
bottle 0.0034 190 149 414 326
bottle 0.0032 83 9 107 51
bottle 0.0031 47 98 65 127
bottle 0.0026 31 97 47 114
bottle 0.0024 245 0 323 133
bottle 0.0023 15 98 32 113
bottle 0.0023 187 72 358 291
bottle 0.0023 395 0 499 244
bottle 0.0020 0 104 4 121
bottle 0.0020 240 1 260 48
bottle 0.0018 214 159 252 219
bottle 0.0018 194 131 221 191
bottle 0.0018 286 94 296 127
bottle 0.0017 142 154 165 225
bottle 0.0017 325 0 392 208
bottle 0.0016 128 99 148 129
bottle 0.0016 0 121 15 141
bottle 0.0015 250 164 293 283
bottle 0.0015 0 150 72 329
bottle 0.0015 90 94 107 118
bottle 0.0014 33 18 60 56
bottle 0.0014 287 138 321 202
bottle 0.0013 346 0 371 27
bottle 0.0013 381 1 410 89
bottle 0.0013 0 151 11 174
bottle 0.0013 222 128 236 162
bottle 0.0012 249 0 421 136
bottle 0.0012 83 149 102 175
bottle 0.0012 31 167 41 185
bottle 0.0011 141 93 167 130
bottle 0.0011 60 97 115 192
bottle 0.0011 183 1 209 51
bottle 0.0010 140 125 165 186
bottle 0.0010 19 64 36 99
bottle 0.0010 62 115 75 187
bottle 0.0010 377 0 400 49
bottle 0.0010 231 229 248 308
chair 0.1394 0 283 75 332
chair 0.0333 320 128 499 328
chair 0.0219 423 92 499 130
chair 0.0142 0 283 16 332
chair 0.0077 488 137 499 255
chair 0.0055 485 250 499 330
chair 0.0039 454 0 499 36
chair 0.0033 -2 304 62 332
chair 0.0020 410 127 500 328
chair 0.0019 485 158 499 332
chair 0.0014 0 158 74 331
chair 0.0012 468 244 499 331
chair 0.0011 284 225 499 329
chair 0.0010 486 255 500 298
chair 0.0010 465 131 500 328
sofa 0.0023 455 0 500 36
diningtable 0.1203 3 82 500 322
diningtable 0.0550 0 242 498 326
diningtable 0.0088 3 176 412 325
diningtable 0.0071 187 0 516 325
diningtable 0.0070 420 92 499 131
diningtable 0.0046 0 238 143 327
diningtable 0.0020 0 282 77 330
diningtable 0.0018 276 287 437 331
diningtable 0.0015 121 283 471 329
diningtable 0.0013 324 83 496 337
diningtable 0.0011 1 239 76 315
