person 0.8295 387 266 437 374
person 0.8123 423 159 451 228
person 0.7940 364 139 391 203
person 0.5582 438 296 499 373
person 0.5514 348 141 363 201
person 0.3594 445 287 457 325
person 0.1667 349 141 360 159
person 0.1359 242 292 264 360
person 0.1254 349 142 361 173
person 0.0913 411 327 452 374
person 0.0723 243 292 265 316
person 0.0701 455 291 470 324
person 0.0529 296 292 307 321
person 0.0442 364 139 389 159
person 0.0380 258 289 275 341
person 0.0344 448 297 465 329
person 0.0299 340 345 370 374
person 0.0293 409 306 489 374
person 0.0273 457 289 470 310
person 0.0268 482 287 500 304
person 0.0256 418 284 437 337
person 0.0204 259 282 275 315
person 0.0136 245 318 262 360
person 0.0120 330 141 359 202
person 0.0112 445 302 460 328
person 0.0103 483 299 499 373
person 0.0101 376 139 389 157
person 0.0088 335 318 349 343
person 0.0086 357 143 374 201
person 0.0085 298 292 305 309
person 0.0080 324 321 348 362
person 0.0079 244 291 255 303
person 0.0075 272 287 283 317
person 0.0068 445 303 454 324
person 0.0058 243 292 254 313
person 0.0057 491 287 500 303
person 0.0056 324 333 343 374
person 0.0052 474 275 499 303
person 0.0051 265 283 277 312
person 0.0048 284 292 306 339
person 0.0045 158 216 174 238
person 0.0041 401 283 437 345
person 0.0039 268 277 284 319
person 0.0034 392 157 408 204
person 0.0032 448 287 455 295
person 0.0031 336 319 352 361
person 0.0026 223 290 231 302
person 0.0025 322 143 335 160
person 0.0025 445 287 456 306
person 0.0024 280 294 286 313
person 0.0023 168 317 175 331
person 0.0023 36 314 54 351
person 0.0022 326 267 345 339
person 0.0021 326 243 375 365
person 0.0021 454 301 462 316
person 0.0021 318 137 329 152
person 0.0020 325 147 334 159
person 0.0020 266 276 277 301
person 0.0019 293 290 304 334
person 0.0019 318 135 335 160
person 0.0019 430 193 450 227
person 0.0019 349 246 417 316
person 0.0018 330 241 379 303
person 0.0015 426 159 449 195
person 0.0015 222 290 233 315
person 0.0015 324 334 369 374
person 0.0012 270 276 277 296
person 0.0012 260 132 273 148
person 0.0011 371 139 400 169
person 0.0011 485 287 499 330
person 0.0011 355 167 366 202
person 0.0011 326 255 343 312
person 0.0011 223 331 241 362
person 0.0010 173 316 191 331
person 0.0010 0 335 5 361
car 0.0050 188 311 209 320
car 0.0036 244 301 265 315
car 0.0019 483 316 499 374
car 0.0019 169 313 196 331
car 0.0012 172 310 209 323
car 0.0010 105 291 125 300
aeroplane 0.7464 1 93 499 357
aeroplane 0.0264 0 258 44 325
aeroplane 0.0059 0 259 23 358
aeroplane 0.0050 0 240 498 353
aeroplane 0.0047 1 254 74 339
aeroplane 0.0041 1 230 112 325
aeroplane 0.0033 319 135 499 359
aeroplane 0.0033 323 238 419 359
aeroplane 0.0016 8 224 110 243
aeroplane 0.0012 281 253 335 318
