person 0.8356 431 59 454 84
person 0.8094 270 74 302 154
person 0.7490 248 78 265 107
person 0.7132 483 53 500 84
person 0.6700 207 81 221 97
person 0.6331 225 79 256 122
person 0.5952 456 64 476 81
person 0.5907 174 83 187 96
person 0.5753 194 86 206 96
person 0.5647 2 94 31 171
person 0.5539 224 77 236 96
person 0.4819 87 81 115 134
person 0.4147 0 99 10 170
person 0.3908 300 78 324 149
person 0.3478 470 66 480 79
person 0.3399 352 72 362 85
person 0.3300 33 87 59 123
person 0.3282 33 88 59 162
person 0.2829 361 69 381 101
person 0.2819 351 72 364 102
person 0.2739 201 106 224 124
person 0.2469 361 68 379 85
person 0.1731 124 81 153 103
person 0.1215 124 109 152 133
person 0.1188 5 94 31 124
person 0.1142 302 77 324 105
person 0.1073 0 98 10 125
person 0.0992 104 89 120 113
person 0.0881 123 82 154 132
person 0.0461 0 98 6 113
person 0.0431 288 79 301 100
person 0.0383 127 90 139 103
person 0.0349 460 91 484 111
person 0.0265 134 81 148 94
person 0.0240 312 78 324 104
person 0.0188 123 101 169 133
person 0.0158 288 79 298 92
person 0.0155 212 108 226 125
person 0.0151 483 55 500 112
person 0.0147 138 91 151 101
person 0.0106 457 62 483 111
person 0.0100 466 86 499 110
person 0.0097 205 81 223 123
person 0.0094 194 92 219 125
person 0.0084 362 86 379 101
person 0.0072 120 80 138 103
person 0.0069 428 96 442 111
person 0.0067 480 89 499 109
person 0.0061 328 86 378 103
person 0.0061 326 92 341 104
person 0.0053 482 63 492 81
person 0.0052 121 90 133 102
person 0.0049 353 80 381 102
person 0.0047 193 86 208 121
person 0.0046 0 103 8 139
person 0.0045 144 84 153 99
person 0.0043 290 78 303 152
person 0.0040 344 89 359 101
person 0.0040 171 84 188 122
person 0.0035 270 74 300 107
person 0.0034 283 77 301 111
person 0.0033 130 78 136 92
person 0.0031 459 64 470 77
person 0.0031 347 82 367 102
person 0.0025 129 89 151 102
person 0.0025 234 79 244 91
person 0.0024 5 95 14 112
person 0.0024 361 82 391 101
person 0.0024 148 108 169 130
person 0.0023 461 68 498 110
person 0.0023 0 95 5 104
person 0.0020 466 65 485 104
person 0.0020 147 91 154 99
person 0.0019 353 87 364 101
person 0.0019 298 90 311 151
person 0.0019 131 78 136 85
person 0.0018 189 106 203 125
person 0.0016 435 92 454 112
person 0.0015 121 103 163 152
person 0.0015 60 111 97 167
person 0.0015 482 49 500 165
person 0.0014 234 82 257 108
person 0.0013 311 77 318 87
person 0.0012 0 132 8 171
person 0.0012 119 90 137 107
person 0.0012 493 54 500 65
person 0.0011 177 89 187 96
person 0.0011 104 90 111 98
person 0.0010 485 54 499 68
person 0.0010 186 90 193 96
bicycle 0.0190 479 8 499 24
car 0.9526 301 79 499 184
car 0.9464 63 96 286 217
car 0.7824 24 105 94 169
car 0.7308 314 84 400 129
car 0.0217 0 97 32 171
car 0.0146 74 119 107 137
car 0.0125 316 85 387 105
car 0.0104 21 100 177 169
car 0.0071 24 121 42 169
car 0.0070 53 105 112 132
car 0.0063 243 105 286 205
car 0.0060 24 106 59 169
car 0.0048 55 105 91 123
car 0.0036 54 109 103 168
car 0.0028 365 97 401 119
car 0.0022 416 68 499 84
car 0.0021 263 90 271 106
car 0.0020 265 83 400 143
car 0.0016 380 97 402 111
car 0.0015 319 91 342 104
car 0.0013 363 84 392 102
car 0.0012 477 56 492 65
car 0.0012 450 65 463 79
car 0.0010 386 95 405 106
bird 0.0010 124 48 128 53
dog 0.0094 125 108 151 132
pottedplant 0.0026 478 8 500 25
