person 0.0824 182 146 187 156
person 0.0401 187 166 198 173
person 0.0127 148 160 158 165
person 0.0098 50 156 54 164
person 0.0079 184 163 198 173
person 0.0047 285 137 312 172
person 0.0032 43 148 51 156
person 0.0031 223 188 234 200
person 0.0031 280 107 313 171
person 0.0018 178 149 182 157
person 0.0013 79 150 85 159
person 0.0011 117 157 121 167
person 0.0010 179 148 184 157
person 0.0010 112 155 116 166
car 0.6811 389 148 407 158
car 0.1701 0 148 5 158
car 0.1098 492 150 499 158
car 0.0994 55 146 86 159
car 0.0780 38 139 87 159
car 0.0407 84 145 94 154
car 0.0151 49 149 63 159
car 0.0077 20 145 38 154
car 0.0064 30 148 50 155
car 0.0062 81 141 93 154
car 0.0062 24 148 40 155
car 0.0043 33 146 63 156
car 0.0030 30 145 39 153
car 0.0019 19 144 29 153
car 0.0018 35 146 43 154
car 0.0017 27 144 56 155
car 0.0015 55 150 75 159
car 0.0010 70 140 86 147
aeroplane 0.8763 0 98 449 302
aeroplane 0.4304 36 139 86 158
aeroplane 0.0170 218 97 314 134
aeroplane 0.0134 216 96 365 154
aeroplane 0.0030 217 96 277 126
aeroplane 0.0024 271 102 315 167
aeroplane 0.0017 281 106 325 135
aeroplane 0.0014 280 108 362 145
aeroplane 0.0013 219 97 444 182
aeroplane 0.0012 0 140 75 157
aeroplane 0.0011 491 141 500 159
aeroplane 0.0010 0 139 8 159
aeroplane 0.0010 0 140 32 158
chair 0.0016 281 118 295 128
