person 0.9551 1 158 232 341
person 0.9361 143 147 433 366
person 0.1804 462 304 499 344
person 0.0559 0 258 47 338
person 0.0092 0 211 83 334
person 0.0091 0 284 16 339
person 0.0027 0 207 46 315
person 0.0011 0 211 16 334
person 0.0010 0 185 134 278
cat 0.0017 466 304 500 342
dog 0.0217 463 305 499 343
chair 0.0177 442 235 500 360
chair 0.0122 331 154 474 378
chair 0.0018 0 258 47 315
chair 0.0016 0 206 18 216
sofa 0.8165 45 146 493 366
sofa 0.0203 0 258 46 338
sofa 0.0085 -1 155 221 341
sofa 0.0076 332 155 476 372
sofa 0.0040 79 287 158 347
sofa 0.0031 0 267 482 371
sofa 0.0023 58 149 477 258
sofa 0.0016 71 282 276 351
sofa 0.0012 0 286 21 339
sofa 0.0010 0 161 60 339
diningtable 0.3252 0 331 368 372
diningtable 0.0036 0 206 18 216
diningtable 0.0017 177 350 377 373
