person 0.0118 54 210 63 217
person 0.0024 388 187 392 193
person 0.0012 44 207 61 214
person 0.0010 79 202 90 209
boat 0.6381 23 132 104 215
boat 0.6293 124 206 150 215
boat 0.5599 198 202 232 215
boat 0.5416 378 147 416 215
boat 0.5229 279 205 297 215
boat 0.4191 488 216 499 228
boat 0.4074 378 207 416 215
boat 0.3658 290 203 327 216
boat 0.3428 117 184 132 206
boat 0.2789 168 203 199 211
boat 0.2467 240 179 262 214
boat 0.2193 447 206 469 215
boat 0.1865 348 191 358 212
boat 0.1840 240 205 263 215
boat 0.1819 425 205 442 213
boat 0.1728 442 210 458 216
boat 0.1639 26 196 104 216
boat 0.1451 442 208 454 214
boat 0.1386 442 206 460 215
boat 0.1212 157 203 174 211
boat 0.1132 117 201 133 206
boat 0.0913 424 180 441 213
boat 0.0876 0 207 4 212
boat 0.0848 368 210 378 215
boat 0.0833 0 185 4 193
boat 0.0830 349 207 358 212
boat 0.0794 457 209 469 215
boat 0.0676 279 197 298 215
boat 0.0634 424 209 434 214
boat 0.0506 165 194 199 211
boat 0.0501 471 207 479 213
boat 0.0493 157 187 173 210
boat 0.0487 259 204 271 210
boat 0.0475 284 197 324 213
boat 0.0468 424 180 432 213
boat 0.0442 259 185 270 210
boat 0.0428 278 207 291 215
boat 0.0427 28 178 36 196
boat 0.0376 241 210 253 216
boat 0.0356 415 206 423 211
boat 0.0327 264 210 280 215
boat 0.0312 259 200 269 209
boat 0.0289 226 207 239 214
boat 0.0256 253 184 262 210
boat 0.0253 157 204 165 210
boat 0.0237 24 206 54 215
boat 0.0231 292 201 316 208
boat 0.0220 1 185 10 194
boat 0.0219 302 192 314 206
boat 0.0208 39 208 94 217
boat 0.0208 197 204 213 214
boat 0.0193 300 200 314 206
boat 0.0185 416 182 431 212
boat 0.0176 325 205 357 213
boat 0.0175 135 187 140 197
boat 0.0170 102 185 106 195
boat 0.0162 211 203 238 215
boat 0.0157 9 189 33 195
boat 0.0151 164 204 175 211
boat 0.0151 164 201 178 209
boat 0.0151 355 208 377 214
boat 0.0150 247 206 264 213
boat 0.0150 452 203 468 213
boat 0.0146 4 185 37 196
boat 0.0136 290 192 317 207
boat 0.0135 196 192 212 205
boat 0.0133 289 196 305 208
boat 0.0129 289 201 302 208
boat 0.0128 80 202 104 213
boat 0.0126 169 206 198 213
boat 0.0119 453 205 467 210
boat 0.0113 401 207 415 213
boat 0.0107 410 206 420 211
boat 0.0105 226 206 255 215
boat 0.0105 479 211 483 214
boat 0.0104 475 209 483 213
boat 0.0099 57 209 88 216
boat 0.0099 197 185 234 215
boat 0.0098 35 207 57 216
boat 0.0097 197 209 212 215
boat 0.0097 343 192 357 205
boat 0.0097 263 206 273 213
boat 0.0092 251 191 272 210
boat 0.0091 235 207 248 214
boat 0.0088 0 186 4 203
boat 0.0088 163 187 168 197
boat 0.0087 472 203 482 212
boat 0.0087 249 209 267 215
boat 0.0084 262 206 293 215
boat 0.0084 433 209 443 213
boat 0.0083 197 200 211 206
boat 0.0083 123 186 150 214
boat 0.0082 274 209 288 215
boat 0.0081 326 190 358 213
boat 0.0080 10 188 22 194
boat 0.0078 284 192 297 207
boat 0.0076 489 194 499 229
boat 0.0073 289 192 299 206
boat 0.0072 131 187 147 201
boat 0.0068 284 182 326 218
boat 0.0068 344 200 352 205
boat 0.0067 302 199 325 207
boat 0.0065 0 203 4 212
boat 0.0065 441 199 468 215
boat 0.0064 441 205 450 211
boat 0.0063 57 201 103 214
boat 0.0063 36 181 52 199
boat 0.0062 27 187 36 195
boat 0.0061 172 198 215 210
boat 0.0058 236 210 247 215
boat 0.0057 1 189 40 198
boat 0.0057 37 189 48 197
boat 0.0057 394 203 410 208
boat 0.0057 408 200 422 208
boat 0.0052 27 203 78 216
boat 0.0050 204 192 212 203
boat 0.0050 0 206 5 214
boat 0.0046 20 181 37 196
boat 0.0046 141 195 151 201
boat 0.0046 196 200 256 215
boat 0.0045 410 204 424 211
boat 0.0042 165 200 196 209
boat 0.0042 198 192 228 206
boat 0.0041 440 200 453 214
boat 0.0041 255 201 266 209
boat 0.0040 486 201 494 209
boat 0.0040 23 208 38 213
boat 0.0040 229 191 248 214
boat 0.0037 54 209 64 218
boat 0.0037 289 207 297 214
boat 0.0037 198 208 230 215
boat 0.0036 255 185 259 199
boat 0.0036 142 189 152 199
boat 0.0035 238 190 247 208
boat 0.0035 402 210 416 215
boat 0.0034 467 209 478 214
boat 0.0033 494 205 500 213
boat 0.0032 485 207 497 213
boat 0.0032 81 183 89 195
boat 0.0032 259 209 270 215
boat 0.0031 166 207 175 213
boat 0.0030 0 193 4 213
boat 0.0029 0 182 39 200
boat 0.0029 35 184 53 208
boat 0.0029 400 202 418 208
boat 0.0027 301 194 326 206
boat 0.0027 81 208 97 214
boat 0.0026 415 201 426 211
boat 0.0026 191 202 205 207
boat 0.0026 390 199 414 209
boat 0.0026 325 200 338 205
boat 0.0025 22 180 42 211
boat 0.0024 326 195 338 204
boat 0.0024 24 135 63 214
boat 0.0023 494 200 500 208
boat 0.0023 222 209 237 214
boat 0.0022 100 185 109 197
boat 0.0022 305 197 325 204
boat 0.0022 334 195 343 204
boat 0.0022 455 198 470 215
boat 0.0021 484 200 496 212
boat 0.0021 262 197 271 210
boat 0.0021 327 192 352 205
boat 0.0021 414 207 425 213
boat 0.0021 54 213 64 218
boat 0.0019 397 198 420 210
boat 0.0019 23 195 56 214
boat 0.0019 424 200 451 213
boat 0.0019 42 192 52 202
boat 0.0019 44 210 61 216
boat 0.0019 254 208 275 216
boat 0.0019 326 209 356 214
boat 0.0018 353 194 378 214
boat 0.0018 160 187 171 200
boat 0.0017 329 200 347 205
boat 0.0017 487 138 499 239
boat 0.0017 432 205 449 210
boat 0.0017 365 196 379 214
boat 0.0017 54 205 79 215
boat 0.0017 241 199 252 210
boat 0.0016 45 194 98 207
boat 0.0016 139 210 150 215
boat 0.0016 378 182 414 214
boat 0.0016 377 208 393 214
boat 0.0016 205 195 224 204
boat 0.0016 480 203 498 214
boat 0.0015 236 195 247 211
boat 0.0015 314 200 326 206
boat 0.0015 368 207 380 215
boat 0.0014 262 189 271 207
boat 0.0014 214 211 228 215
boat 0.0013 477 206 494 214
boat 0.0013 76 184 105 211
boat 0.0013 324 197 347 206
boat 0.0013 148 195 158 201
boat 0.0012 178 201 198 208
boat 0.0012 80 183 97 196
boat 0.0012 206 191 211 198
boat 0.0012 462 198 481 214
boat 0.0011 0 184 10 214
boat 0.0011 178 202 217 213
boat 0.0011 156 189 169 203
boat 0.0011 50 197 71 207
boat 0.0010 55 195 76 204
boat 0.0010 408 197 421 205
boat 0.0010 431 207 446 214
boat 0.0010 218 198 272 219
boat 0.0010 93 187 101 196
boat 0.0010 377 210 393 215
boat 0.0010 352 192 360 204
boat 0.0010 442 204 462 212
boat 0.0010 51 195 82 210
boat 0.0010 278 193 293 207
