pottedplant 0.8758 286 102 448 302
pottedplant 0.5952 0 6 270 326
pottedplant 0.1577 367 1 463 82
pottedplant 0.0934 413 63 499 215
pottedplant 0.0506 58 141 263 328
pottedplant 0.0382 0 90 66 225
pottedplant 0.0283 284 1 423 159
pottedplant 0.0259 445 1 500 78
pottedplant 0.0246 0 115 38 230
pottedplant 0.0220 289 0 499 302
pottedplant 0.0211 290 1 461 96
pottedplant 0.0175 0 181 69 300
pottedplant 0.0136 396 262 499 372
pottedplant 0.0135 198 235 325 369
pottedplant 0.0133 0 28 108 223
pottedplant 0.0122 0 124 20 220
pottedplant 0.0114 426 78 499 309
pottedplant 0.0110 415 2 499 151
pottedplant 0.0110 0 219 327 371
pottedplant 0.0098 288 107 340 164
pottedplant 0.0095 226 1 300 245
pottedplant 0.0091 433 172 499 335
pottedplant 0.0089 282 35 346 163
pottedplant 0.0074 434 122 499 219
pottedplant 0.0074 0 179 110 369
pottedplant 0.0073 402 315 499 373
pottedplant 0.0055 166 309 262 372
pottedplant 0.0055 31 67 152 227
pottedplant 0.0055 315 48 397 110
pottedplant 0.0047 220 233 499 371
pottedplant 0.0046 441 67 500 147
pottedplant 0.0045 0 244 174 372
pottedplant 0.0039 396 144 499 370
pottedplant 0.0039 1 209 55 341
pottedplant 0.0038 0 271 64 370
pottedplant 0.0032 459 74 500 214
pottedplant 0.0031 14 180 57 231
pottedplant 0.0031 0 227 17 318
pottedplant 0.0030 293 1 380 64
pottedplant 0.0027 2 0 236 134
pottedplant 0.0025 403 330 455 374
pottedplant 0.0024 0 107 102 291
pottedplant 0.0022 0 100 65 166
pottedplant 0.0021 0 273 16 321
pottedplant 0.0021 483 70 499 138
pottedplant 0.0020 1 146 60 233
pottedplant 0.0020 480 126 499 212
pottedplant 0.0020 0 116 53 285
pottedplant 0.0018 132 13 238 131
pottedplant 0.0018 388 36 452 84
pottedplant 0.0016 450 261 499 360
pottedplant 0.0016 0 227 27 288
pottedplant 0.0016 404 0 461 36
pottedplant 0.0015 1 27 115 127
pottedplant 0.0014 458 195 500 273
pottedplant 0.0014 0 180 7 223
pottedplant 0.0014 11 21 474 360
pottedplant 0.0013 485 14 499 73
pottedplant 0.0013 0 55 33 208
pottedplant 0.0013 294 103 441 207
pottedplant 0.0013 273 0 363 90
pottedplant 0.0013 117 1 357 248
pottedplant 0.0012 0 125 12 157
pottedplant 0.0012 442 167 499 222
pottedplant 0.0012 493 170 499 211
pottedplant 0.0012 353 1 404 58
pottedplant 0.0011 482 82 499 182
pottedplant 0.0011 297 48 414 135
pottedplant 0.0011 0 199 14 293
pottedplant 0.0011 36 126 96 189
pottedplant 0.0011 0 275 26 370
pottedplant 0.0010 488 168 499 217
pottedplant 0.0010 79 120 138 196
pottedplant 0.0010 9 18 161 288
