person 0.1045 426 0 458 61
person 0.0065 0 240 21 292
person 0.0026 23 95 45 128
person 0.0017 23 105 42 121
person 0.0014 0 210 25 314
person 0.0011 400 0 442 64
car 0.0613 451 51 499 65
car 0.0029 481 45 498 51
car 0.0018 463 44 500 52
bottle 0.2216 10 115 21 133
bottle 0.0950 4 107 10 133
bottle 0.0926 0 105 7 134
bottle 0.0923 76 79 89 112
bottle 0.0524 65 84 77 112
bottle 0.0380 61 88 69 112
bottle 0.0183 71 31 77 60
bottle 0.0128 0 115 5 134
bottle 0.0083 76 28 84 61
bottle 0.0059 73 29 79 61
bottle 0.0045 72 91 79 112
bottle 0.0038 381 36 386 47
bottle 0.0036 23 105 42 122
bottle 0.0034 373 39 378 47
bottle 0.0034 0 95 12 133
bottle 0.0027 382 36 389 47
bottle 0.0024 1 93 9 100
bottle 0.0022 59 86 65 113
bottle 0.0021 375 38 380 47
bottle 0.0019 71 21 77 51
bottle 0.0016 7 106 13 122
bottle 0.0011 366 39 372 49
bottle 0.0011 1 114 11 134
bottle 0.0011 0 101 5 124
chair 0.9094 266 223 499 371
chair 0.8737 0 182 43 250
chair 0.2169 483 190 499 228
chair 0.1698 1 239 157 371
chair 0.0884 437 190 499 318
chair 0.0578 452 189 499 229
chair 0.0422 0 313 156 374
chair 0.0374 223 154 253 196
chair 0.0351 483 191 499 314
chair 0.0149 417 209 500 371
chair 0.0112 484 266 499 317
chair 0.0091 0 240 45 368
chair 0.0081 0 181 43 337
chair 0.0064 0 240 21 344
chair 0.0060 339 23 364 54
chair 0.0053 0 352 6 374
chair 0.0052 0 240 22 293
chair 0.0043 469 201 499 335
chair 0.0033 492 201 500 227
chair 0.0028 155 334 229 373
chair 0.0027 453 189 499 270
chair 0.0027 475 267 499 371
chair 0.0025 337 189 501 322
chair 0.0024 0 149 63 244
chair 0.0024 365 40 392 70
chair 0.0020 0 95 31 128
chair 0.0013 0 178 32 195
chair 0.0012 0 181 139 341
chair 0.0011 388 189 500 245
diningtable 0.3779 19 199 438 365
diningtable 0.0109 -6 134 497 331
diningtable 0.0088 14 204 239 349
diningtable 0.0058 0 240 39 370
diningtable 0.0048 0 240 23 294
diningtable 0.0016 0 240 21 262
diningtable 0.0013 220 161 461 226
diningtable 0.0011 259 164 494 364
diningtable 0.0011 0 238 90 374
diningtable 0.0011 -31 82 339 399
diningtable 0.0011 0 96 29 107
tvmonitor 0.9440 251 52 410 196
tvmonitor 0.0013 254 67 333 174
