person 0.9430 247 207 397 373
person 0.9387 399 142 499 370
person 0.9283 216 187 300 372
person 0.0028 400 297 433 325
person 0.0016 194 96 479 379
bicycle 0.0058 397 304 499 372
boat 0.7190 174 98 229 305
boat 0.4310 177 266 227 305
boat 0.4058 356 240 383 250
boat 0.1489 153 238 160 243
boat 0.1020 410 234 426 249
boat 0.0491 143 236 153 242
boat 0.0372 397 245 413 249
boat 0.0264 143 233 155 241
boat 0.0230 54 230 61 239
boat 0.0186 383 244 398 249
boat 0.0181 425 243 434 249
boat 0.0172 419 244 428 249
boat 0.0132 410 244 424 250
boat 0.0096 363 243 384 249
boat 0.0091 142 231 159 242
boat 0.0085 136 236 144 241
boat 0.0085 397 235 425 249
boat 0.0080 179 93 296 342
boat 0.0079 195 101 229 265
boat 0.0078 94 236 99 240
boat 0.0077 76 235 81 240
boat 0.0072 153 233 161 243
boat 0.0070 85 229 97 239
boat 0.0066 42 233 50 239
boat 0.0063 0 229 7 236
boat 0.0062 422 240 434 249
boat 0.0057 176 233 199 245
boat 0.0055 204 267 227 302
boat 0.0054 417 235 434 250
boat 0.0050 86 235 97 239
boat 0.0050 126 235 141 240
boat 0.0043 356 242 364 248
boat 0.0042 43 236 48 239
boat 0.0040 124 232 142 240
boat 0.0040 143 239 150 243
boat 0.0036 0 307 226 373
boat 0.0035 396 237 413 249
boat 0.0034 176 204 227 303
boat 0.0033 176 226 196 247
boat 0.0032 200 265 222 282
boat 0.0032 177 220 196 265
boat 0.0032 381 240 398 249
boat 0.0032 355 239 363 247
boat 0.0032 414 242 428 250
boat 0.0030 182 260 284 306
boat 0.0026 487 83 499 231
boat 0.0025 75 228 80 239
boat 0.0024 214 280 227 301
boat 0.0024 352 249 367 267
boat 0.0023 61 232 66 238
boat 0.0022 167 231 176 243
boat 0.0022 178 94 497 366
boat 0.0021 0 229 41 238
boat 0.0020 168 237 176 243
boat 0.0020 70 230 75 238
boat 0.0020 377 243 387 249
boat 0.0017 79 234 87 239
boat 0.0017 0 228 13 238
boat 0.0017 356 208 384 250
boat 0.0016 77 229 93 239
boat 0.0015 3 230 22 236
boat 0.0015 123 237 137 241
boat 0.0015 81 232 86 239
boat 0.0014 186 232 199 244
boat 0.0014 90 232 96 239
boat 0.0013 49 235 57 239
boat 0.0013 206 274 225 293
boat 0.0013 142 221 157 242
boat 0.0013 136 231 147 241
boat 0.0012 190 235 198 244
boat 0.0012 70 228 78 239
boat 0.0012 71 234 77 239
boat 0.0011 165 228 194 244
boat 0.0010 35 232 45 238
boat 0.0010 59 230 74 239
boat 0.0010 22 229 28 236
boat 0.0010 114 237 127 241
