person 0.8855 257 0 365 223
person 0.8652 385 2 500 371
person 0.8447 346 0 447 158
person 0.0409 313 0 370 90
person 0.0196 464 0 499 83
person 0.0118 427 -3 500 240
person 0.0060 473 269 499 370
person 0.0054 299 0 370 161
person 0.0030 341 0 370 58
person 0.0023 255 1 318 196
person 0.0017 346 0 371 10
person 0.0016 345 114 376 156
person 0.0015 263 102 349 231
person 0.0015 345 0 371 28
person 0.0014 461 4 500 152
person 0.0013 259 0 351 113
person 0.0012 482 0 499 37
person 0.0012 494 0 499 15
person 0.0012 495 0 500 7
person 0.0012 370 0 442 87
bicycle 0.8931 22 57 433 313
bicycle 0.6233 373 72 447 139
bicycle 0.3509 345 41 447 145
bicycle 0.2702 420 31 495 106
bicycle 0.2228 430 31 474 75
bicycle 0.1002 388 30 489 141
bicycle 0.0607 420 28 440 69
bicycle 0.0135 341 36 374 156
bicycle 0.0070 313 36 371 156
bicycle 0.0043 344 75 413 161
bicycle 0.0027 343 111 377 156
bicycle 0.0025 419 50 498 159
bicycle 0.0025 267 27 366 211
bicycle 0.0020 344 35 368 94
bicycle 0.0017 373 99 396 137
bicycle 0.0015 419 43 435 71
bicycle 0.0015 419 68 474 98
bicycle 0.0014 314 3 371 100
bicycle 0.0010 412 31 456 102
car 0.0016 151 122 169 132
motorbike 0.0164 358 -8 499 395
bottle 0.0378 231 182 264 212
bottle 0.0097 254 222 271 234
bottle 0.0019 317 58 351 95
