person 0.0442 469 126 499 172
person 0.0066 415 122 430 160
person 0.0045 481 170 499 177
person 0.0040 490 129 500 150
person 0.0033 480 158 500 177
person 0.0028 415 121 445 160
person 0.0022 383 127 400 145
person 0.0019 414 144 430 160
person 0.0011 432 122 447 159
car 0.1460 469 126 499 177
car 0.0171 492 131 499 146
car 0.0144 493 131 499 140
car 0.0029 430 126 498 178
car 0.0027 490 132 499 156
car 0.0025 486 128 500 150
car 0.0015 469 124 499 153
car 0.0013 492 131 499 172
bird 0.0015 216 24 219 28
dog 0.0395 72 57 314 189
dog 0.0088 208 85 322 178
dog 0.0075 105 56 250 153
dog 0.0068 292 127 324 173
dog 0.0056 67 53 149 182
dog 0.0039 160 60 311 156
sheep 0.0432 107 57 244 148
sheep 0.0357 217 93 322 177
sheep 0.0326 239 92 310 146
sheep 0.0200 70 54 127 112
sheep 0.0197 216 129 248 177
sheep 0.0157 180 128 230 178
sheep 0.0118 221 92 282 146
sheep 0.0109 42 59 79 108
sheep 0.0108 293 128 324 173
sheep 0.0102 179 129 211 168
sheep 0.0094 217 128 297 178
sheep 0.0081 200 129 230 146
sheep 0.0070 127 121 203 146
sheep 0.0068 175 63 241 142
sheep 0.0059 220 128 247 146
sheep 0.0057 177 128 205 146
sheep 0.0055 125 129 167 146
sheep 0.0053 298 128 317 145
sheep 0.0049 290 109 317 145
sheep 0.0047 70 54 127 75
sheep 0.0038 126 128 205 157
sheep 0.0038 191 93 239 169
sheep 0.0034 266 122 324 174
sheep 0.0034 119 62 164 144
sheep 0.0032 71 56 163 150
sheep 0.0028 82 137 108 179
sheep 0.0026 178 65 307 146
sheep 0.0024 202 128 229 167
sheep 0.0024 241 92 281 112
sheep 0.0022 155 64 259 173
sheep 0.0021 44 59 62 102
sheep 0.0020 56 56 132 178
sheep 0.0019 108 57 232 84
sheep 0.0018 106 133 135 165
sheep 0.0017 220 128 286 146
sheep 0.0017 186 128 219 146
sheep 0.0016 105 130 170 178
sheep 0.0012 272 93 306 142
sheep 0.0012 88 54 233 112
sheep 0.0012 266 129 299 146
sheep 0.0011 266 129 301 166
sheep 0.0011 37 60 58 107
sheep 0.0010 123 114 168 146
sheep 0.0010 115 59 164 75
cow 0.0114 230 93 324 176
cow 0.0068 267 129 324 175
cow 0.0045 65 53 145 112
cow 0.0039 216 128 323 206
cow 0.0030 46 52 132 172
cow 0.0021 80 131 132 180
cow 0.0015 81 148 107 180
bottle 0.0047 336 128 354 145
bottle 0.0016 91 202 105 214
bottle 0.0015 107 133 135 163
bottle 0.0013 360 128 384 145
bottle 0.0012 315 130 323 146
