bird 0.0134 379 186 386 193
horse 0.1167 446 151 499 237
horse 0.1145 76 156 191 215
horse 0.0149 219 155 387 296
sheep 0.0181 223 155 388 301
sheep 0.0052 216 156 257 183
cow 0.8283 77 156 189 214
cow 0.8257 223 156 388 300
cow 0.7258 185 157 213 189
cow 0.7170 445 151 500 237
cow 0.6528 216 156 257 184
cow 0.3552 127 156 177 180
cow 0.1246 187 157 256 190
cow 0.0162 127 156 164 166
cow 0.0098 223 159 324 249
cow 0.0092 296 158 313 166
cow 0.0079 125 156 188 201
cow 0.0075 186 157 208 165
cow 0.0042 373 156 389 174
cow 0.0035 127 156 144 163
cow 0.0033 154 156 177 182
cow 0.0032 259 159 283 168
cow 0.0028 238 157 256 182
cow 0.0028 446 195 499 237
cow 0.0021 446 203 464 224
cow 0.0021 226 171 285 260
cow 0.0019 199 174 213 190
cow 0.0019 467 151 499 213
cow 0.0015 221 159 258 232
cow 0.0015 138 154 214 191
cow 0.0014 186 157 199 164
cow 0.0013 186 158 198 173
cow 0.0012 495 206 500 222
cow 0.0012 198 161 216 190
cow 0.0012 221 156 256 168
cow 0.0010 77 156 135 175
