person 0.0272 131 0 138 10
person 0.0095 147 200 157 208
person 0.0068 159 199 169 209
person 0.0067 171 187 179 192
person 0.0052 341 163 349 173
person 0.0037 152 198 164 208
person 0.0027 136 196 193 220
person 0.0016 156 196 172 210
person 0.0012 317 164 327 173
person 0.0011 328 164 339 174
person 0.0010 172 197 185 209
car 0.9533 301 158 355 194
car 0.8800 125 191 201 232
car 0.0051 140 264 499 330
car 0.0040 171 188 204 197
car 0.0013 489 26 500 32
car 0.0012 170 187 203 208
car 0.0011 195 190 204 196
car 0.0011 327 5 374 31
