person 0.9291 140 41 344 284
person 0.1164 422 20 436 50
person 0.0739 449 27 462 45
person 0.0409 433 20 480 46
person 0.0183 382 39 400 66
person 0.0177 441 24 454 40
person 0.0162 235 70 345 272
person 0.0141 495 67 499 85
person 0.0116 429 45 452 99
person 0.0082 482 40 499 83
person 0.0071 423 21 435 32
person 0.0069 381 37 401 91
person 0.0063 492 41 499 83
person 0.0062 370 42 383 62
person 0.0045 25 2 32 11
person 0.0038 346 42 359 60
person 0.0036 51 0 58 10
person 0.0028 319 38 335 62
person 0.0024 456 25 468 39
person 0.0020 356 32 365 38
person 0.0018 183 17 195 55
person 0.0018 446 22 470 43
person 0.0017 358 42 367 57
person 0.0017 155 38 174 97
person 0.0016 52 0 65 14
person 0.0015 109 0 126 27
person 0.0015 264 54 280 91
person 0.0015 36 0 54 11
person 0.0015 494 68 499 100
person 0.0013 353 32 363 40
person 0.0012 224 38 243 48
person 0.0011 441 24 451 34
person 0.0011 430 70 451 99
person 0.0011 226 35 240 45
person 0.0011 0 16 7 42
bicycle 0.0913 469 63 489 94
bicycle 0.0115 0 15 14 36
bicycle 0.0015 365 63 384 97
car 0.2101 398 29 426 44
car 0.1177 433 20 481 46
car 0.0219 481 32 499 44
car 0.0203 398 29 427 37
car 0.0202 384 36 410 47
car 0.0201 481 40 500 50
car 0.0159 381 32 409 42
car 0.0151 374 32 414 47
car 0.0128 381 33 401 38
car 0.0111 362 33 403 43
car 0.0102 371 36 414 60
car 0.0091 470 34 499 50
car 0.0090 362 33 392 40
car 0.0082 359 34 409 53
car 0.0080 433 19 500 84
car 0.0074 362 33 379 39
car 0.0053 468 36 499 73
car 0.0031 483 31 497 39
car 0.0031 492 32 499 41
car 0.0028 337 31 366 42
car 0.0019 267 32 327 55
car 0.0016 337 31 354 40
car 0.0015 492 40 499 47
car 0.0014 357 33 375 42
car 0.0012 392 38 414 62
car 0.0011 352 32 366 41
motorbike 0.8378 122 26 172 105
motorbike 0.8153 166 34 273 100
motorbike 0.8042 30 21 91 102
motorbike 0.7970 0 28 53 99
motorbike 0.7890 128 99 336 300
motorbike 0.7206 78 32 133 102
motorbike 0.7157 393 41 471 99
motorbike 0.5776 449 41 489 94
motorbike 0.5708 322 43 359 98
motorbike 0.5330 358 41 387 98
motorbike 0.4240 385 44 418 97
motorbike 0.4221 338 44 364 98
motorbike 0.2511 444 43 471 99
motorbike 0.1689 104 43 134 102
motorbike 0.1086 468 58 489 93
motorbike 0.0901 205 36 269 62
motorbike 0.0864 322 52 341 99
motorbike 0.0624 348 43 371 98
motorbike 0.0569 315 39 338 98
motorbike 0.0564 495 66 499 84
motorbike 0.0475 0 49 9 73
motorbike 0.0312 166 36 220 100
motorbike 0.0302 392 58 424 98
motorbike 0.0299 60 43 91 100
motorbike 0.0258 29 42 52 81
motorbike 0.0257 363 62 383 98
motorbike 0.0241 323 63 335 98
motorbike 0.0217 221 93 346 281
motorbike 0.0213 486 41 499 86
motorbike 0.0213 470 36 500 85
motorbike 0.0212 381 41 402 96
motorbike 0.0188 0 15 15 39
motorbike 0.0154 0 17 14 71
motorbike 0.0147 342 61 359 98
motorbike 0.0127 383 39 401 65
motorbike 0.0117 79 50 111 102
motorbike 0.0101 200 49 267 72
motorbike 0.0089 358 36 383 62
motorbike 0.0085 0 49 11 97
motorbike 0.0082 224 41 266 56
motorbike 0.0079 76 49 94 100
motorbike 0.0079 208 35 246 54
motorbike 0.0079 429 45 452 99
motorbike 0.0074 491 64 499 85
motorbike 0.0061 204 60 274 106
motorbike 0.0054 385 60 409 97
motorbike 0.0053 360 34 409 57
motorbike 0.0053 387 38 415 62
motorbike 0.0047 89 62 112 100
motorbike 0.0045 448 33 468 62
motorbike 0.0044 319 37 335 62
motorbike 0.0044 359 36 413 87
motorbike 0.0041 357 43 372 67
motorbike 0.0037 157 43 174 98
motorbike 0.0036 143 70 161 102
motorbike 0.0034 367 37 402 63
motorbike 0.0033 223 37 244 49
motorbike 0.0033 334 45 348 67
motorbike 0.0030 334 44 358 69
motorbike 0.0030 227 44 251 55
motorbike 0.0030 396 44 420 64
motorbike 0.0027 330 64 346 97
motorbike 0.0026 346 44 359 61
motorbike 0.0026 359 34 386 48
motorbike 0.0024 357 61 372 97
motorbike 0.0024 269 34 328 56
motorbike 0.0023 0 12 26 54
motorbike 0.0022 320 34 357 61
motorbike 0.0022 267 40 351 98
motorbike 0.0020 166 65 192 100
motorbike 0.0019 349 43 368 68
motorbike 0.0019 424 53 468 99
motorbike 0.0018 315 75 330 98
motorbike 0.0018 341 36 369 61
motorbike 0.0017 0 64 7 98
motorbike 0.0017 70 43 89 64
motorbike 0.0017 128 176 292 300
motorbike 0.0017 0 47 17 73
motorbike 0.0015 264 53 279 84
motorbike 0.0014 404 45 428 64
motorbike 0.0014 352 41 368 59
motorbike 0.0014 298 36 336 59
motorbike 0.0014 217 63 253 75
motorbike 0.0013 484 63 499 95
motorbike 0.0013 417 30 437 65
motorbike 0.0013 449 67 470 99
motorbike 0.0012 25 35 56 95
motorbike 0.0012 380 67 388 96
motorbike 0.0012 246 54 279 91
motorbike 0.0012 0 57 20 98
motorbike 0.0011 469 38 499 57
motorbike 0.0011 358 36 374 50
motorbike 0.0011 337 40 358 60
motorbike 0.0010 414 66 443 98
motorbike 0.0010 206 37 230 59
motorbike 0.0010 361 45 381 64
