person 0.0133 220 234 233 256
person 0.0036 387 183 397 188
person 0.0026 306 208 318 222
bird 0.0016 308 104 331 115
bird 0.0010 297 106 308 114
cat 0.0013 165 311 187 333
bottle 0.0023 294 213 299 222
bottle 0.0020 332 224 342 253
bottle 0.0020 287 212 293 224
chair 0.9270 305 184 443 322
chair 0.3571 0 239 158 332
chair 0.0055 493 280 499 333
chair 0.0047 478 271 499 332
chair 0.0046 410 215 466 333
sofa 0.7758 0 239 156 331
sofa 0.1391 305 184 443 323
pottedplant 0.3677 35 124 178 256
pottedplant 0.0394 173 183 213 225
pottedplant 0.0020 203 194 225 225
pottedplant 0.0013 145 232 170 259
pottedplant 0.0010 36 164 64 232
diningtable 0.1922 193 300 420 333
diningtable 0.0077 479 272 499 332
diningtable 0.0026 305 302 419 331
tvmonitor 0.8722 476 191 499 280
tvmonitor 0.0014 492 195 499 281
