person 0.9575 0 77 216 331
person 0.9422 212 64 293 196
person 0.9321 417 0 499 152
person 0.9076 314 106 499 330
person 0.8769 116 66 214 217
person 0.8250 352 67 407 178
person 0.0110 327 67 407 222
person 0.0051 493 131 499 164
person 0.0049 353 204 396 227
person 0.0021 117 69 231 327
person 0.0019 479 19 500 152
person 0.0012 486 62 499 103
person 0.0011 0 44 7 78
person 0.0011 133 278 177 303
person 0.0010 353 109 398 180
person 0.0010 349 67 497 180
bottle 0.4600 313 175 334 224
bottle 0.1462 249 216 269 257
bottle 0.0423 248 192 273 240
bottle 0.0325 0 43 4 76
bottle 0.0295 340 81 352 102
bottle 0.0289 330 80 337 102
bottle 0.0157 331 78 335 93
bottle 0.0036 327 81 340 104
bottle 0.0021 271 218 292 250
bottle 0.0014 288 161 335 210
bottle 0.0010 335 77 342 93
chair 0.7604 450 308 499 332
chair 0.7090 473 156 499 181
chair 0.2518 475 81 500 155
chair 0.2250 22 309 77 332
chair 0.0905 21 309 40 332
chair 0.0372 199 168 217 198
chair 0.0320 104 170 123 212
chair 0.0194 471 106 499 179
chair 0.0171 22 291 145 332
chair 0.0165 212 125 236 198
chair 0.0165 495 139 500 167
chair 0.0153 9 214 144 331
chair 0.0143 473 156 500 209
chair 0.0139 493 177 500 210
chair 0.0113 452 175 499 331
chair 0.0112 495 177 500 194
chair 0.0111 485 81 499 102
chair 0.0095 472 141 499 168
chair 0.0085 103 135 131 173
chair 0.0078 211 107 291 197
chair 0.0076 485 81 500 136
chair 0.0076 21 321 39 332
chair 0.0064 311 308 504 332
chair 0.0062 213 165 224 198
chair 0.0060 485 134 499 165
chair 0.0058 447 269 500 332
chair 0.0044 488 107 500 145
chair 0.0043 126 112 159 137
chair 0.0042 292 134 317 163
chair 0.0038 0 310 39 332
chair 0.0035 101 169 132 222
chair 0.0034 99 141 220 316
chair 0.0032 201 126 220 198
chair 0.0032 312 310 413 332
chair 0.0030 494 157 500 179
chair 0.0030 388 297 500 332
chair 0.0028 202 165 229 197
chair 0.0027 213 161 272 193
chair 0.0025 104 114 158 173
chair 0.0023 19 263 203 331
chair 0.0022 42 305 109 332
chair 0.0021 115 76 231 215
chair 0.0020 289 126 299 163
chair 0.0020 205 170 263 197
chair 0.0018 199 185 217 197
chair 0.0017 493 131 500 145
chair 0.0016 481 30 500 144
chair 0.0013 490 139 500 164
chair 0.0013 284 123 294 176
chair 0.0013 483 106 499 165
chair 0.0013 6 262 78 331
chair 0.0013 7 175 211 322
chair 0.0013 486 163 500 213
chair 0.0013 0 110 140 319
chair 0.0012 492 119 500 145
chair 0.0011 481 96 499 129
chair 0.0011 492 188 500 223
chair 0.0011 212 150 250 195
chair 0.0011 316 272 500 331
chair 0.0011 440 94 500 177
chair 0.0011 212 125 222 196
chair 0.0010 104 170 123 187
chair 0.0010 495 168 500 181
sofa 0.0037 8 109 211 181
sofa 0.0032 125 112 159 138
sofa 0.0016 105 112 158 170
sofa 0.0011 109 79 265 221
pottedplant 0.0024 38 125 68 152
diningtable 0.9121 124 162 394 327
diningtable 0.0306 283 96 362 163
diningtable 0.0148 485 81 499 102
diningtable 0.0038 282 99 343 131
diningtable 0.0035 494 81 499 87
diningtable 0.0026 286 73 408 174
diningtable 0.0024 478 51 499 145
diningtable 0.0012 486 62 499 104
diningtable 0.0012 489 80 499 89
tvmonitor 0.8924 31 0 247 65
tvmonitor 0.5081 273 51 327 104
tvmonitor 0.0035 267 2 327 51
tvmonitor 0.0028 0 0 40 73
tvmonitor 0.0014 115 0 246 49
tvmonitor 0.0011 268 26 323 50
