person 0.9023 267 31 316 90
person 0.8359 52 48 77 115
person 0.6376 227 43 239 58
person 0.6023 0 36 13 68
person 0.5755 99 52 109 84
person 0.5693 83 48 97 89
person 0.2645 35 46 45 69
person 0.1872 44 47 53 71
person 0.1520 72 43 83 67
person 0.1475 71 45 84 89
person 0.1398 239 41 254 62
person 0.1372 27 48 35 69
person 0.0523 16 52 21 64
person 0.0476 80 46 89 84
person 0.0363 80 45 89 65
person 0.0342 40 49 54 89
person 0.0257 265 44 279 64
person 0.0244 36 46 50 92
person 0.0172 219 45 228 56
person 0.0156 17 51 28 64
person 0.0110 14 60 47 95
person 0.0102 222 37 228 44
person 0.0098 209 45 219 55
person 0.0095 216 37 232 56
person 0.0094 85 47 97 65
person 0.0083 250 36 267 68
person 0.0073 237 42 243 55
person 0.0072 52 49 62 68
person 0.0066 81 45 89 57
person 0.0064 0 38 36 95
person 0.0061 0 35 16 97
person 0.0053 265 35 320 137
person 0.0048 25 49 43 94
person 0.0043 255 38 265 57
person 0.0042 320 72 337 84
person 0.0041 263 32 284 63
person 0.0039 249 55 269 69
person 0.0039 0 52 14 68
person 0.0037 289 31 304 50
person 0.0035 253 41 280 66
person 0.0034 363 31 371 47
person 0.0034 123 59 138 70
person 0.0027 71 67 84 89
person 0.0027 0 36 5 50
person 0.0026 202 45 209 55
person 0.0025 205 46 212 55
person 0.0024 0 87 11 104
person 0.0023 71 50 78 67
person 0.0020 71 52 79 80
person 0.0018 261 45 274 62
person 0.0014 31 47 37 55
person 0.0014 50 43 55 56
person 0.0012 73 43 82 56
person 0.0012 249 42 255 55
person 0.0012 84 46 90 54
person 0.0011 0 36 28 67
person 0.0011 103 41 114 65
person 0.0011 36 45 42 54
person 0.0010 0 79 7 90
person 0.0010 122 63 127 70
person 0.0010 0 83 8 99
car 0.9231 59 67 401 316
car 0.9182 0 66 53 174
car 0.7618 336 0 499 230
car 0.7160 307 52 365 126
car 0.6169 134 55 253 72
car 0.1980 111 36 202 70
car 0.1272 360 0 499 108
car 0.0467 12 63 47 96
car 0.0221 243 31 285 70
car 0.0141 123 58 140 69
car 0.0134 363 31 370 44
car 0.0130 310 52 365 87
car 0.0125 394 61 499 230
car 0.0111 12 63 34 88
car 0.0101 0 42 36 94
car 0.0090 131 54 204 70
car 0.0081 209 33 235 55
car 0.0066 312 71 336 84
car 0.0063 304 52 394 191
car 0.0053 208 45 220 55
car 0.0045 209 33 233 45
car 0.0044 157 37 203 55
car 0.0040 307 57 337 113
car 0.0039 311 58 336 84
car 0.0037 311 52 365 70
car 0.0034 328 113 400 198
car 0.0031 249 46 278 70
car 0.0027 132 53 255 92
car 0.0024 291 28 366 60
car 0.0023 249 56 269 70
car 0.0021 208 30 283 67
car 0.0020 180 32 210 46
car 0.0017 263 49 361 132
car 0.0015 45 68 57 86
car 0.0014 462 60 499 120
car 0.0014 390 1 499 67
car 0.0012 485 65 499 112
car 0.0012 428 93 479 110
car 0.0011 362 31 370 54
car 0.0011 459 2 499 34
car 0.0010 489 73 499 108
car 0.0010 106 69 148 86
car 0.0010 111 37 158 70
car 0.0010 215 39 239 58
car 0.0010 259 31 284 53
motorbike 0.0068 33 67 48 95
motorbike 0.0039 239 47 254 61
motorbike 0.0029 37 67 56 88
motorbike 0.0025 249 55 269 69
