person 0.9183 120 212 256 499
person 0.9027 8 256 135 499
person 0.8185 137 123 231 290
person 0.6360 40 271 55 305
person 0.4175 224 264 268 500
person 0.0822 221 260 243 287
person 0.0649 256 192 268 209
person 0.0370 112 457 152 495
person 0.0358 46 271 54 287
person 0.0252 231 347 268 448
person 0.0143 7 305 61 497
person 0.0108 86 239 113 272
person 0.0099 48 238 72 268
person 0.0095 42 277 46 286
person 0.0086 113 295 158 499
person 0.0068 112 456 190 497
person 0.0067 222 376 267 500
person 0.0048 46 271 52 279
person 0.0044 115 372 263 498
person 0.0032 217 319 261 467
person 0.0030 313 272 324 288
person 0.0023 55 247 70 268
person 0.0023 15 264 19 269
person 0.0016 220 248 256 384
person 0.0016 48 247 61 268
person 0.0015 112 385 152 495
person 0.0015 9 263 14 268
person 0.0015 112 438 255 496
person 0.0012 74 132 287 502
person 0.0012 62 250 70 263
person 0.0011 266 192 273 207
person 0.0011 262 192 273 210
person 0.0011 101 224 184 499
person 0.0010 221 259 253 318
bicycle 0.0288 0 455 47 499
bicycle 0.0042 91 428 134 468
car 0.0458 286 271 329 291
car 0.0019 318 269 332 291
car 0.0015 0 264 15 268
car 0.0013 252 264 264 270
motorbike 0.0465 0 418 49 499
motorbike 0.0023 0 456 44 499
aeroplane 0.8476 -3 167 332 290
aeroplane 0.6278 1 202 161 290
aeroplane 0.0643 215 166 332 267
aeroplane 0.0011 9 146 327 486
bird 0.0081 92 428 113 468
bird 0.0061 92 428 135 468
bird 0.0010 171 368 189 380
bottle 0.0060 218 344 237 383
