cat 0.9564 37 120 429 286
chair 0.6839 0 68 78 207
chair 0.0774 8 80 494 380
chair 0.0139 223 3 497 370
chair 0.0056 0 66 77 367
chair 0.0029 435 3 499 369
chair 0.0019 418 156 449 215
chair 0.0017 0 137 77 205
chair 0.0010 0 41 32 69
sofa 0.3600 0 184 493 369
sofa 0.2099 0 67 78 207
pottedplant 0.0086 0 21 21 44
pottedplant 0.0053 0 19 28 67
pottedplant 0.0026 103 49 118 83
pottedplant 0.0012 1 5 105 98
diningtable 0.0102 45 87 141 167
diningtable 0.0020 31 80 240 166
diningtable 0.0012 89 72 254 147
tvmonitor 0.8482 174 0 262 80
tvmonitor 0.0052 99 0 180 83
tvmonitor 0.0037 101 0 263 87
tvmonitor 0.0010 184 0 258 43
tvmonitor 0.0010 250 0 296 131
