person 0.9564 267 65 416 368
person 0.9413 108 55 217 370
person 0.9383 205 84 286 371
person 0.8860 412 106 466 259
person 0.8064 467 116 500 227
person 0.0316 466 100 496 158
person 0.0186 415 106 433 129
person 0.0175 415 95 420 108
person 0.0060 0 187 16 374
person 0.0057 414 95 420 122
person 0.0054 480 114 499 151
person 0.0053 472 117 499 166
person 0.0050 446 120 495 167
person 0.0035 467 173 499 227
person 0.0033 415 95 427 123
person 0.0026 451 125 467 144
person 0.0025 414 97 422 128
person 0.0024 442 124 467 165
person 0.0024 415 107 466 173
person 0.0022 466 99 495 131
person 0.0016 351 231 387 288
person 0.0016 351 248 368 285
person 0.0014 0 338 7 374
person 0.0011 229 64 246 87
person 0.0010 439 148 452 190
dog 0.0610 350 225 393 262
dog 0.0011 317 223 400 288
bottle 0.0130 456 174 462 187
bottle 0.0113 461 175 466 188
bottle 0.0107 449 174 455 186
bottle 0.0105 463 174 468 187
bottle 0.0095 467 177 472 188
bottle 0.0095 451 173 458 186
bottle 0.0077 469 176 475 187
bottle 0.0075 458 174 464 187
bottle 0.0061 464 174 470 188
bottle 0.0056 470 174 478 188
bottle 0.0046 434 120 439 126
bottle 0.0022 440 171 448 186
chair 0.2380 411 215 437 260
chair 0.1742 350 225 423 347
chair 0.0394 407 181 437 260
chair 0.0391 92 179 112 264
chair 0.0130 407 216 436 308
chair 0.0062 10 184 113 339
chair 0.0053 412 215 436 228
chair 0.0048 356 180 413 236
chair 0.0033 402 225 424 311
chair 0.0020 103 199 114 270
chair 0.0016 441 156 496 207
chair 0.0014 354 180 434 279
chair 0.0014 351 225 417 285
chair 0.0013 406 181 414 234
chair 0.0012 445 164 484 183
chair 0.0011 451 110 471 121
chair 0.0010 276 221 423 349
sofa 0.6736 351 224 423 348
sofa 0.0671 411 215 437 260
sofa 0.0538 276 224 422 354
sofa 0.0102 407 216 436 307
sofa 0.0028 401 225 425 311
sofa 0.0026 45 223 424 362
sofa 0.0019 351 225 418 285
