person 0.8620 65 118 276 424
person 0.0776 43 289 122 402
person 0.0296 311 98 374 209
person 0.0089 41 153 151 406
person 0.0035 327 0 372 27
person 0.0028 363 105 374 208
person 0.0012 42 289 207 429
person 0.0011 278 102 314 121
person 0.0010 36 210 109 402
car 0.2233 -3 117 382 500
car 0.0042 0 1 375 270
aeroplane 0.0144 2 0 375 184
chair 0.2480 227 116 372 430
chair 0.0381 2 146 374 499
chair 0.0106 218 417 373 499
chair 0.0050 0 454 165 499
chair 0.0022 0 169 87 446
chair 0.0020 196 305 265 425
chair 0.0017 32 273 51 309
tvmonitor 0.0262 314 0 374 63
