person 0.8839 90 72 376 300
person 0.2138 423 70 497 249
person 0.1482 0 175 63 302
person 0.0836 348 76 494 259
person 0.0352 295 68 366 211
person 0.0217 431 71 495 167
person 0.0133 437 71 475 115
person 0.0116 350 133 365 160
person 0.0116 295 69 348 145
person 0.0101 0 120 115 297
person 0.0064 403 73 499 369
person 0.0060 0 1 138 302
person 0.0054 266 65 459 255
person 0.0033 237 61 379 260
person 0.0030 489 126 499 163
person 0.0024 324 132 366 207
person 0.0024 493 126 499 159
person 0.0021 419 71 478 139
person 0.0020 351 132 437 254
person 0.0019 440 127 499 257
person 0.0018 260 69 352 164
person 0.0016 335 272 350 294
person 0.0015 321 90 366 179
person 0.0013 285 110 331 154
person 0.0011 0 125 105 180
car 0.0295 451 260 498 279
car 0.0076 448 259 499 300
car 0.0038 450 262 471 278
car 0.0019 470 260 497 275
car 0.0017 464 246 476 259
car 0.0015 475 267 488 277
boat 0.0037 222 280 282 304
boat 0.0011 216 256 394 308
bottle 0.0012 447 175 470 227
chair 0.0288 0 281 95 319
chair 0.0023 0 282 95 365
chair 0.0013 0 298 169 362
sofa 0.0171 0 176 63 304
diningtable 0.1238 3 244 483 369
diningtable 0.0249 0 282 302 372
diningtable 0.0016 99 311 337 372
diningtable 0.0010 125 294 455 372
