person 0.9000 55 125 182 350
person 0.7892 251 220 391 372
person 0.7075 383 99 400 126
person 0.4968 426 98 442 113
person 0.4947 1 219 70 288
person 0.3044 397 94 416 133
person 0.2739 409 94 424 132
person 0.0874 412 96 428 117
person 0.0686 418 96 429 113
person 0.0684 405 240 464 283
person 0.0635 146 237 179 263
person 0.0388 3 163 98 290
person 0.0263 420 97 442 132
person 0.0246 182 238 239 269
person 0.0179 63 125 110 220
person 0.0095 461 99 470 110
person 0.0091 139 235 230 269
person 0.0089 45 215 136 322
person 0.0075 50 215 93 292
person 0.0075 134 230 178 269
person 0.0061 492 118 499 163
person 0.0041 50 161 96 281
person 0.0034 307 93 312 98
person 0.0034 373 85 385 116
person 0.0033 369 240 463 304
person 0.0032 399 94 414 117
person 0.0028 449 95 463 111
person 0.0025 75 128 157 283
person 0.0024 414 94 426 108
person 0.0024 0 360 14 374
person 0.0023 0 291 57 327
person 0.0021 494 119 500 146
person 0.0019 266 233 472 321
person 0.0018 489 85 499 166
person 0.0018 401 94 413 106
person 0.0016 380 98 407 145
person 0.0014 181 239 203 267
person 0.0013 417 96 463 140
person 0.0011 161 237 180 261
person 0.0011 162 238 203 268
person 0.0011 374 100 385 116
person 0.0010 414 95 421 105
person 0.0010 493 144 500 166
person 0.0010 461 327 499 373
person 0.0010 67 133 146 223
person 0.0010 143 238 162 256
bicycle 0.0023 0 205 23 259
bicycle 0.0016 0 294 58 327
bicycle 0.0015 27 1 79 31
car 0.5664 124 95 480 266
car 0.0048 0 205 25 258
car 0.0015 489 143 499 168
motorbike 0.0100 0 205 25 258
motorbike 0.0091 125 93 480 317
motorbike 0.0073 0 289 56 325
motorbike 0.0021 0 289 84 371
bus 0.0029 230 76 450 121
bus 0.0028 1 72 490 179
bottle 0.0013 66 194 74 220
chair 0.0252 226 243 280 318
chair 0.0134 73 311 180 373
chair 0.0090 128 223 154 282
chair 0.0065 130 226 180 274
chair 0.0033 461 326 500 374
chair 0.0030 488 143 499 165
chair 0.0029 132 225 239 275
chair 0.0020 453 286 500 312
chair 0.0016 128 188 184 280
chair 0.0014 223 174 282 317
chair 0.0013 141 218 193 254
chair 0.0012 65 195 74 221
chair 0.0012 368 254 397 312
tvmonitor 0.3878 73 312 179 373
