person 0.9036 232 138 262 237
person 0.0041 253 142 264 171
person 0.0015 253 146 261 163
chair 0.0041 337 198 390 220
pottedplant 0.7549 274 185 314 235
pottedplant 0.6622 195 182 232 234
pottedplant 0.5626 253 123 289 169
pottedplant 0.5486 393 139 433 179
pottedplant 0.4739 261 193 275 223
pottedplant 0.3283 133 141 164 178
pottedplant 0.1201 53 150 78 182
pottedplant 0.1118 253 123 289 218
pottedplant 0.0243 165 177 186 208
pottedplant 0.0214 171 188 186 213
pottedplant 0.0199 262 192 287 223
pottedplant 0.0195 446 208 498 289
pottedplant 0.0194 169 204 186 224
pottedplant 0.0173 262 152 277 170
pottedplant 0.0171 137 215 155 230
pottedplant 0.0170 114 194 171 231
pottedplant 0.0129 164 205 189 233
pottedplant 0.0111 139 161 151 177
pottedplant 0.0104 158 214 183 231
pottedplant 0.0091 197 209 213 233
pottedplant 0.0072 337 198 390 220
pottedplant 0.0071 297 225 308 237
pottedplant 0.0039 209 223 223 234
pottedplant 0.0037 276 85 306 102
pottedplant 0.0033 303 224 336 252
pottedplant 0.0032 219 183 237 225
pottedplant 0.0028 196 201 209 220
pottedplant 0.0028 413 124 433 142
pottedplant 0.0027 401 160 418 179
pottedplant 0.0027 107 216 132 233
pottedplant 0.0026 59 246 141 293
pottedplant 0.0023 403 197 441 211
pottedplant 0.0022 307 205 456 275
pottedplant 0.0020 271 188 291 222
pottedplant 0.0019 164 179 225 234
pottedplant 0.0019 396 157 430 180
pottedplant 0.0019 195 186 209 220
pottedplant 0.0018 170 204 182 217
pottedplant 0.0018 153 258 290 336
pottedplant 0.0017 286 218 304 239
pottedplant 0.0017 153 214 173 229
pottedplant 0.0016 228 182 240 225
pottedplant 0.0016 116 195 152 224
pottedplant 0.0015 207 212 224 234
pottedplant 0.0014 255 192 267 225
pottedplant 0.0014 273 166 286 180
pottedplant 0.0014 273 205 287 223
pottedplant 0.0013 133 165 139 174
pottedplant 0.0013 135 162 155 188
pottedplant 0.0013 338 200 395 271
pottedplant 0.0012 136 158 161 181
pottedplant 0.0011 222 201 236 226
pottedplant 0.0011 167 217 189 234
pottedplant 0.0010 253 77 265 100
pottedplant 0.0010 197 217 218 234
