person 0.9322 232 131 444 371
person 0.8598 66 120 232 370
person 0.8553 0 93 41 183
person 0.7089 181 91 287 372
person 0.0959 218 93 281 305
person 0.0502 0 120 6 150
person 0.0407 0 96 14 149
person 0.0305 0 115 5 141
person 0.0252 0 103 11 178
person 0.0148 28 129 87 210
person 0.0121 -1 95 84 197
person 0.0061 0 95 7 141
person 0.0042 214 91 397 313
person 0.0037 0 133 11 199
person 0.0026 0 117 14 140
person 0.0022 0 146 8 220
person 0.0012 0 159 7 184
person 0.0010 318 156 339 183
bottle 0.0240 0 180 7 219
chair 0.8378 417 222 481 373
chair 0.4097 29 143 87 208
chair 0.2177 103 156 152 232
chair 0.2112 28 142 54 192
chair 0.1874 123 136 158 165
chair 0.1769 125 158 152 195
chair 0.0666 122 136 158 193
chair 0.0645 166 111 186 137
chair 0.0573 232 219 488 372
chair 0.0505 150 111 186 177
chair 0.0452 101 145 132 224
chair 0.0101 175 149 458 368
chair 0.0084 122 154 133 192
chair 0.0081 178 291 246 373
chair 0.0073 162 111 187 157
chair 0.0059 208 155 226 174
chair 0.0057 223 336 242 360
chair 0.0051 123 174 248 370
chair 0.0050 150 134 175 177
chair 0.0038 0 144 40 183
chair 0.0038 185 337 242 374
chair 0.0029 101 203 114 238
chair 0.0027 93 268 141 370
chair 0.0027 179 323 193 372
chair 0.0022 116 250 219 372
chair 0.0020 455 230 482 372
chair 0.0020 150 156 173 177
chair 0.0020 116 149 133 208
chair 0.0018 125 136 158 149
chair 0.0016 224 346 241 356
chair 0.0015 52 157 87 214
chair 0.0015 102 146 125 177
chair 0.0014 465 292 499 373
chair 0.0012 151 119 226 176
chair 0.0011 144 162 153 179
sofa 0.0028 128 181 461 368
sofa 0.0017 417 223 482 373
diningtable 0.7403 0 179 108 352
diningtable 0.2795 0 179 96 233
diningtable 0.0488 234 332 387 372
diningtable 0.0022 472 354 499 374
diningtable 0.0019 0 205 76 234
diningtable 0.0014 0 201 107 243
diningtable 0.0012 232 315 476 374
