person 0.8279 263 15 277 37
person 0.8110 0 10 76 80
person 0.4465 233 9 241 20
person 0.3368 0 1 12 33
person 0.3265 218 10 226 19
person 0.2568 367 16 375 47
person 0.2013 227 11 236 20
person 0.1182 73 11 85 28
person 0.0958 367 52 374 105
person 0.0955 15 10 24 19
person 0.0910 94 12 102 22
person 0.0868 189 9 195 18
person 0.0763 0 0 12 69
person 0.0694 33 11 76 56
person 0.0496 193 10 200 18
person 0.0438 366 60 374 141
person 0.0397 150 10 156 18
person 0.0372 79 13 89 26
person 0.0343 138 13 143 18
person 0.0235 83 15 89 24
person 0.0199 304 20 312 37
person 0.0155 133 13 139 18
person 0.0143 0 44 7 71
person 0.0143 325 11 336 32
person 0.0137 215 11 222 19
person 0.0137 207 13 214 19
person 0.0134 29 10 41 34
person 0.0124 367 17 374 30
person 0.0111 15 9 38 21
person 0.0103 108 42 146 88
person 0.0090 333 16 343 27
person 0.0084 245 16 257 25
person 0.0084 0 0 17 113
person 0.0083 342 10 352 23
person 0.0076 0 11 33 121
person 0.0074 143 12 149 18
person 0.0073 71 13 79 28
person 0.0072 191 8 198 17
person 0.0062 367 76 375 114
person 0.0054 274 21 281 37
person 0.0053 28 9 39 22
person 0.0049 0 42 15 79
person 0.0049 13 9 40 30
person 0.0041 345 68 374 143
person 0.0041 354 0 364 8
person 0.0040 275 18 284 37
person 0.0038 76 40 144 95
person 0.0038 172 11 183 17
person 0.0032 28 9 38 16
person 0.0031 306 20 311 29
person 0.0029 13 10 26 23
person 0.0026 367 18 374 73
person 0.0026 332 21 367 43
person 0.0023 325 11 336 22
person 0.0022 144 9 156 18
person 0.0022 327 18 335 30
person 0.0020 257 18 264 27
person 0.0020 37 13 45 22
person 0.0018 0 6 27 34
person 0.0018 195 44 262 98
person 0.0016 202 11 209 18
person 0.0016 57 475 102 499
person 0.0016 360 60 374 94
person 0.0016 141 2 152 18
person 0.0015 329 10 343 24
person 0.0014 368 7 374 14
person 0.0013 326 17 340 31
person 0.0013 134 12 146 19
person 0.0012 0 10 97 122
person 0.0012 313 18 323 38
person 0.0011 367 0 374 12
person 0.0011 73 20 80 28
person 0.0011 367 16 374 23
person 0.0011 360 0 369 9
person 0.0010 360 73 373 90
person 0.0010 354 0 372 11
person 0.0010 91 4 102 22
bicycle 0.0020 299 21 313 38
car 0.8476 0 12 373 427
car 0.8265 312 20 374 84
car 0.0872 314 31 334 47
car 0.0850 312 31 333 72
car 0.0378 326 1 374 28
car 0.0377 0 76 31 121
car 0.0127 325 10 343 30
car 0.0115 160 11 184 17
car 0.0047 345 7 374 24
car 0.0033 0 12 78 122
car 0.0025 325 11 337 22
car 0.0023 329 10 343 23
car 0.0020 0 16 375 223
car 0.0016 314 14 373 47
car 0.0014 323 15 335 32
car 0.0011 3 359 373 423
car 0.0010 274 24 284 37
motorbike 0.1224 0 76 32 121
motorbike 0.0070 0 73 63 122
motorbike 0.0040 56 473 100 499
motorbike 0.0028 0 76 31 99
motorbike 0.0023 0 33 75 121
motorbike 0.0019 367 84 375 120
aeroplane 0.0088 55 475 100 499
boat 0.0035 55 474 100 499
chair 0.0065 56 476 99 499
