car 0.5295 405 44 433 55
car 0.1264 482 86 499 117
car 0.1096 404 83 449 110
car 0.0289 399 68 419 82
car 0.0153 434 86 460 112
car 0.0146 473 86 498 106
car 0.0131 394 47 406 54
car 0.0128 461 48 499 77
car 0.0127 410 78 446 94
car 0.0118 444 83 499 112
car 0.0093 415 73 425 82
car 0.0090 437 82 455 93
car 0.0083 393 88 404 98
car 0.0076 432 81 448 94
car 0.0069 393 80 414 98
car 0.0067 481 78 500 94
car 0.0065 404 92 432 107
car 0.0063 431 72 447 91
car 0.0053 392 71 422 98
car 0.0052 462 48 499 116
car 0.0052 408 74 425 84
car 0.0047 432 83 448 107
car 0.0045 452 85 491 104
car 0.0039 133 75 181 108
car 0.0038 418 77 436 91
car 0.0031 397 65 440 83
car 0.0023 404 94 419 107
car 0.0020 407 89 497 116
car 0.0018 466 42 499 64
car 0.0017 397 71 490 112
car 0.0016 148 75 175 88
car 0.0013 492 49 500 57
car 0.0013 409 95 447 111
car 0.0013 467 74 499 93
car 0.0010 395 83 423 107
car 0.0010 458 75 500 103
bird 0.0020 279 90 300 110
bottle 0.3183 254 75 264 110
chair 0.0245 0 201 26 237
chair 0.0240 34 208 67 228
chair 0.0069 384 132 420 176
chair 0.0030 0 172 27 234
chair 0.0020 491 219 499 256
tvmonitor 0.4469 169 109 227 190
tvmonitor 0.2955 333 105 390 180
tvmonitor 0.2068 0 189 184 330
tvmonitor 0.1301 224 109 300 195
tvmonitor 0.0916 298 1 394 263
tvmonitor 0.0251 0 155 24 212
tvmonitor 0.0204 245 191 362 257
tvmonitor 0.0179 15 137 70 190
tvmonitor 0.0112 243 191 299 252
tvmonitor 0.0073 333 107 361 178
tvmonitor 0.0056 0 155 23 176
tvmonitor 0.0054 352 147 378 209
tvmonitor 0.0045 248 168 383 283
tvmonitor 0.0044 58 138 87 185
tvmonitor 0.0043 494 218 499 255
tvmonitor 0.0038 366 106 389 176
tvmonitor 0.0037 384 132 420 176
tvmonitor 0.0037 355 138 384 178
tvmonitor 0.0028 0 169 21 195
tvmonitor 0.0023 187 108 380 198
tvmonitor 0.0019 409 163 424 189
tvmonitor 0.0016 297 74 338 322
tvmonitor 0.0013 336 148 404 208
tvmonitor 0.0012 75 140 177 211
tvmonitor 0.0010 170 107 300 215
tvmonitor 0.0010 329 200 368 258
