person 0.9297 144 107 262 329
person 0.9220 441 121 499 330
person 0.4754 84 155 97 170
person 0.4200 40 150 61 182
person 0.3739 441 162 451 188
person 0.3688 100 136 172 331
person 0.1440 56 167 64 186
person 0.1379 106 135 172 233
person 0.0874 449 153 467 175
person 0.0425 457 153 467 164
person 0.0293 42 146 61 168
person 0.0254 440 156 447 181
person 0.0186 438 155 444 173
person 0.0128 53 147 61 167
person 0.0127 484 155 499 311
person 0.0110 443 153 473 192
person 0.0086 73 162 79 170
person 0.0081 16 152 24 161
person 0.0078 31 157 43 171
person 0.0065 488 202 500 297
person 0.0062 154 165 173 186
person 0.0061 128 135 171 190
person 0.0047 46 144 58 162
person 0.0045 439 161 443 180
person 0.0041 440 159 451 218
person 0.0041 450 161 461 176
person 0.0040 19 157 36 188
person 0.0039 492 211 499 276
person 0.0033 22 159 34 180
person 0.0030 15 151 25 172
person 0.0026 442 162 450 173
person 0.0022 54 167 67 197
person 0.0021 22 158 37 206
person 0.0020 458 146 470 162
person 0.0019 418 112 442 307
person 0.0018 467 110 499 313
person 0.0017 32 161 44 177
person 0.0016 95 159 105 167
person 0.0015 82 153 87 163
person 0.0015 447 153 480 178
person 0.0015 492 175 499 234
person 0.0014 153 139 174 186
person 0.0014 443 128 499 230
person 0.0013 84 99 380 329
person 0.0012 481 123 499 179
person 0.0011 55 154 61 166
person 0.0011 49 169 64 223
train 0.0014 437 123 500 168
train 0.0013 55 87 444 330
tvmonitor 0.0028 371 160 385 168
tvmonitor 0.0011 438 135 460 156
