person 0.9490 168 91 325 499
person 0.9274 36 104 206 496
person 0.8348 0 143 17 216
person 0.7513 27 67 84 237
person 0.5860 10 145 25 211
person 0.5816 20 150 34 212
person 0.1913 10 146 23 178
person 0.0158 26 104 84 344
person 0.0044 21 149 33 185
person 0.0039 14 146 23 160
person 0.0032 10 145 18 155
person 0.0029 23 149 30 161
person 0.0026 33 272 69 345
person 0.0024 115 94 268 496
person 0.0016 34 188 70 345
person 0.0013 0 145 16 177
person 0.0012 29 96 140 349
person 0.0011 10 158 24 195
person 0.0010 0 144 11 155
car 0.0051 66 108 122 131
dog 0.0140 332 474 374 500
