bottle 0.4518 199 215 208 242
bottle 0.0669 208 218 217 242
bottle 0.0358 217 219 226 243
chair 0.1857 333 436 374 500
chair 0.0495 35 228 297 500
chair 0.0120 361 436 374 499
chair 0.0046 69 224 170 318
chair 0.0019 66 224 155 269
sofa 0.9370 35 223 296 495
sofa 0.4211 333 436 374 500
sofa 0.0020 77 230 173 317
sofa 0.0019 333 334 374 499
pottedplant 0.3978 284 218 320 242
pottedplant 0.3817 263 213 275 239
pottedplant 0.3144 225 210 240 237
pottedplant 0.2202 225 223 239 237
pottedplant 0.1978 110 0 217 271
pottedplant 0.1140 246 231 258 244
pottedplant 0.0637 284 224 307 240
pottedplant 0.0161 212 217 224 241
pottedplant 0.0111 298 224 319 243
pottedplant 0.0041 256 213 314 242
pottedplant 0.0035 224 222 244 249
pottedplant 0.0021 156 252 174 270
pottedplant 0.0020 288 212 305 234
pottedplant 0.0018 141 122 194 267
pottedplant 0.0013 156 225 174 271
pottedplant 0.0010 190 212 243 250
diningtable 0.3223 185 236 337 295
diningtable 0.0039 193 235 333 256
