person 0.8959 410 119 468 193
person 0.8845 298 122 356 197
person 0.7505 203 113 265 166
person 0.0533 486 158 499 171
person 0.0081 310 118 322 126
person 0.0070 193 121 230 147
person 0.0063 411 121 434 152
person 0.0054 482 158 499 179
person 0.0043 493 155 500 165
person 0.0037 308 118 322 131
person 0.0022 489 154 499 167
person 0.0020 492 257 499 286
person 0.0018 193 133 225 146
person 0.0018 264 126 271 137
person 0.0018 96 58 108 93
person 0.0016 490 163 499 184
person 0.0015 344 146 355 164
person 0.0013 220 111 226 117
person 0.0011 197 118 339 193
person 0.0010 303 120 322 144
horse 0.9298 245 127 400 284
horse 0.8567 369 131 498 279
horse 0.7270 137 139 287 269
horse 0.6017 449 164 499 285
horse 0.1520 453 162 499 219
horse 0.0406 485 159 499 173
horse 0.0185 466 161 499 185
horse 0.0135 452 170 481 217
horse 0.0132 480 168 499 199
horse 0.0073 460 207 499 285
horse 0.0053 266 219 349 270
horse 0.0053 467 159 499 174
horse 0.0046 486 159 500 188
horse 0.0043 493 241 499 286
horse 0.0041 466 162 490 176
horse 0.0029 480 182 499 285
horse 0.0027 487 207 499 286
horse 0.0018 279 126 304 141
horse 0.0016 295 138 315 150
horse 0.0014 279 127 313 148
horse 0.0014 264 126 301 148
horse 0.0013 467 168 499 204
horse 0.0010 461 163 485 185
horse 0.0010 300 223 350 265
horse 0.0010 489 177 499 198
horse 0.0010 219 122 354 196
