person 0.0086 186 185 209 208
person 0.0065 197 188 210 207
person 0.0040 180 178 199 206
person 0.0018 286 96 292 103
person 0.0011 342 172 354 195
car 0.0433 1 216 19 241
car 0.0024 2 206 17 222
car 0.0021 127 205 153 257
car 0.0018 0 204 11 219
car 0.0014 5 209 14 221
bus 0.9441 245 137 499 267
bus 0.8932 142 147 254 265
bus 0.8640 14 159 141 265
bus 0.2212 14 165 65 258
bus 0.2000 127 166 150 257
bus 0.0532 202 146 254 254
bus 0.0307 235 151 282 263
bus 0.0272 111 158 159 259
bus 0.0146 71 157 153 262
bus 0.0055 235 161 255 229
bus 0.0029 202 146 256 162
bus 0.0020 240 136 499 167
bus 0.0018 0 184 18 242
bus 0.0014 233 140 354 266
bus 0.0013 15 166 65 208
bus 0.0012 64 158 144 204
bus 0.0012 132 168 147 210
bus 0.0011 190 146 283 266
bird 0.0013 76 81 80 87
