person 0.8797 36 116 237 262
person 0.6093 290 107 467 220
person 0.4952 0 98 50 186
person 0.4544 193 84 282 176
person 0.3991 0 94 29 146
person 0.1851 315 132 485 256
person 0.0651 194 84 386 191
person 0.0532 0 94 14 108
person 0.0194 46 123 235 195
person 0.0136 190 91 465 235
person 0.0111 369 127 466 189
person 0.0044 0 96 10 130
person 0.0041 0 104 19 157
person 0.0036 193 85 249 153
person 0.0028 0 52 30 142
person 0.0027 0 96 7 111
person 0.0022 194 85 282 125
person 0.0018 286 108 386 181
person 0.0018 64 72 83 99
person 0.0013 237 99 281 119
person 0.0012 285 109 356 218
person 0.0011 0 94 26 117
person 0.0010 429 170 466 191
car 0.0165 0 47 34 76
motorbike 0.9283 69 139 281 269
motorbike 0.9274 317 135 486 257
motorbike 0.8095 0 101 49 186
motorbike 0.7665 227 111 303 199
motorbike 0.0099 0 144 49 187
motorbike 0.0074 0 109 24 186
motorbike 0.0020 38 115 158 264
motorbike 0.0016 194 111 476 257
motorbike 0.0013 193 84 317 181
