person 0.3873 472 116 481 145
person 0.2589 253 108 267 131
person 0.1149 488 124 497 148
person 0.0729 419 103 428 125
person 0.0436 379 114 386 128
person 0.0204 228 113 235 129
person 0.0170 353 114 359 126
person 0.0166 490 124 499 149
person 0.0158 196 113 200 124
person 0.0109 210 111 223 125
person 0.0105 486 105 499 149
person 0.0084 404 108 412 123
person 0.0045 245 116 251 129
person 0.0042 292 170 322 195
person 0.0037 304 177 321 196
person 0.0033 273 170 319 203
person 0.0032 366 115 372 130
person 0.0032 386 114 391 128
person 0.0030 186 105 192 118
person 0.0028 307 102 312 111
person 0.0027 141 100 146 107
person 0.0025 0 306 29 332
person 0.0023 294 176 322 210
person 0.0022 210 119 213 126
person 0.0021 256 174 273 191
person 0.0021 218 110 223 122
person 0.0020 271 174 296 193
person 0.0019 411 10 422 28
person 0.0012 282 171 311 194
person 0.0011 11 359 43 404
person 0.0011 323 113 327 122
person 0.0011 305 173 337 203
person 0.0010 363 115 370 130
person 0.0010 224 173 252 191
car 0.9680 1 125 464 329
car 0.9303 372 125 432 149
car 0.9173 318 121 370 142
car 0.0789 196 112 214 124
car 0.0698 0 138 66 159
car 0.0188 210 112 235 128
car 0.0133 222 113 235 129
car 0.0114 209 109 223 125
car 0.0112 150 123 253 149
car 0.0083 194 109 236 128
car 0.0082 0 138 66 193
car 0.0077 228 113 235 126
car 0.0067 215 115 226 125
car 0.0035 210 109 219 120
car 0.0033 182 120 193 127
car 0.0027 229 111 252 129
car 0.0022 0 137 64 328
car 0.0018 211 108 220 115
car 0.0017 227 116 234 131
car 0.0016 318 121 338 140
car 0.0015 3 122 468 206
car 0.0014 0 304 60 331
car 0.0011 182 113 196 127
