person 0.9454 0 161 154 371
person 0.9378 81 144 200 327
person 0.8997 176 144 264 241
person 0.8887 425 138 500 275
person 0.8748 358 169 499 372
person 0.7742 466 75 500 224
person 0.7522 331 141 407 285
person 0.7133 445 96 480 140
person 0.4159 135 121 189 188
person 0.3596 134 121 164 148
person 0.3293 321 169 371 203
person 0.3058 134 122 197 244
person 0.2532 0 128 25 155
person 0.1871 321 140 405 202
person 0.1504 319 268 413 367
person 0.1172 131 125 143 149
person 0.0591 320 164 414 369
person 0.0536 0 127 28 236
person 0.0354 355 246 408 288
person 0.0165 163 183 199 245
person 0.0104 0 127 27 178
person 0.0062 332 137 497 285
person 0.0055 335 198 383 281
person 0.0040 136 120 185 153
person 0.0035 117 123 144 179
person 0.0031 340 141 366 174
person 0.0027 477 175 499 225
person 0.0025 365 155 409 287
person 0.0025 0 160 85 342
person 0.0024 347 142 405 177
person 0.0023 0 137 7 155
person 0.0022 0 146 6 172
person 0.0022 41 120 57 156
person 0.0021 120 121 170 181
person 0.0018 0 271 40 371
person 0.0018 0 146 6 156
person 0.0016 333 198 379 222
person 0.0012 0 129 61 236
person 0.0012 0 127 50 157
person 0.0011 324 139 368 189
person 0.0010 32 123 46 155
bottle 0.1243 245 296 268 339
bottle 0.1058 270 275 284 303
bottle 0.0900 246 274 265 307
bottle 0.0291 279 229 288 255
bottle 0.0244 181 205 198 247
bottle 0.0072 169 184 199 246
bottle 0.0020 68 321 81 338
bottle 0.0015 83 114 92 156
bottle 0.0011 244 275 284 313
bottle 0.0010 86 130 91 156
chair 0.7237 244 173 298 206
chair 0.5668 63 228 91 329
chair 0.1513 485 272 499 293
chair 0.1509 477 190 499 226
chair 0.0610 0 226 20 243
chair 0.0574 72 203 94 234
chair 0.0396 183 162 203 175
chair 0.0277 0 320 41 373
chair 0.0262 496 280 500 294
chair 0.0205 181 207 198 246
chair 0.0158 354 245 409 287
chair 0.0110 166 162 189 187
chair 0.0101 476 191 500 275
chair 0.0101 0 320 19 371
chair 0.0092 379 246 389 273
chair 0.0084 0 364 44 374
chair 0.0077 355 240 383 277
chair 0.0067 0 226 75 373
chair 0.0041 62 203 95 247
chair 0.0034 475 183 499 201
chair 0.0032 175 163 205 190
chair 0.0026 321 179 331 201
chair 0.0025 350 329 411 362
chair 0.0022 61 198 93 297
chair 0.0022 344 200 384 282
chair 0.0022 195 222 207 243
chair 0.0021 0 320 10 365
chair 0.0020 0 252 42 369
chair 0.0019 350 356 411 374
chair 0.0018 -1 288 114 373
chair 0.0018 178 160 206 179
chair 0.0018 235 165 244 201
chair 0.0017 187 210 201 245
chair 0.0017 66 227 141 327
chair 0.0016 355 272 390 288
chair 0.0015 473 184 486 200
chair 0.0015 81 204 94 230
chair 0.0015 349 339 411 374
chair 0.0013 469 156 499 230
chair 0.0013 86 208 94 229
chair 0.0012 474 1 500 29
chair 0.0012 371 244 391 274
chair 0.0012 0 365 6 374
chair 0.0012 235 169 240 199
chair 0.0012 482 210 499 230
chair 0.0012 0 233 10 243
chair 0.0011 163 189 199 257
chair 0.0011 237 165 252 204
chair 0.0011 375 246 407 276
chair 0.0011 325 170 343 187
chair 0.0010 0 212 155 371
sofa 0.0016 245 113 349 158
pottedplant 0.0053 351 116 378 136
pottedplant 0.0016 350 78 390 136
diningtable 0.8465 70 199 360 372
diningtable 0.0498 177 200 358 295
diningtable 0.0227 479 176 499 193
diningtable 0.0218 67 288 355 373
diningtable 0.0062 486 272 500 290
diningtable 0.0058 252 143 343 204
diningtable 0.0037 474 183 500 201
diningtable 0.0027 476 175 499 225
diningtable 0.0019 477 189 499 207
tvmonitor 0.0010 247 112 349 159
