person 0.0532 395 92 399 110
person 0.0318 368 103 399 145
person 0.0160 390 90 400 139
person 0.0104 395 72 399 110
person 0.0092 387 116 400 172
person 0.0025 366 61 399 115
person 0.0021 365 99 400 183
person 0.0012 372 109 399 227
chair 0.8966 160 247 278 299
chair 0.8625 303 97 341 150
chair 0.8007 228 140 287 220
chair 0.7949 350 120 390 187
chair 0.7456 258 186 354 278
chair 0.6093 253 118 295 175
chair 0.5692 367 104 399 146
chair 0.3434 373 171 390 213
chair 0.2591 253 94 271 112
chair 0.1542 389 141 400 170
chair 0.1024 376 154 399 217
chair 0.0886 277 118 296 176
chair 0.0693 367 103 388 127
chair 0.0684 254 93 293 115
chair 0.0378 385 104 400 145
chair 0.0297 396 132 399 142
chair 0.0174 258 93 296 142
chair 0.0155 279 263 310 299
chair 0.0143 0 124 26 176
chair 0.0106 179 185 353 288
chair 0.0098 284 117 296 145
chair 0.0097 357 119 389 161
chair 0.0092 238 121 284 164
chair 0.0084 374 180 384 212
chair 0.0079 384 131 400 180
chair 0.0079 391 153 399 171
chair 0.0073 391 110 399 142
chair 0.0068 252 95 263 111
chair 0.0063 160 240 223 298
chair 0.0062 395 107 399 114
chair 0.0058 0 125 13 170
chair 0.0058 391 132 400 144
chair 0.0056 395 154 400 170
chair 0.0051 378 108 400 176
chair 0.0051 184 234 222 272
chair 0.0048 273 118 296 149
chair 0.0047 0 135 5 168
chair 0.0040 252 125 275 160
chair 0.0037 388 112 399 123
chair 0.0034 345 103 395 147
chair 0.0034 309 96 339 120
chair 0.0023 389 105 400 118
chair 0.0021 190 92 329 261
chair 0.0020 371 104 399 126
chair 0.0020 367 103 380 123
chair 0.0018 261 186 353 233
chair 0.0018 387 146 399 199
chair 0.0017 389 141 400 153
chair 0.0017 243 137 271 161
chair 0.0016 278 151 401 299
chair 0.0015 284 65 297 93
chair 0.0014 357 104 381 127
chair 0.0013 393 103 400 132
chair 0.0013 269 99 291 114
chair 0.0013 395 137 399 144
chair 0.0013 319 -9 346 11
chair 0.0011 238 273 278 298
chair 0.0010 240 274 271 283
diningtable 0.2359 290 210 399 297
diningtable 0.0096 3 79 310 304
diningtable 0.0039 12 176 224 296
diningtable 0.0020 287 255 399 298
diningtable 0.0016 268 85 397 119
diningtable 0.0014 161 139 234 218
tvmonitor 0.9090 45 104 124 166
tvmonitor 0.8932 124 92 185 137
tvmonitor 0.8819 181 83 229 120
tvmonitor 0.8540 365 63 398 91
tvmonitor 0.8475 255 60 285 85
tvmonitor 0.8345 310 61 340 87
tvmonitor 0.8214 209 59 239 79
tvmonitor 0.7846 166 56 191 79
tvmonitor 0.6956 228 75 254 107
tvmonitor 0.6093 36 71 78 101
tvmonitor 0.4494 83 67 120 95
tvmonitor 0.4254 151 2 186 36
tvmonitor 0.3079 151 2 172 29
tvmonitor 0.2079 132 55 160 72
tvmonitor 0.1085 129 72 164 94
tvmonitor 0.0818 0 80 26 109
tvmonitor 0.0488 0 67 18 84
tvmonitor 0.0361 133 56 148 72
tvmonitor 0.0200 382 153 399 210
tvmonitor 0.0198 395 92 399 109
tvmonitor 0.0176 203 76 254 108
tvmonitor 0.0127 0 199 37 297
tvmonitor 0.0124 190 71 217 82
tvmonitor 0.0124 144 56 160 70
tvmonitor 0.0119 394 65 400 108
tvmonitor 0.0117 112 69 131 84
tvmonitor 0.0097 129 26 145 56
tvmonitor 0.0072 48 15 92 96
tvmonitor 0.0056 12 14 53 90
tvmonitor 0.0044 146 69 164 94
tvmonitor 0.0042 191 77 213 88
tvmonitor 0.0040 137 69 164 85
tvmonitor 0.0034 128 77 147 95
tvmonitor 0.0029 111 69 123 80
tvmonitor 0.0028 391 156 399 206
tvmonitor 0.0023 0 1 12 69
tvmonitor 0.0022 179 75 216 91
tvmonitor 0.0018 285 65 298 93
tvmonitor 0.0015 136 70 163 77
tvmonitor 0.0012 131 39 144 55
tvmonitor 0.0012 84 66 109 78
tvmonitor 0.0011 121 70 130 84
tvmonitor 0.0010 163 95 184 131
tvmonitor 0.0010 17 61 48 84
