person 0.9338 0 57 73 255
person 0.9286 77 46 138 245
person 0.9238 113 94 345 372
person 0.8985 352 234 449 373
person 0.8924 359 149 406 212
person 0.8781 423 122 474 200
person 0.8508 273 42 313 103
person 0.8296 185 60 208 116
person 0.7958 173 161 279 371
person 0.0807 225 100 236 110
person 0.0066 246 78 273 111
person 0.0062 0 58 28 89
person 0.0041 259 192 307 301
person 0.0038 387 151 401 193
person 0.0028 235 97 344 297
person 0.0020 359 124 472 211
person 0.0014 0 220 9 245
person 0.0013 0 221 12 268
motorbike 0.2165 0 221 119 325
motorbike 0.0028 0 220 13 267
bottle 0.0027 450 179 456 188
bottle 0.0021 328 340 370 374
chair 0.1987 41 106 87 131
chair 0.1620 122 95 144 143
chair 0.1571 141 89 174 129
chair 0.0760 246 78 267 110
chair 0.0454 198 77 267 112
chair 0.0319 457 100 499 145
chair 0.0246 173 87 194 121
chair 0.0179 128 96 145 122
chair 0.0164 50 107 87 149
chair 0.0134 123 95 134 122
chair 0.0128 442 351 450 374
chair 0.0044 123 95 167 145
chair 0.0036 41 106 55 124
chair 0.0027 203 97 241 112
chair 0.0025 326 340 449 373
chair 0.0025 41 106 87 183
chair 0.0023 40 106 68 125
chair 0.0023 272 76 279 92
chair 0.0022 327 339 374 374
chair 0.0019 200 77 259 96
chair 0.0018 155 71 191 117
chair 0.0015 338 50 357 87
chair 0.0011 164 70 259 116
chair 0.0010 312 63 337 79
sofa 0.1532 457 99 499 146
sofa 0.0535 173 76 266 114
tvmonitor 0.0026 490 0 500 70
tvmonitor 0.0017 57 12 127 84
tvmonitor 0.0016 339 50 358 89
