person 0.9175 319 115 374 327
person 0.8949 71 204 151 305
person 0.7194 244 123 292 200
person 0.4611 180 133 262 213
person 0.0771 183 133 261 174
person 0.0686 261 123 292 177
person 0.0314 217 133 262 199
person 0.0186 171 138 259 273
person 0.0106 182 144 226 169
person 0.0057 154 142 182 164
person 0.0047 262 123 292 149
person 0.0043 221 134 261 170
person 0.0031 417 48 442 80
person 0.0021 211 133 271 275
person 0.0021 146 136 247 196
person 0.0019 208 144 237 168
person 0.0011 343 132 364 166
bicycle 0.3509 0 308 12 373
bicycle 0.0041 0 308 10 337
bicycle 0.0036 0 261 16 372
bicycle 0.0011 303 218 339 303
motorbike 0.8814 110 143 257 318
motorbike 0.7304 244 150 321 277
motorbike 0.6128 305 178 396 291
motorbike 0.1264 356 188 396 271
motorbike 0.0573 0 306 15 374
motorbike 0.0212 245 158 395 276
motorbike 0.0169 173 147 320 279
motorbike 0.0166 0 249 12 371
motorbike 0.0097 248 204 312 275
motorbike 0.0082 154 142 182 164
motorbike 0.0073 153 142 219 198
motorbike 0.0059 109 145 181 255
motorbike 0.0037 171 155 245 251
motorbike 0.0034 301 214 338 303
motorbike 0.0028 153 142 214 165
motorbike 0.0015 263 151 320 219
motorbike 0.0015 291 149 321 231
motorbike 0.0013 145 207 257 317
motorbike 0.0012 358 161 392 228
