person 0.2138 294 128 321 169
person 0.0189 284 134 309 169
person 0.0097 290 152 304 169
person 0.0088 296 128 312 154
person 0.0037 299 134 339 168
person 0.0020 196 151 214 172
person 0.0014 314 137 353 168
person 0.0010 293 144 311 169
bicycle 0.7947 232 74 406 328
bicycle 0.0265 283 131 307 169
bicycle 0.0253 254 176 313 329
bicycle 0.0198 293 128 340 169
bicycle 0.0164 196 151 215 173
bicycle 0.0142 276 135 309 199
bicycle 0.0099 289 151 305 169
bicycle 0.0058 259 144 298 201
bicycle 0.0048 279 156 292 170
bicycle 0.0042 281 154 303 170
bicycle 0.0037 323 133 450 325
bicycle 0.0026 317 175 403 329
bicycle 0.0024 275 88 358 313
bicycle 0.0021 283 140 299 169
bicycle 0.0020 229 73 379 164
bicycle 0.0020 320 244 393 329
bicycle 0.0018 279 149 303 191
bicycle 0.0012 305 124 374 168
bicycle 0.0011 291 144 312 169
bicycle 0.0011 314 136 353 168
bicycle 0.0011 289 151 307 189
bicycle 0.0011 256 186 386 328
