person 0.9484 173 119 267 295
person 0.6460 488 54 499 68
person 0.6359 354 43 373 70
person 0.5846 454 39 475 68
person 0.4870 443 47 455 68
person 0.2946 286 63 318 128
person 0.2888 409 49 423 69
person 0.2652 469 56 484 68
person 0.2627 431 47 454 68
person 0.2363 326 58 369 119
person 0.2345 333 58 352 71
person 0.2195 353 43 374 103
person 0.1571 297 63 313 72
person 0.0762 405 49 429 102
person 0.0619 469 46 484 67
person 0.0564 379 43 397 70
person 0.0506 451 39 475 101
person 0.0499 292 63 314 107
person 0.0386 431 46 455 100
person 0.0355 330 58 353 102
person 0.0304 431 50 444 69
person 0.0291 444 46 453 56
person 0.0209 454 54 469 68
person 0.0200 323 62 333 71
person 0.0188 409 49 423 59
person 0.0169 487 54 499 91
person 0.0131 406 49 414 59
person 0.0123 380 43 396 57
person 0.0096 327 89 368 122
person 0.0090 351 47 361 70
person 0.0064 242 39 251 51
person 0.0061 436 39 473 141
person 0.0050 418 96 428 105
person 0.0045 243 39 257 52
person 0.0043 467 55 485 94
person 0.0041 293 63 331 103
person 0.0041 332 92 372 146
person 0.0039 258 39 263 51
person 0.0038 223 94 263 133
person 0.0035 466 39 476 57
person 0.0035 308 56 321 64
person 0.0035 479 47 484 63
person 0.0034 492 54 499 60
person 0.0028 442 48 456 95
person 0.0028 303 83 330 127
person 0.0028 437 43 473 68
person 0.0028 392 47 399 57
person 0.0023 430 50 436 58
person 0.0023 442 39 492 100
person 0.0023 485 53 499 119
person 0.0023 350 59 358 70
person 0.0023 215 32 221 51
person 0.0019 236 39 242 49
person 0.0019 312 60 333 71
person 0.0017 471 43 479 58
person 0.0015 292 90 312 106
person 0.0014 341 52 352 63
person 0.0014 456 40 471 55
person 0.0013 309 58 323 70
person 0.0012 318 62 330 71
person 0.0011 455 44 465 55
person 0.0011 441 23 498 155
person 0.0011 429 49 437 65
person 0.0010 364 90 373 105
person 0.0010 419 53 437 69
bicycle 0.0127 0 61 10 129
bicycle 0.0031 0 86 7 124
bicycle 0.0016 280 107 330 129
car 0.0166 302 47 339 70
car 0.0028 318 51 338 71
car 0.0023 309 56 322 63
bus 0.0158 363 26 446 67
bus 0.0058 451 28 500 64
bird 0.4514 326 207 344 222
bird 0.1356 349 207 366 223
bird 0.0741 281 111 310 130
bird 0.0464 145 140 178 173
bird 0.0192 350 98 357 105
bird 0.0148 281 116 294 129
bird 0.0144 306 215 325 222
bird 0.0098 306 209 330 222
bird 0.0089 310 98 318 106
bird 0.0062 273 99 279 107
bird 0.0051 236 100 243 107
bird 0.0051 419 97 427 105
bird 0.0044 292 97 299 107
bird 0.0035 220 100 226 107
bird 0.0035 463 96 470 105
bird 0.0030 201 102 208 109
bird 0.0029 255 100 262 107
bird 0.0028 345 96 358 105
bird 0.0028 493 100 500 105
bird 0.0028 329 97 338 115
bird 0.0026 306 97 316 105
bird 0.0025 330 97 338 105
bird 0.0024 402 96 411 102
bird 0.0023 305 205 344 223
bird 0.0022 266 98 291 131
bird 0.0022 482 91 499 105
bird 0.0017 400 91 430 102
bird 0.0015 367 91 374 105
bird 0.0015 199 95 218 108
bird 0.0014 261 112 292 132
bird 0.0014 418 93 429 105
bird 0.0013 483 97 494 105
bird 0.0013 292 95 303 106
bird 0.0012 278 107 294 130
bird 0.0012 309 97 321 126
bird 0.0012 328 94 340 105
bird 0.0011 310 95 322 106
bird 0.0011 295 95 307 105
bird 0.0011 491 93 500 104
bird 0.0010 349 98 358 112
bird 0.0010 273 99 280 112
bottle 0.0564 81 61 90 85
bottle 0.0546 64 108 71 124
bottle 0.0529 69 67 76 86
bottle 0.0518 63 76 68 87
bottle 0.0375 75 59 83 86
bottle 0.0363 59 77 64 88
bottle 0.0325 61 76 67 88
bottle 0.0285 60 56 69 86
bottle 0.0255 74 67 81 85
bottle 0.0225 264 39 269 51
bottle 0.0218 266 39 271 50
bottle 0.0169 58 55 65 68
bottle 0.0169 310 112 320 127
bottle 0.0159 82 56 89 76
bottle 0.0133 67 10 75 31
bottle 0.0115 82 73 89 86
bottle 0.0103 75 50 83 66
bottle 0.0094 69 78 75 87
bottle 0.0083 64 114 69 125
bottle 0.0079 67 57 73 67
bottle 0.0074 81 50 88 67
bottle 0.0073 58 56 67 78
bottle 0.0070 258 40 263 51
bottle 0.0063 72 47 80 65
bottle 0.0060 63 34 71 46
bottle 0.0053 84 50 90 70
bottle 0.0047 79 46 86 66
bottle 0.0040 86 76 91 88
bottle 0.0039 88 49 96 71
bottle 0.0037 75 57 83 68
bottle 0.0026 68 58 75 79
bottle 0.0023 85 44 92 69
bottle 0.0020 328 96 338 119
bottle 0.0018 83 39 90 49
bottle 0.0015 69 48 74 66
bottle 0.0015 79 44 91 67
chair 0.0306 379 56 398 69
chair 0.0076 398 58 416 69
chair 0.0039 409 53 423 69
chair 0.0037 422 62 433 69
chair 0.0036 454 54 469 68
chair 0.0035 400 51 430 101
chair 0.0027 431 57 439 69
chair 0.0020 410 60 423 70
chair 0.0010 0 112 6 130
pottedplant 0.0418 295 0 307 18
pottedplant 0.0093 304 0 334 22
pottedplant 0.0026 347 3 492 31
pottedplant 0.0018 400 91 430 104
pottedplant 0.0017 344 0 370 21
pottedplant 0.0010 299 0 368 26
