person 0.0099 112 151 118 162
person 0.0030 178 157 185 166
person 0.0014 403 145 409 155
person 0.0013 176 156 185 179
person 0.0012 457 49 476 90
person 0.0011 442 133 465 144
person 0.0010 437 129 475 155
car 0.2836 436 129 494 159
car 0.0067 474 138 493 149
car 0.0066 466 137 494 156
car 0.0036 482 140 494 148
car 0.0014 91 154 100 160
bus 0.0024 91 152 117 163
train 0.6364 87 127 495 187
train 0.0157 89 146 197 165
train 0.0105 309 129 499 180
train 0.0057 88 146 201 185
train 0.0042 107 139 330 187
train 0.0024 324 128 415 179
train 0.0019 91 152 116 163
