person 0.6568 174 148 331 342
person 0.0044 271 334 287 351
person 0.0032 49 210 323 360
person 0.0014 163 207 328 411
person 0.0012 266 322 284 346
bicycle 0.8719 298 441 332 499
bicycle 0.6135 41 208 237 437
bicycle 0.0413 241 319 284 351
bicycle 0.0195 149 330 235 438
bicycle 0.0111 242 319 326 383
bicycle 0.0092 42 208 195 323
bicycle 0.0046 170 270 323 358
bicycle 0.0033 41 230 132 323
bicycle 0.0017 120 277 254 444
bicycle 0.0014 295 388 333 500
bicycle 0.0012 219 319 282 361
car 0.7419 271 344 332 397
car 0.6637 31 181 84 223
car 0.0356 303 369 332 398
car 0.0318 242 320 331 392
car 0.0317 243 319 284 350
car 0.0156 273 343 315 367
car 0.0111 242 319 307 364
car 0.0058 316 377 333 398
car 0.0024 32 171 126 227
car 0.0018 0 158 6 166
motorbike 0.0074 242 319 327 386
motorbike 0.0055 170 270 323 358
motorbike 0.0024 43 211 328 359
motorbike 0.0021 241 318 284 353
