bottle 0.0138 195 142 203 153
bottle 0.0012 300 217 306 248
bottle 0.0011 290 221 295 248
bottle 0.0011 301 221 311 248
chair 0.8863 77 269 137 340
chair 0.2403 0 371 114 498
chair 0.1484 2 272 18 297
chair 0.0854 50 274 76 293
chair 0.0146 0 352 14 371
chair 0.0089 50 257 76 292
chair 0.0085 0 352 33 414
chair 0.0044 1 257 18 293
chair 0.0044 39 268 62 293
chair 0.0017 40 282 60 293
chair 0.0013 0 257 7 296
chair 0.0012 4 273 17 287
sofa 0.9304 170 288 332 389
sofa 0.8242 0 369 114 499
sofa 0.0091 0 352 33 415
sofa 0.0075 236 404 332 500
sofa 0.0050 -1 277 329 393
pottedplant 0.0107 0 258 18 299
pottedplant 0.0020 143 216 162 291
pottedplant 0.0015 143 259 159 291
diningtable 0.1146 89 334 239 440
diningtable 0.0383 50 274 76 291
tvmonitor 0.1255 318 141 332 220
tvmonitor 0.0028 317 142 332 305
tvmonitor 0.0015 324 150 333 222
tvmonitor 0.0014 0 199 18 256
tvmonitor 0.0014 93 206 122 274
tvmonitor 0.0011 187 141 283 164
