person 0.9587 313 108 459 369
person 0.9377 164 67 323 369
person 0.8957 18 89 193 369
person 0.0012 2 215 211 370
cat 0.6880 121 173 192 353
dog 0.0239 121 173 189 291
dog 0.0015 8 181 211 369
bottle 0.0967 35 39 48 69
bottle 0.0169 47 38 62 68
bottle 0.0017 48 36 63 97
bottle 0.0015 15 22 33 38
chair 0.1619 0 275 40 355
chair 0.0043 119 156 153 169
chair 0.0036 0 341 42 374
chair 0.0028 32 317 42 348
chair 0.0018 136 61 229 154
chair 0.0015 0 318 42 357
chair 0.0014 119 158 156 182
sofa 0.1899 0 275 40 356
sofa 0.0323 0 345 42 373
sofa 0.0175 0 311 41 371
sofa 0.0116 -1 295 487 371
sofa 0.0052 3 326 331 371
sofa 0.0050 134 74 230 154
sofa 0.0029 2 342 170 374
sofa 0.0013 4 224 475 368
pottedplant 0.5092 98 0 180 171
pottedplant 0.1540 120 114 181 172
pottedplant 0.0198 98 0 169 100
pottedplant 0.0170 104 48 172 109
pottedplant 0.0151 0 1 65 73
pottedplant 0.0092 139 46 167 73
pottedplant 0.0086 0 0 39 37
pottedplant 0.0027 138 46 176 105
pottedplant 0.0020 115 94 152 168
pottedplant 0.0019 0 1 63 156
pottedplant 0.0011 0 0 19 20
pottedplant 0.0010 0 60 21 161
diningtable 0.0075 0 345 41 374
