person 0.8993 256 105 499 370
person 0.7853 28 81 235 348
person 0.0266 245 49 275 98
person 0.0239 454 102 500 307
person 0.0110 24 43 476 340
person 0.0080 247 48 300 99
person 0.0056 473 115 499 345
person 0.0043 0 224 4 250
person 0.0031 33 80 185 260
person 0.0030 128 75 352 317
person 0.0017 0 197 5 255
person 0.0016 168 50 289 195
person 0.0014 451 103 499 204
person 0.0012 0 140 10 234
cat 0.0168 452 103 499 167
cat 0.0016 453 105 499 262
dog 0.8749 173 82 278 313
dog 0.3556 452 103 500 173
dog 0.1278 451 102 499 351
dog 0.0412 148 125 204 248
dog 0.0022 143 64 497 332
chair 0.4201 12 77 282 370
chair 0.4045 251 0 499 141
chair 0.2346 0 223 48 372
chair 0.0368 165 62 210 102
chair 0.0338 0 5 62 372
chair 0.0282 458 283 499 346
chair 0.0155 108 92 180 177
chair 0.0130 0 4 128 370
chair 0.0117 320 0 499 30
chair 0.0086 131 9 505 343
chair 0.0052 22 52 94 96
chair 0.0044 86 9 155 96
chair 0.0040 465 318 499 373
chair 0.0036 0 152 10 241
chair 0.0036 136 55 286 335
chair 0.0021 247 39 330 104
chair 0.0021 0 161 28 242
chair 0.0020 278 328 305 367
chair 0.0019 150 107 224 261
chair 0.0014 0 156 40 337
chair 0.0014 109 56 213 164
chair 0.0013 0 171 21 361
chair 0.0013 0 215 16 298
chair 0.0011 1 69 175 187
chair 0.0011 155 44 274 164
chair 0.0011 50 32 438 217
chair 0.0011 337 2 497 109
chair 0.0010 261 283 499 370
chair 0.0010 92 71 127 97
sofa 0.0084 108 92 179 178
sofa 0.0072 458 283 499 371
sofa 0.0070 426 67 500 119
sofa 0.0020 245 49 275 98
diningtable 0.0018 9 29 32 56
diningtable 0.0012 467 318 499 372
tvmonitor 0.0029 151 1 202 59
