person 0.9526 255 125 400 328
person 0.9410 19 91 167 329
person 0.9335 154 114 266 327
person 0.9028 0 0 231 156
person 0.8566 352 107 479 327
person 0.7129 207 34 299 141
person 0.7012 247 107 323 276
person 0.0304 144 109 479 331
person 0.0289 209 36 406 141
person 0.0176 44 31 453 182
person 0.0063 295 96 359 132
person 0.0028 0 63 73 156
person 0.0019 219 79 454 148
person 0.0018 212 95 370 145
person 0.0017 293 98 438 140
person 0.0015 307 113 438 334
person 0.0012 355 196 460 328
person 0.0011 103 130 315 332
person 0.0011 0 78 12 159
chair 0.0214 1 124 67 330
chair 0.0052 405 120 500 327
chair 0.0013 0 156 12 194
sofa 0.6119 1 109 497 328
sofa 0.0451 1 124 67 332
sofa 0.0292 3 104 494 195
sofa 0.0175 364 117 499 326
sofa 0.0098 -24 -45 500 224
sofa 0.0088 0 226 497 330
sofa 0.0070 0 60 82 154
sofa 0.0066 -5 132 237 327
sofa 0.0065 0 66 283 187
sofa 0.0029 0 60 82 98
sofa 0.0020 0 156 12 193
sofa 0.0018 92 119 276 180
sofa 0.0018 0 172 43 327
sofa 0.0016 0 77 9 159
sofa 0.0014 0 63 20 154
sofa 0.0014 216 132 283 184
sofa 0.0012 290 95 448 133
sofa 0.0012 1 -50 489 99
sofa 0.0010 1 61 186 154
