person 0.0037 240 31 253 62
bird 0.9157 25 188 75 279
bird 0.2052 55 277 114 329
bird 0.1372 39 149 96 206
bird 0.0246 67 166 97 206
bird 0.0059 0 153 99 240
bird 0.0049 0 69 122 243
cat 0.3516 280 107 321 145
cat 0.0015 255 83 327 146
cat 0.0012 94 33 280 130
dog 0.4526 97 33 235 129
dog 0.1997 107 86 289 298
dog 0.0630 280 107 321 145
dog 0.0065 229 84 291 156
dog 0.0019 230 61 335 153
dog 0.0010 1 7 121 91
sheep 0.9257 258 118 393 297
sheep 0.8975 460 134 499 229
sheep 0.6906 0 57 123 244
sheep 0.6161 109 86 290 298
sheep 0.4891 95 33 235 129
sheep 0.3604 11 15 120 89
sheep 0.0958 473 134 499 157
sheep 0.0264 0 57 41 242
sheep 0.0185 0 56 40 96
sheep 0.0172 0 1 15 29
sheep 0.0120 0 1 16 63
sheep 0.0073 0 22 24 70
sheep 0.0066 229 84 291 156
sheep 0.0066 0 20 232 238
sheep 0.0035 262 108 320 202
sheep 0.0033 0 66 15 243
sheep 0.0023 0 56 20 80
sheep 0.0023 0 58 39 144
sheep 0.0020 475 133 500 183
sheep 0.0016 0 163 14 244
sheep 0.0015 0 6 18 105
sheep 0.0015 0 57 4 68
sheep 0.0013 250 106 320 158
cow 0.0042 460 133 499 229
bottle 0.0143 240 31 253 62
chair 0.0147 233 57 344 150
chair 0.0012 0 14 120 118
sofa 0.0164 2 14 120 88
sofa 0.0038 2 0 223 54
sofa 0.0027 1 1 230 116
diningtable 0.0017 231 57 335 86
