person 0.9078 307 102 405 257
person 0.8985 114 148 259 327
person 0.7390 97 1 192 294
person 0.4597 0 144 105 324
person 0.4109 21 0 140 309
person 0.3341 21 0 113 154
person 0.2843 0 8 41 162
person 0.0890 87 149 135 297
person 0.0743 0 14 100 243
person 0.0733 0 49 28 166
person 0.0715 0 140 104 234
person 0.0403 265 26 288 84
person 0.0320 262 77 283 110
person 0.0290 214 45 252 91
person 0.0267 0 19 41 69
person 0.0235 213 68 252 90
person 0.0105 49 160 118 326
person 0.0101 0 49 15 73
person 0.0084 174 22 251 207
person 0.0077 456 4 499 125
person 0.0068 0 105 25 168
person 0.0063 0 50 18 89
person 0.0062 27 137 134 294
person 0.0054 173 41 194 203
person 0.0052 21 148 94 200
person 0.0049 17 141 62 177
person 0.0048 100 1 253 206
person 0.0044 253 85 290 135
person 0.0043 453 88 493 124
person 0.0043 0 31 15 70
person 0.0042 97 145 175 318
person 0.0040 261 37 285 121
person 0.0029 0 81 20 155
person 0.0027 113 30 174 99
person 0.0026 0 1 18 65
person 0.0025 25 0 97 48
person 0.0024 99 0 191 146
person 0.0022 98 0 119 36
person 0.0019 234 8 286 110
person 0.0019 491 65 500 117
person 0.0018 0 61 56 178
person 0.0018 239 41 272 100
person 0.0016 0 202 26 235
person 0.0014 262 44 273 79
person 0.0013 483 63 500 121
person 0.0013 0 76 30 238
person 0.0012 273 25 289 62
person 0.0012 80 0 100 45
person 0.0011 159 0 188 40
person 0.0011 1 175 50 241
person 0.0011 0 64 22 93
person 0.0010 70 0 143 122
person 0.0010 143 23 193 244
person 0.0010 97 0 163 44
bicycle 0.9034 256 122 416 235
bicycle 0.6376 390 117 431 171
bicycle 0.6364 400 107 499 194
bicycle 0.2982 472 148 499 195
bicycle 0.2033 256 119 339 203
bicycle 0.1231 459 108 499 195
bicycle 0.1097 252 108 291 137
bicycle 0.0862 385 178 417 229
bicycle 0.0544 253 109 310 146
bicycle 0.0452 263 117 323 153
bicycle 0.0188 252 109 277 127
bicycle 0.0162 486 108 499 149
bicycle 0.0161 416 115 474 167
bicycle 0.0148 391 177 418 207
bicycle 0.0139 290 118 323 148
bicycle 0.0087 267 111 297 138
bicycle 0.0070 430 108 499 158
bicycle 0.0068 426 116 455 157
bicycle 0.0065 389 116 411 135
bicycle 0.0059 456 109 500 139
bicycle 0.0031 490 108 500 128
bicycle 0.0027 450 106 500 126
bicycle 0.0026 490 117 499 153
bicycle 0.0026 336 167 412 229
bicycle 0.0025 285 111 307 140
bicycle 0.0024 256 146 309 200
bicycle 0.0018 494 124 500 148
bicycle 0.0018 242 93 272 120
bicycle 0.0017 392 116 434 135
bicycle 0.0017 240 84 250 111
bicycle 0.0016 245 95 263 114
bicycle 0.0015 492 107 500 116
bicycle 0.0012 241 76 264 112
bicycle 0.0011 434 145 499 195
bicycle 0.0011 395 159 405 177
bicycle 0.0010 403 116 452 137
dog 0.0020 0 206 52 263
sheep 0.0162 0 203 51 307
sheep 0.0049 0 217 92 323
sheep 0.0011 57 228 112 322
bottle 0.0144 447 136 470 153
bottle 0.0028 67 195 106 244
bottle 0.0015 85 212 105 230
bottle 0.0010 444 135 472 179
pottedplant 0.0017 245 0 289 63
pottedplant 0.0012 233 1 288 102
