person 0.0016 221 92 269 192
bird 0.0093 166 28 237 105
bird 0.0015 161 30 249 163
bird 0.0010 391 93 443 247
pottedplant 0.7668 0 42 155 283
pottedplant 0.6387 103 4 271 284
pottedplant 0.6042 320 0 462 252
pottedplant 0.0426 156 182 268 283
pottedplant 0.0421 391 95 443 252
pottedplant 0.0333 449 65 500 127
pottedplant 0.0302 429 63 500 259
pottedplant 0.0221 66 156 124 279
pottedplant 0.0103 319 63 343 113
pottedplant 0.0098 101 0 239 89
pottedplant 0.0096 443 284 500 330
pottedplant 0.0091 160 21 268 191
pottedplant 0.0055 328 59 408 161
pottedplant 0.0043 335 57 388 116
pottedplant 0.0040 335 2 466 130
pottedplant 0.0039 327 113 413 246
pottedplant 0.0034 0 101 67 267
pottedplant 0.0033 379 67 494 278
pottedplant 0.0026 221 96 270 190
pottedplant 0.0023 34 114 140 283
pottedplant 0.0021 302 235 463 322
pottedplant 0.0021 264 11 325 304
pottedplant 0.0016 161 2 448 306
pottedplant 0.0012 319 5 343 112
