person 0.4265 1 1 181 326
person 0.0024 0 5 48 319
bicycle 0.7373 190 97 347 326
bicycle 0.4421 330 118 451 276
bicycle 0.2739 363 217 499 318
bicycle 0.1688 330 123 395 265
bicycle 0.1515 358 106 499 310
bicycle 0.0968 437 213 499 306
bicycle 0.0685 364 291 499 330
bicycle 0.0488 462 212 499 274
bicycle 0.0449 363 253 447 318
bicycle 0.0378 418 136 499 273
bicycle 0.0235 162 151 272 318
bicycle 0.0216 457 245 499 302
bicycle 0.0186 459 169 500 288
bicycle 0.0175 413 102 499 218
bicycle 0.0159 434 150 499 233
bicycle 0.0128 383 103 454 246
bicycle 0.0097 379 151 456 289
bicycle 0.0088 213 96 273 159
bicycle 0.0057 371 40 499 227
bicycle 0.0057 482 227 499 273
bicycle 0.0048 484 152 499 196
bicycle 0.0048 183 101 281 207
bicycle 0.0045 473 222 499 298
bicycle 0.0042 118 288 157 332
bicycle 0.0037 115 237 174 330
bicycle 0.0034 117 228 283 330
bicycle 0.0028 182 93 492 329
bicycle 0.0027 436 261 490 303
bicycle 0.0025 132 299 157 333
bicycle 0.0025 117 284 210 332
bicycle 0.0024 484 295 499 332
bicycle 0.0020 465 255 499 284
bicycle 0.0019 366 43 399 106
bicycle 0.0019 338 173 389 261
bicycle 0.0018 364 81 394 112
bicycle 0.0018 259 176 348 329
bicycle 0.0018 405 159 453 232
bicycle 0.0017 361 257 414 310
bicycle 0.0017 464 206 499 248
bicycle 0.0015 466 263 499 299
bicycle 0.0015 449 150 498 198
bicycle 0.0014 478 257 499 280
bicycle 0.0013 331 180 450 318
bicycle 0.0012 459 294 499 331
bicycle 0.0012 372 99 439 199
bicycle 0.0012 161 229 255 315
bicycle 0.0011 490 225 499 266
bicycle 0.0010 209 61 308 259
bicycle 0.0010 476 153 499 270
motorbike 0.0013 387 100 500 227
bottle 0.0013 231 250 245 293
chair 0.0020 117 285 156 332
chair 0.0020 2 238 169 329
chair 0.0016 32 266 108 331
chair 0.0013 117 244 172 330
pottedplant 0.0079 297 15 384 75
