person 0.9171 0 202 38 294
person 0.8670 113 197 128 232
person 0.6347 155 196 168 247
person 0.4322 140 215 151 229
person 0.0395 245 189 251 200
person 0.0313 25 201 40 235
person 0.0294 134 217 150 229
person 0.0183 225 189 232 199
person 0.0166 331 188 340 199
person 0.0126 234 183 241 198
person 0.0098 24 200 36 217
person 0.0082 0 222 3 230
person 0.0082 155 196 165 224
person 0.0077 0 240 9 270
person 0.0038 367 190 373 199
person 0.0038 163 227 169 245
person 0.0037 134 220 143 230
person 0.0035 272 182 280 199
person 0.0034 272 190 279 200
person 0.0026 224 180 232 199
person 0.0025 215 189 221 197
person 0.0020 0 239 8 256
person 0.0019 351 189 358 200
person 0.0018 0 245 14 281
person 0.0017 0 205 14 231
person 0.0016 173 188 179 196
person 0.0016 0 221 5 239
person 0.0016 0 220 9 257
person 0.0014 0 252 8 270
person 0.0014 0 228 5 249
person 0.0013 260 191 266 198
person 0.0013 204 179 213 201
person 0.0013 253 190 259 199
person 0.0011 283 189 289 199
person 0.0011 185 188 192 197
person 0.0010 225 179 231 189
person 0.0010 0 207 16 257
person 0.0010 24 200 30 208
person 0.0010 180 188 186 196
car 0.0040 0 207 38 278
car 0.0012 0 239 10 255
car 0.0011 0 209 12 230
bus 0.0131 160 160 384 247
train 0.8581 160 158 446 247
chair 0.0039 0 239 15 276
