bottle 0.0155 478 194 493 219
chair 0.0246 338 111 499 315
chair 0.0184 291 109 390 197
chair 0.0036 295 75 311 114
chair 0.0026 492 95 499 116
sofa 0.7101 0 112 299 370
sofa 0.3842 336 108 499 318
sofa 0.0188 -4 107 505 296
sofa 0.0103 284 111 396 268
sofa 0.0096 226 108 461 300
sofa 0.0059 293 109 390 195
sofa 0.0031 487 94 499 196
sofa 0.0013 290 106 498 209
sofa 0.0012 9 108 502 199
pottedplant 0.1782 458 61 476 80
pottedplant 0.1628 408 61 482 85
pottedplant 0.0511 346 70 379 111
pottedplant 0.0378 443 65 455 80
pottedplant 0.0320 408 61 500 104
pottedplant 0.0275 346 73 380 93
pottedplant 0.0230 484 67 499 78
pottedplant 0.0222 427 61 451 81
pottedplant 0.0139 457 63 499 81
pottedplant 0.0133 474 67 486 78
pottedplant 0.0128 451 63 466 80
pottedplant 0.0075 409 63 449 85
pottedplant 0.0071 410 61 451 112
pottedplant 0.0058 433 61 448 77
pottedplant 0.0047 493 67 500 84
pottedplant 0.0037 488 67 500 116
pottedplant 0.0023 482 68 500 99
pottedplant 0.0021 0 222 21 272
pottedplant 0.0017 494 67 500 77
pottedplant 0.0017 492 95 499 117
pottedplant 0.0017 422 97 440 111
pottedplant 0.0013 488 83 499 194
pottedplant 0.0012 476 66 499 114
diningtable 0.0117 339 95 398 116
diningtable 0.0037 415 84 498 112
