person 0.9032 152 263 246 382
person 0.0381 34 0 317 339
person 0.0125 173 261 233 317
person 0.0085 0 85 96 147
person 0.0057 152 307 213 382
person 0.0016 303 393 336 446
person 0.0012 102 304 245 380
person 0.0010 151 322 161 337
bicycle 0.0068 141 306 181 339
car 0.0111 83 312 162 367
car 0.0021 33 340 108 390
car 0.0019 84 307 244 381
car 0.0014 139 308 181 340
chair 0.0049 83 312 161 366
pottedplant 0.1458 259 43 335 191
pottedplant 0.0067 303 386 336 447
pottedplant 0.0036 255 12 337 476
pottedplant 0.0013 259 118 335 188
