person 0.7783 135 164 143 183
person 0.5561 150 161 156 181
person 0.1550 199 163 205 181
person 0.1099 191 235 198 242
person 0.1061 197 233 203 239
person 0.0853 192 162 199 180
person 0.0416 194 234 203 240
person 0.0346 189 162 196 179
person 0.0242 145 221 149 226
person 0.0216 131 186 142 208
person 0.0125 85 169 95 184
person 0.0118 194 162 201 176
person 0.0112 115 200 127 225
person 0.0103 188 235 199 257
person 0.0095 136 184 144 201
person 0.0087 90 169 97 185
person 0.0085 240 199 248 219
person 0.0071 104 157 119 173
person 0.0070 120 177 127 185
person 0.0070 188 162 194 172
person 0.0067 207 192 218 206
person 0.0064 111 221 117 233
person 0.0064 206 193 213 203
person 0.0059 277 129 281 138
person 0.0056 237 199 245 219
person 0.0048 202 193 207 202
person 0.0048 132 194 138 208
person 0.0046 194 232 208 241
person 0.0046 117 214 126 225
person 0.0044 122 184 131 192
person 0.0043 161 158 167 170
person 0.0042 356 201 361 206
person 0.0038 199 163 204 174
person 0.0036 123 195 134 209
person 0.0036 143 221 149 233
person 0.0035 121 178 128 188
person 0.0032 147 153 153 164
person 0.0026 115 167 122 176
person 0.0026 113 200 123 211
person 0.0025 495 367 499 374
person 0.0024 118 184 132 193
person 0.0022 153 144 159 149
person 0.0019 108 220 118 234
person 0.0018 121 207 127 218
person 0.0018 150 149 156 161
person 0.0017 149 140 157 165
person 0.0017 242 199 248 209
person 0.0017 185 195 194 200
person 0.0016 119 197 130 217
person 0.0015 132 187 139 197
person 0.0015 122 202 129 216
person 0.0015 354 200 358 206
person 0.0015 182 185 189 193
person 0.0014 100 174 107 185
person 0.0014 104 221 113 235
person 0.0014 117 162 121 173
person 0.0013 161 156 169 165
person 0.0013 134 248 139 255
person 0.0013 200 233 208 240
person 0.0013 280 153 288 182
person 0.0013 110 224 116 235
person 0.0011 140 185 144 197
person 0.0011 152 140 162 162
person 0.0010 60 159 65 172
person 0.0010 190 162 203 176
car 0.0357 96 213 119 222
car 0.0078 93 221 112 239
car 0.0074 99 198 127 217
car 0.0055 164 194 213 205
car 0.0023 60 156 84 179
car 0.0020 261 92 269 97
car 0.0015 284 95 293 99
car 0.0012 205 193 225 206
car 0.0012 326 210 368 240
car 0.0011 152 144 158 148
car 0.0010 74 170 93 184
car 0.0010 72 89 88 94
aeroplane 0.5686 334 116 499 183
aeroplane 0.5671 56 62 274 214
aeroplane 0.1273 47 61 499 221
aeroplane 0.0982 335 116 385 145
aeroplane 0.0342 373 115 385 146
aeroplane 0.0272 454 139 499 149
aeroplane 0.0100 332 123 499 370
aeroplane 0.0078 454 125 499 148
aeroplane 0.0051 453 140 499 158
aeroplane 0.0047 134 76 150 95
aeroplane 0.0029 485 96 499 103
aeroplane 0.0027 485 100 491 103
aeroplane 0.0014 454 99 500 148
aeroplane 0.0013 136 85 152 95
aeroplane 0.0013 495 95 499 101
aeroplane 0.0012 308 115 384 160
aeroplane 0.0010 349 116 499 149
aeroplane 0.0010 189 87 218 96
