person 0.9448 25 90 83 322
person 0.9394 123 95 170 273
person 0.9348 382 146 452 297
person 0.9067 229 136 269 247
person 0.0045 381 180 407 203
bicycle 0.9075 164 158 240 246
bicycle 0.8398 215 124 253 156
bicycle 0.0182 80 166 237 252
bicycle 0.0022 175 157 224 186
bicycle 0.0017 203 187 227 199
bicycle 0.0017 215 139 235 155
bicycle 0.0011 193 160 240 207
car 0.1984 312 61 329 87
car 0.0276 50 64 75 70
car 0.0157 0 66 35 91
car 0.0042 284 61 329 87
car 0.0024 366 78 377 88
car 0.0015 5 66 35 80
dog 0.0105 381 180 408 203
dog 0.0018 209 180 241 212
bottle 0.1062 426 184 438 220
bottle 0.0342 147 151 161 177
bottle 0.0024 427 183 437 202
pottedplant 0.0058 0 186 26 201
pottedplant 0.0019 0 155 27 201
