person 0.7849 16 36 173 345
person 0.4047 0 147 10 263
person 0.0469 0 147 9 181
person 0.0156 0 231 9 262
person 0.0076 2 151 30 266
person 0.0013 6 22 129 485
person 0.0012 0 204 12 264
bicycle 0.6935 73 211 172 499
bicycle 0.2017 123 213 169 364
bicycle 0.0509 69 210 171 360
bicycle 0.0271 126 210 171 275
bicycle 0.0237 37 292 124 461
bicycle 0.0113 90 312 158 499
bicycle 0.0101 148 232 169 332
bicycle 0.0059 30 99 170 453
bicycle 0.0033 128 166 172 264
bicycle 0.0032 142 215 169 292
bicycle 0.0029 119 159 181 453
bicycle 0.0017 148 232 165 283
bicycle 0.0017 113 365 194 498
bicycle 0.0017 91 259 168 372
bicycle 0.0015 129 210 171 225
bicycle 0.0014 68 210 173 285
bicycle 0.0010 0 229 115 464
car 0.0016 187 217 227 254
boat 0.0017 204 174 238 208
boat 0.0011 141 163 331 270
bottle 0.0292 149 168 155 190
bottle 0.0022 0 340 49 403
chair 0.6913 8 192 33 267
chair 0.0133 8 191 31 229
chair 0.0129 171 184 194 196
chair 0.0111 0 170 9 248
chair 0.0061 169 184 194 222
chair 0.0056 315 318 333 364
chair 0.0038 0 198 14 253
chair 0.0023 191 185 212 209
chair 0.0018 8 191 24 214
chair 0.0016 219 177 239 207
chair 0.0014 148 230 166 279
pottedplant 0.0021 180 213 225 254
pottedplant 0.0010 183 221 207 251
diningtable 0.0015 129 210 171 225
