person 0.0996 416 122 428 156
person 0.0181 432 124 442 142
person 0.0151 422 115 440 154
person 0.0149 238 117 265 162
person 0.0058 231 119 264 190
person 0.0042 20 167 32 181
person 0.0040 7 162 33 182
person 0.0037 431 114 446 152
person 0.0035 0 187 13 204
person 0.0028 0 189 7 204
person 0.0025 39 163 50 175
person 0.0023 10 166 45 184
person 0.0020 10 170 31 182
person 0.0019 243 149 262 190
person 0.0015 151 155 185 185
person 0.0014 115 80 223 275
person 0.0014 105 156 142 186
person 0.0013 238 115 293 192
person 0.0013 125 174 131 185
person 0.0012 201 138 237 179
person 0.0011 242 137 262 221
car 0.9034 0 181 46 262
car 0.3970 0 157 63 225
car 0.2478 0 136 20 157
car 0.0781 0 295 3 320
car 0.0649 0 155 30 178
car 0.0490 0 161 8 180
car 0.0208 0 158 16 181
car 0.0165 102 155 140 186
car 0.0109 0 156 62 186
car 0.0079 0 295 7 320
car 0.0071 -2 156 133 227
car 0.0067 0 293 7 365
car 0.0055 103 155 132 174
car 0.0049 7 164 49 182
car 0.0046 0 175 16 182
car 0.0031 0 151 20 170
car 0.0030 0 294 5 335
car 0.0018 103 148 176 186
car 0.0017 23 145 63 161
car 0.0011 1 146 20 158
car 0.0010 0 268 4 326
car 0.0010 0 153 59 167
car 0.0010 33 151 62 163
bus 0.8955 48 0 497 368
bus 0.2810 0 136 20 157
bus 0.0123 37 1 501 93
bus 0.0027 53 269 494 371
bus 0.0013 51 6 260 379
bus 0.0011 34 11 150 369
chair 0.0836 210 152 249 188
chair 0.0073 152 148 188 175
chair 0.0061 194 151 252 204
chair 0.0050 185 153 216 181
chair 0.0032 244 154 262 190
chair 0.0025 185 152 206 173
chair 0.0017 209 144 235 154
chair 0.0016 157 159 186 185
chair 0.0014 201 153 216 184
chair 0.0013 207 143 235 168
chair 0.0012 151 141 189 194
chair 0.0010 166 159 180 174
chair 0.0010 205 153 216 168
