person 0.9148 166 138 203 256
person 0.7159 317 158 327 186
person 0.2100 100 163 107 185
person 0.0961 324 159 334 186
person 0.0666 104 162 110 176
person 0.0308 341 156 353 180
person 0.0300 106 152 118 163
person 0.0285 327 165 335 184
person 0.0125 348 160 353 174
person 0.0121 495 165 499 181
person 0.0110 487 167 491 179
person 0.0079 347 162 353 182
person 0.0063 338 166 343 175
person 0.0057 297 165 301 174
person 0.0055 333 154 344 176
person 0.0053 326 154 338 182
person 0.0045 347 159 352 170
person 0.0043 330 149 355 181
person 0.0041 126 174 132 184
person 0.0035 324 168 329 186
person 0.0034 367 159 374 175
person 0.0031 337 153 344 168
person 0.0023 285 166 290 176
person 0.0022 367 160 372 173
person 0.0015 209 161 230 179
person 0.0014 344 148 350 161
person 0.0013 271 164 289 177
person 0.0012 302 166 310 175
person 0.0011 318 159 326 170
person 0.0011 13 168 17 178
car 0.6051 367 158 397 175
car 0.0093 302 167 311 175
car 0.0052 101 162 132 185
aeroplane 0.8882 94 85 474 181
aeroplane 0.0082 261 134 477 170
aeroplane 0.0078 489 158 499 166
aeroplane 0.0061 434 160 484 171
aeroplane 0.0043 469 160 499 170
aeroplane 0.0018 432 160 460 171
aeroplane 0.0017 492 158 499 182
aeroplane 0.0015 432 156 499 173
aeroplane 0.0012 485 159 499 170
aeroplane 0.0010 358 135 475 162
