person 0.0198 364 177 369 186
person 0.0103 438 174 443 180
person 0.0096 19 258 24 269
person 0.0076 354 182 357 190
person 0.0042 366 176 370 186
person 0.0027 433 181 436 188
person 0.0023 441 173 451 181
person 0.0023 15 171 18 176
person 0.0012 433 178 437 186
car 0.2029 412 170 431 180
car 0.0809 416 170 428 176
car 0.0739 375 172 387 178
car 0.0384 431 173 443 180
car 0.0282 445 173 457 180
car 0.0266 284 168 296 175
car 0.0229 439 172 454 181
car 0.0100 371 173 378 180
car 0.0072 412 170 421 176
car 0.0064 371 174 384 181
car 0.0059 320 173 336 179
car 0.0056 352 173 361 179
car 0.0055 409 172 416 179
car 0.0046 319 173 328 179
car 0.0037 339 175 349 179
car 0.0035 80 166 105 175
car 0.0029 456 173 475 179
car 0.0025 48 171 58 175
car 0.0020 266 166 296 176
car 0.0018 451 173 470 180
car 0.0018 352 172 367 180
car 0.0018 419 171 430 177
car 0.0011 287 171 300 177
aeroplane 0.9352 94 128 275 194
aeroplane 0.0026 81 167 106 176
chair 0.0037 370 178 499 328
