bottle 0.9246 95 178 132 287
bottle 0.8940 120 148 148 260
bottle 0.8480 380 185 420 302
bottle 0.2067 372 203 397 267
bottle 0.2039 371 169 404 272
bottle 0.0032 95 191 105 217
bottle 0.0026 386 169 403 205
bottle 0.0025 95 178 109 217
bottle 0.0016 119 187 138 256
bottle 0.0012 92 152 148 252
bottle 0.0011 379 215 398 290
bottle 0.0011 94 185 105 260
chair 0.1585 413 267 499 373
sofa 0.0621 413 268 499 371
diningtable 0.0255 74 242 443 370
diningtable 0.0033 20 159 485 358
tvmonitor 0.0075 163 205 242 260
