person 0.9267 366 169 499 371
person 0.9095 96 100 207 269
person 0.9051 222 125 409 372
person 0.8425 332 66 424 245
person 0.8099 154 69 285 295
person 0.4060 0 203 15 257
person 0.0590 0 204 12 227
person 0.0351 0 201 36 257
person 0.0295 0 149 14 256
person 0.0165 62 45 72 57
person 0.0144 152 126 168 153
person 0.0054 212 87 285 369
person 0.0027 0 214 9 230
person 0.0022 0 211 16 290
person 0.0017 265 81 342 248
person 0.0012 69 113 168 268
person 0.0012 266 70 422 313
person 0.0010 68 70 79 92
car 0.0011 62 42 77 57
dog 0.0011 67 69 79 91
bottle 0.8684 117 239 134 283
bottle 0.0012 119 259 134 282
chair 0.8982 0 330 61 373
chair 0.5171 94 145 148 185
chair 0.5029 279 92 333 140
chair 0.4865 94 144 148 250
chair 0.2831 393 106 467 194
chair 0.1376 0 145 91 248
chair 0.0903 0 142 10 195
chair 0.0753 260 76 343 135
chair 0.0716 152 126 169 153
chair 0.0620 484 92 499 148
chair 0.0270 366 267 499 371
chair 0.0212 0 143 14 255
chair 0.0186 0 143 61 205
chair 0.0182 0 218 15 257
chair 0.0160 331 124 354 156
chair 0.0154 393 107 466 143
chair 0.0136 112 210 133 242
chair 0.0113 238 289 258 346
chair 0.0112 0 143 21 193
chair 0.0097 488 92 500 111
chair 0.0070 311 89 344 126
chair 0.0045 223 319 284 374
chair 0.0044 0 242 5 257
chair 0.0035 33 163 65 201
chair 0.0028 331 124 345 135
chair 0.0028 0 172 7 194
chair 0.0026 142 138 156 154
chair 0.0025 25 146 41 162
chair 0.0023 98 178 135 250
chair 0.0021 394 122 467 251
chair 0.0017 221 291 258 355
chair 0.0015 217 323 245 356
chair 0.0015 250 286 263 333
chair 0.0015 276 132 288 153
chair 0.0014 271 160 288 233
chair 0.0014 82 214 133 250
chair 0.0013 0 142 7 173
chair 0.0013 279 85 333 197
chair 0.0012 413 136 466 218
chair 0.0011 0 144 30 214
chair 0.0010 0 241 14 257
sofa 0.2032 260 76 344 137
sofa 0.0938 393 107 467 194
sofa 0.0618 366 266 499 371
sofa 0.0222 279 92 333 139
sofa 0.0111 311 89 344 126
sofa 0.0061 264 75 459 170
sofa 0.0011 262 75 342 230
pottedplant 0.3402 306 0 349 65
diningtable 0.9602 0 232 258 372
diningtable 0.0011 0 233 63 284
