person 0.0095 491 62 499 76
person 0.0029 477 77 500 102
person 0.0021 433 81 486 110
person 0.0017 491 37 499 75
person 0.0011 27 120 73 172
person 0.0010 387 96 403 112
car 0.7827 0 85 498 369
car 0.7288 244 78 499 251
car 0.1210 375 77 499 116
car 0.0479 430 77 499 112
car 0.0428 0 330 22 373
car 0.0163 4 83 497 211
car 0.0155 243 107 325 131
car 0.0117 245 76 499 132
car 0.0093 461 76 499 105
car 0.0078 242 112 276 128
car 0.0046 478 77 499 103
car 0.0039 242 110 277 120
car 0.0031 239 79 455 179
car 0.0021 457 102 499 117
car 0.0011 458 85 499 117
car 0.0010 0 267 22 370
