person 0.9497 325 104 429 371
person 0.0509 481 192 499 226
person 0.0153 487 191 499 215
person 0.0055 483 177 500 218
person 0.0035 492 187 500 207
person 0.0016 469 182 499 224
car 0.9510 13 67 300 371
car 0.7795 0 207 31 302
car 0.6907 413 165 499 343
car 0.5971 256 151 346 293
car 0.4025 252 143 482 332
car 0.0085 0 95 31 299
car 0.0048 412 188 435 205
car 0.0045 257 153 346 222
car 0.0034 340 146 353 154
car 0.0025 4 66 494 299
car 0.0015 198 97 333 319
car 0.0015 0 148 52 303
car 0.0012 311 126 445 311
car 0.0010 -2 144 502 369
