person 0.9278 67 89 111 220
person 0.7489 463 88 479 122
person 0.4704 0 130 10 176
person 0.3896 58 101 70 113
person 0.0922 50 115 59 125
person 0.0609 0 131 9 154
person 0.0582 0 129 11 255
person 0.0489 432 95 443 107
person 0.0424 53 115 63 125
person 0.0403 32 104 37 112
person 0.0301 58 100 75 122
person 0.0285 433 93 442 103
person 0.0222 454 99 464 109
person 0.0220 434 98 456 110
person 0.0184 453 89 466 98
person 0.0164 0 103 4 129
person 0.0162 54 98 60 109
person 0.0153 35 116 42 124
person 0.0148 422 91 435 105
person 0.0147 46 115 52 125
person 0.0124 486 96 500 109
person 0.0108 451 99 467 119
person 0.0106 440 93 447 101
person 0.0097 450 98 469 110
person 0.0084 50 114 68 125
person 0.0075 3 108 10 126
person 0.0069 30 116 37 124
person 0.0066 18 115 25 127
person 0.0066 21 115 30 126
person 0.0066 0 122 4 134
person 0.0056 3 117 9 127
person 0.0055 447 92 456 99
person 0.0055 0 120 7 138
person 0.0052 198 109 210 137
person 0.0048 90 91 106 113
person 0.0046 46 113 61 125
person 0.0042 58 114 69 124
person 0.0041 88 91 111 138
person 0.0038 149 98 171 142
person 0.0036 433 100 446 110
person 0.0031 438 93 452 102
person 0.0029 494 96 499 101
person 0.0029 30 93 37 112
person 0.0028 137 95 194 141
person 0.0025 0 102 9 130
person 0.0023 204 97 220 134
person 0.0023 0 97 16 238
person 0.0022 0 101 15 172
person 0.0021 0 123 11 147
person 0.0020 158 98 181 140
person 0.0020 474 95 499 122
person 0.0020 492 95 499 106
person 0.0020 45 98 53 109
person 0.0019 100 93 110 110
person 0.0018 20 113 58 126
person 0.0017 15 114 29 127
person 0.0017 473 112 482 122
person 0.0017 39 105 44 112
person 0.0017 29 112 40 125
person 0.0017 10 115 24 128
person 0.0016 0 151 6 177
person 0.0016 447 90 455 97
person 0.0015 38 113 45 125
person 0.0013 47 97 57 110
person 0.0012 486 96 497 103
person 0.0011 70 90 86 114
person 0.0011 48 106 58 112
person 0.0010 47 95 52 101
person 0.0010 64 110 77 118
bicycle 0.0018 57 112 72 125
bicycle 0.0010 110 118 123 147
car 0.9006 2 110 75 157
car 0.7388 86 11 470 344
car 0.7013 433 95 499 136
car 0.2210 433 98 464 136
car 0.1141 97 93 130 144
car 0.0706 95 93 169 144
car 0.0577 473 95 499 136
car 0.0471 434 96 495 118
car 0.0457 433 98 463 111
car 0.0428 427 95 443 107
car 0.0151 458 91 482 123
car 0.0133 427 90 451 108
car 0.0121 75 76 141 146
car 0.0111 206 95 253 133
car 0.0096 486 96 500 109
car 0.0094 474 95 499 110
car 0.0092 419 91 445 114
car 0.0088 2 100 128 158
car 0.0077 423 93 437 106
car 0.0065 6 68 142 146
car 0.0061 433 99 448 110
car 0.0056 65 94 123 140
car 0.0044 414 92 459 141
car 0.0042 0 103 4 118
car 0.0042 430 88 448 97
car 0.0037 490 98 500 117
car 0.0029 414 86 431 97
car 0.0028 493 108 499 119
car 0.0027 492 99 500 111
car 0.0024 208 92 296 133
car 0.0022 0 120 9 138
car 0.0021 485 116 499 136
car 0.0021 492 100 500 130
car 0.0019 4 5 478 124
car 0.0019 6 110 122 131
car 0.0019 453 121 486 160
car 0.0017 1 108 11 126
car 0.0017 31 137 74 158
car 0.0016 451 101 464 120
car 0.0015 491 117 499 136
car 0.0014 10 65 314 165
car 0.0014 0 122 11 148
car 0.0013 312 53 468 343
car 0.0011 4 109 70 129
car 0.0011 38 110 73 129
car 0.0010 415 88 434 102
bus 0.0057 85 67 131 139
