person 0.8130 306 264 318 292
person 0.4244 285 266 296 292
person 0.3613 327 266 335 290
person 0.0800 294 271 303 292
person 0.0046 315 265 333 290
person 0.0020 328 265 335 272
person 0.0017 369 260 374 270
person 0.0012 359 267 372 277
car 0.8935 342 269 411 295
car 0.8885 206 265 241 294
car 0.8583 234 259 289 305
car 0.6934 190 270 209 285
car 0.5384 170 270 185 283
car 0.4883 84 268 113 292
car 0.3930 100 279 114 290
car 0.3032 182 270 196 283
car 0.1102 344 266 373 284
car 0.0636 324 266 336 290
car 0.0596 347 264 372 271
car 0.0410 84 269 96 292
car 0.0280 430 273 444 286
car 0.0244 313 265 331 274
car 0.0152 110 266 119 280
car 0.0137 327 268 369 287
car 0.0128 305 265 330 289
car 0.0117 410 270 445 286
car 0.0110 316 285 330 291
car 0.0106 49 270 70 283
car 0.0102 59 271 75 283
car 0.0092 450 269 474 287
car 0.0090 22 276 52 294
car 0.0088 84 267 96 282
car 0.0084 169 275 174 285
car 0.0074 318 265 335 276
car 0.0072 50 270 75 294
car 0.0060 61 272 69 282
car 0.0056 117 279 125 293
car 0.0044 326 270 351 288
car 0.0043 342 269 362 283
car 0.0039 267 253 299 278
car 0.0038 112 279 117 290
car 0.0038 348 268 369 280
car 0.0037 235 259 252 273
car 0.0036 270 256 335 287
car 0.0036 54 269 66 280
car 0.0035 61 266 80 284
car 0.0034 280 260 303 292
car 0.0030 407 272 421 287
car 0.0028 266 260 283 267
car 0.0027 72 264 80 284
car 0.0022 206 267 214 277
car 0.0021 86 280 98 293
car 0.0020 74 267 95 281
car 0.0018 411 265 420 277
car 0.0017 294 269 305 292
car 0.0013 29 260 51 274
car 0.0012 463 266 474 279
car 0.0012 46 267 63 282
car 0.0011 85 266 95 272
car 0.0010 204 268 216 288
bird 0.0025 321 142 325 148
bird 0.0021 455 401 459 407
chair 0.0017 320 334 390 432
