person 0.9028 0 202 40 307
person 0.7123 353 204 371 257
person 0.6465 319 201 334 257
person 0.5345 28 2 263 491
person 0.4037 285 203 300 228
person 0.2896 296 205 309 234
person 0.1303 348 203 357 223
person 0.1194 296 204 307 221
person 0.1156 81 101 108 127
person 0.0934 276 201 286 215
person 0.0755 266 204 288 233
person 0.0681 349 203 362 256
person 0.0674 330 206 340 218
person 0.0585 295 198 302 207
person 0.0553 303 206 309 221
person 0.0531 319 201 332 230
person 0.0526 339 207 351 221
person 0.0486 266 199 274 207
person 0.0324 366 224 374 254
person 0.0290 344 207 350 217
person 0.0260 319 201 331 216
person 0.0203 336 205 355 231
person 0.0171 303 200 309 212
person 0.0159 359 205 371 230
person 0.0145 328 205 342 253
person 0.0133 320 228 333 258
person 0.0126 303 206 310 234
person 0.0117 254 187 266 205
person 0.0115 366 218 374 240
person 0.0114 46 100 109 154
person 0.0114 276 201 285 209
person 0.0100 254 187 287 232
person 0.0094 348 202 358 240
person 0.0082 294 203 302 217
person 0.0079 265 199 276 212
person 0.0069 42 214 79 246
person 0.0067 354 204 367 228
person 0.0067 356 204 364 217
person 0.0067 329 207 341 227
person 0.0067 46 122 114 335
person 0.0065 0 255 6 289
person 0.0060 287 202 296 210
person 0.0059 0 212 6 295
person 0.0059 350 203 357 214
person 0.0055 96 234 108 256
person 0.0052 364 210 373 238
person 0.0051 335 207 347 218
person 0.0051 35 211 56 254
person 0.0049 289 201 320 269
person 0.0045 53 3 257 251
person 0.0044 265 204 307 254
person 0.0042 261 124 271 132
person 0.0040 36 182 118 400
person 0.0040 33 212 46 255
person 0.0036 309 233 321 269
person 0.0032 368 201 374 225
person 0.0028 258 197 266 206
person 0.0026 39 212 78 273
person 0.0025 8 168 103 495
person 0.0023 261 204 269 213
person 0.0023 336 207 343 217
person 0.0022 275 205 289 232
person 0.0022 34 62 205 343
person 0.0020 40 209 103 252
person 0.0017 303 220 310 234
person 0.0016 258 197 269 209
person 0.0015 284 206 301 243
person 0.0014 137 8 365 496
person 0.0013 357 202 369 218
person 0.0013 197 232 223 259
person 0.0013 40 215 100 287
person 0.0013 4 22 132 474
person 0.0012 9 163 210 494
person 0.0010 41 85 145 398
bicycle 0.0018 308 231 321 266
bicycle 0.0015 318 229 332 258
car 0.0098 29 256 43 274
car 0.0018 0 250 42 292
car 0.0016 3 255 48 275
car 0.0010 0 110 20 146
motorbike 0.8270 7 178 374 499
motorbike 0.6358 332 220 357 259
motorbike 0.0525 287 223 321 269
motorbike 0.0224 264 202 321 267
motorbike 0.0132 320 226 333 257
motorbike 0.0106 297 233 320 258
motorbike 0.0073 338 210 353 225
motorbike 0.0063 314 222 337 257
motorbike 0.0059 284 224 309 254
motorbike 0.0053 295 213 309 235
motorbike 0.0035 329 213 354 245
motorbike 0.0034 345 232 359 257
motorbike 0.0033 322 222 348 258
motorbike 0.0031 364 221 375 257
motorbike 0.0031 305 225 333 266
motorbike 0.0023 286 222 304 245
motorbike 0.0021 336 213 348 224
motorbike 0.0020 286 212 309 238
motorbike 0.0012 329 213 340 224
motorbike 0.0012 279 215 374 499
motorbike 0.0011 6 155 105 495
motorbike 0.0010 328 214 339 254
chair 0.0075 44 128 84 151
tvmonitor 0.0014 304 11 374 151
