person 0.3151 407 54 424 69
person 0.0750 383 53 395 70
person 0.0251 402 49 428 71
person 0.0231 418 52 430 68
person 0.0206 447 55 459 65
person 0.0195 372 55 387 70
person 0.0072 490 63 500 98
person 0.0065 435 52 457 67
person 0.0064 382 49 408 71
person 0.0035 425 52 439 68
person 0.0028 495 63 499 75
person 0.0027 396 54 414 72
person 0.0018 454 56 464 65
person 0.0012 351 53 391 72
bicycle 0.0176 488 69 500 100
car 0.9094 1 73 426 332
car 0.8668 327 46 498 111
car 0.6239 453 44 500 73
car 0.6104 356 69 499 251
car 0.4602 0 69 206 111
car 0.0617 488 64 499 101
car 0.0411 0 90 54 148
car 0.0397 0 67 208 155
car 0.0179 0 69 65 93
car 0.0143 302 91 320 108
car 0.0068 218 68 504 251
car 0.0058 493 55 500 75
car 0.0043 0 65 209 92
car 0.0028 0 65 480 128
car 0.0021 0 72 7 78
car 0.0018 490 47 500 75
car 0.0017 364 47 418 72
car 0.0016 -2 262 463 334
car 0.0013 389 47 433 72
car 0.0012 0 60 10 72
car 0.0012 3 91 51 113
motorbike 0.0245 488 65 500 101
pottedplant 0.0017 303 59 363 77
