person 0.9631 43 31 209 373
person 0.9040 106 202 464 372
person 0.5383 280 195 457 372
person 0.0447 0 271 27 304
person 0.0191 106 305 329 372
person 0.0110 196 166 395 306
person 0.0020 0 272 34 331
person 0.0019 0 269 45 366
person 0.0012 229 86 238 103
horse 0.0029 211 40 239 63
horse 0.0015 227 52 243 63
bottle 0.1132 45 136 104 201
bottle 0.0134 67 137 103 171
bottle 0.0091 78 137 102 159
chair 0.6232 434 277 498 358
chair 0.5122 211 203 331 356
chair 0.5051 427 354 500 374
chair 0.0994 103 278 486 372
chair 0.0523 211 204 278 299
chair 0.0244 256 328 328 364
chair 0.0124 276 255 501 366
chair 0.0062 188 199 473 372
chair 0.0046 107 304 324 372
chair 0.0035 374 275 498 369
chair 0.0020 428 314 498 378
chair 0.0013 449 313 464 354
chair 0.0011 254 330 303 351
sofa 0.7323 186 169 402 307
sofa 0.0107 434 276 498 360
sofa 0.0085 31 168 457 347
sofa 0.0062 220 205 361 356
sofa 0.0038 152 206 501 371
sofa 0.0010 112 296 342 372
sofa 0.0010 427 330 499 372
diningtable 0.1703 0 277 53 371
diningtable 0.0196 0 320 39 369
diningtable 0.0018 0 343 41 374
tvmonitor 0.0132 485 155 499 218
