person 0.9081 296 351 345 499
person 0.4764 122 204 208 397
person 0.4054 207 305 241 373
person 0.1435 230 343 241 370
person 0.1064 68 351 84 433
person 0.0843 217 346 227 373
person 0.0637 170 358 188 396
person 0.0313 182 286 206 369
person 0.0141 170 286 201 395
person 0.0082 278 380 289 392
person 0.0079 88 364 111 391
person 0.0078 170 316 191 395
person 0.0062 67 353 85 392
person 0.0061 144 314 166 393
person 0.0044 196 311 209 370
person 0.0043 171 285 189 349
person 0.0034 94 350 118 377
person 0.0030 174 334 193 386
person 0.0025 273 379 283 393
person 0.0025 282 378 297 392
person 0.0024 171 304 184 375
person 0.0024 196 311 207 337
person 0.0023 186 314 204 374
person 0.0020 147 164 185 236
person 0.0020 175 308 194 373
person 0.0017 231 343 240 358
person 0.0017 129 280 162 393
person 0.0016 149 311 161 329
person 0.0015 176 214 209 375
person 0.0015 135 285 205 395
person 0.0013 222 337 241 389
person 0.0013 335 381 374 499
person 0.0012 178 338 193 368
person 0.0011 148 303 165 367
person 0.0011 208 305 239 341
bicycle 0.0017 227 354 240 371
car 0.8907 331 338 374 499
car 0.8294 0 330 74 497
car 0.7071 243 372 311 427
car 0.1729 67 354 84 431
car 0.0547 245 348 272 386
car 0.0335 88 363 112 391
car 0.0284 226 384 240 428
car 0.0193 76 353 116 390
car 0.0179 32 331 79 431
car 0.0157 182 285 206 367
car 0.0111 91 351 118 378
car 0.0099 257 317 286 366
car 0.0076 225 355 274 427
car 0.0071 0 329 73 387
car 0.0062 331 338 374 400
car 0.0060 274 374 307 428
car 0.0056 0 330 68 354
car 0.0054 67 353 85 392
car 0.0035 247 372 311 398
car 0.0027 333 338 374 367
car 0.0026 60 356 84 467
car 0.0021 75 355 95 388
car 0.0019 0 343 40 439
car 0.0018 337 410 375 499
car 0.0018 224 359 243 428
car 0.0017 69 355 106 433
car 0.0017 171 285 194 356
car 0.0015 246 370 363 421
car 0.0013 226 368 334 498
car 0.0011 198 308 314 369
car 0.0010 231 314 286 353
motorbike 0.0545 89 363 112 391
