person 0.6835 329 158 342 176
person 0.5616 293 161 303 173
person 0.4669 151 159 156 170
person 0.3901 273 145 279 155
person 0.3640 146 160 150 169
person 0.3021 310 162 315 169
person 0.2909 319 158 329 171
person 0.2838 153 160 159 170
person 0.1977 312 161 320 170
person 0.1881 137 163 142 170
person 0.1332 139 163 144 170
person 0.1153 247 151 254 161
person 0.1014 152 159 162 173
person 0.0937 175 142 188 168
person 0.0834 235 155 240 162
person 0.0762 315 159 323 171
person 0.0543 272 145 283 157
person 0.0442 232 155 237 162
person 0.0367 122 139 130 152
person 0.0360 118 139 136 184
person 0.0359 149 158 160 170
person 0.0307 138 160 151 173
person 0.0275 286 160 295 171
person 0.0158 245 150 261 162
person 0.0131 132 161 138 173
person 0.0106 178 142 184 151
person 0.0105 247 150 259 158
person 0.0099 307 162 317 171
person 0.0093 255 153 259 161
person 0.0087 296 161 302 169
person 0.0083 159 164 163 172
person 0.0077 275 145 284 153
person 0.0073 329 168 341 178
person 0.0057 137 163 145 171
person 0.0053 120 139 132 160
person 0.0050 175 156 188 168
person 0.0044 130 154 136 160
person 0.0042 175 143 180 150
person 0.0034 230 156 246 164
person 0.0034 154 168 164 174
person 0.0029 255 156 260 163
person 0.0027 137 167 145 173
person 0.0025 234 154 243 162
person 0.0025 268 152 278 160
person 0.0024 128 146 132 154
person 0.0020 121 150 132 161
person 0.0019 120 153 128 160
person 0.0019 124 139 129 146
person 0.0019 223 156 242 165
person 0.0018 287 154 296 162
person 0.0017 159 161 164 170
person 0.0016 118 160 135 177
person 0.0015 274 166 291 172
person 0.0014 261 147 268 153
person 0.0014 126 140 131 152
person 0.0014 254 148 266 156
person 0.0013 183 160 187 167
person 0.0012 135 152 144 156
person 0.0011 289 157 299 165
person 0.0010 319 157 326 166
boat 0.8026 219 145 293 168
boat 0.6111 264 167 356 181
boat 0.3567 134 153 165 175
boat 0.2649 175 142 188 168
boat 0.2469 264 155 356 180
boat 0.2040 118 139 140 185
boat 0.0870 222 143 237 152
boat 0.0820 136 167 164 175
boat 0.0788 329 170 356 178
boat 0.0629 151 159 161 172
boat 0.0445 143 159 162 173
boat 0.0333 217 145 362 171
boat 0.0286 133 152 166 161
boat 0.0242 66 139 144 187
boat 0.0183 175 155 188 168
boat 0.0155 301 154 354 170
boat 0.0146 110 139 171 185
boat 0.0138 265 167 309 178
boat 0.0134 116 175 141 185
boat 0.0126 269 165 331 175
boat 0.0122 176 142 185 152
boat 0.0110 115 166 142 185
boat 0.0108 118 160 137 181
boat 0.0075 175 162 188 168
boat 0.0064 134 153 147 159
boat 0.0062 69 140 349 174
boat 0.0039 136 161 150 170
boat 0.0035 281 148 356 165
boat 0.0030 152 155 165 160
boat 0.0030 305 168 325 175
boat 0.0029 134 132 166 178
boat 0.0025 292 170 355 179
boat 0.0024 69 177 149 187
boat 0.0024 264 167 291 174
boat 0.0023 120 139 132 160
boat 0.0023 145 154 165 161
boat 0.0019 234 147 272 163
boat 0.0019 135 142 193 173
boat 0.0018 477 113 500 141
boat 0.0017 346 146 358 150
boat 0.0016 188 140 199 147
boat 0.0016 220 155 242 166
boat 0.0015 284 154 296 165
boat 0.0015 261 156 292 167
boat 0.0013 182 142 191 148
boat 0.0013 141 142 295 170
boat 0.0012 260 146 334 171
boat 0.0012 151 167 164 174
boat 0.0011 219 160 240 167
boat 0.0010 219 144 240 165
boat 0.0010 342 155 355 160
boat 0.0010 220 112 293 169
boat 0.0010 292 169 314 177
