person 0.0150 317 72 345 128
person 0.0117 139 87 176 116
person 0.0059 433 94 462 146
person 0.0035 100 84 180 117
person 0.0017 324 40 337 56
person 0.0012 101 80 140 116
person 0.0011 447 94 461 144
car 0.8445 1 47 498 318
car 0.4328 0 260 97 327
car 0.0613 479 137 499 161
car 0.0213 489 138 499 154
car 0.0209 1 48 500 151
car 0.0099 0 241 499 317
car 0.0081 401 136 500 170
car 0.0038 480 137 499 200
car 0.0035 478 138 499 255
car 0.0031 445 137 499 163
car 0.0014 0 303 95 329
car 0.0013 397 121 500 160
motorbike 0.4975 0 260 97 328
motorbike 0.0068 0 250 93 297
motorbike 0.0062 0 171 95 328
