person 0.9583 141 85 322 371
person 0.9497 0 136 174 370
person 0.9335 317 107 499 371
person 0.0018 55 55 116 85
person 0.0012 44 55 132 139
person 0.0012 0 153 103 288
person 0.0011 0 169 7 210
bottle 0.0012 0 169 7 206
chair 0.0418 41 175 84 215
chair 0.0150 302 237 340 371
chair 0.0137 0 238 18 271
chair 0.0130 317 238 335 264
chair 0.0071 0 167 84 262
chair 0.0056 299 230 498 369
chair 0.0043 441 179 499 371
chair 0.0024 316 228 340 239
chair 0.0024 302 185 346 231
chair 0.0022 301 312 345 373
chair 0.0020 0 236 20 298
chair 0.0019 316 237 336 306
chair 0.0011 297 178 346 264
sofa 0.0312 1 243 334 369
sofa 0.0048 0 85 505 231
sofa 0.0029 0 88 328 369
sofa 0.0018 -4 309 502 371
sofa 0.0017 0 159 327 258
sofa 0.0014 299 254 496 369
diningtable 0.0316 0 238 18 270
diningtable 0.0012 0 226 28 270
tvmonitor 0.0014 300 180 346 231
