person 0.1801 124 208 131 224
person 0.0183 124 208 130 217
person 0.0067 124 168 131 179
person 0.0067 119 174 123 181
person 0.0024 494 210 500 218
person 0.0022 391 212 399 222
person 0.0020 128 215 133 225
person 0.0017 124 207 128 215
person 0.0012 375 206 389 221
person 0.0011 247 224 266 233
car 0.0648 374 209 399 223
car 0.0033 249 225 265 233
car 0.0025 464 212 476 220
car 0.0023 389 211 399 223
car 0.0018 373 210 387 224
car 0.0012 433 218 440 223
car 0.0011 412 219 418 224
car 0.0011 452 217 464 221
aeroplane 0.0030 285 179 405 209
aeroplane 0.0011 288 179 372 200
bus 0.9158 132 183 271 233
bus 0.0109 87 163 272 193
bus 0.0028 268 186 319 239
bus 0.0017 256 191 272 229
train 0.0022 88 161 270 192
boat 0.2199 11 230 41 245
boat 0.0847 434 216 448 223
boat 0.0394 487 210 499 219
boat 0.0137 11 190 43 246
boat 0.0025 439 215 448 222
boat 0.0017 433 200 448 223
