person 0.7493 167 109 204 153
person 0.5138 292 46 320 67
person 0.4310 260 128 316 174
person 0.2311 343 53 363 77
person 0.0543 261 149 309 173
person 0.0368 260 150 281 158
person 0.0174 261 132 307 159
person 0.0141 348 56 379 82
person 0.0084 285 42 308 62
person 0.0079 163 109 242 158
person 0.0076 144 109 175 143
person 0.0038 216 148 315 174
person 0.0038 193 124 316 174
person 0.0034 258 145 326 180
person 0.0032 282 43 299 61
person 0.0028 291 39 305 54
person 0.0026 248 130 268 156
person 0.0026 314 46 330 64
person 0.0026 260 138 282 159
person 0.0024 314 47 343 70
person 0.0020 271 135 297 156
person 0.0018 424 0 434 20
person 0.0017 359 55 379 77
person 0.0012 250 130 283 158
person 0.0012 315 54 329 70
person 0.0011 270 151 283 159
car 0.9386 70 88 383 309
car 0.8865 245 32 402 152
car 0.0630 0 9 135 98
car 0.0248 335 34 400 73
car 0.0038 249 28 290 59
car 0.0035 246 19 311 59
car 0.0015 480 0 500 9
