person 0.8298 11 0 79 112
person 0.0231 306 265 370 351
person 0.0073 330 393 374 500
person 0.0071 335 276 365 312
person 0.0046 0 0 11 4
person 0.0042 52 93 259 185
person 0.0033 338 274 371 345
person 0.0026 11 0 122 59
person 0.0019 0 0 35 7
person 0.0016 0 0 15 27
person 0.0012 353 267 374 351
bottle 0.2029 29 177 53 190
bottle 0.0087 175 219 214 325
bottle 0.0040 29 176 75 190
bottle 0.0018 330 404 374 499
chair 0.8929 35 0 132 126
chair 0.0436 0 259 131 395
chair 0.0229 0 0 39 28
chair 0.0133 0 1 40 65
chair 0.0071 0 66 31 130
chair 0.0051 212 33 265 103
chair 0.0039 147 38 248 106
chair 0.0035 80 0 126 9
chair 0.0029 0 0 17 63
chair 0.0025 79 0 131 60
chair 0.0022 4 0 35 5
chair 0.0018 106 0 133 59
chair 0.0017 79 0 128 27
chair 0.0017 29 0 42 29
chair 0.0015 0 16 41 37
chair 0.0014 102 1 133 105
chair 0.0013 36 0 128 58
sofa 0.3502 0 179 206 394
sofa 0.2959 74 162 362 310
sofa 0.1552 0 250 131 395
sofa 0.1489 0 156 361 412
sofa 0.0236 231 163 366 271
sofa 0.0041 1 179 203 285
sofa 0.0032 22 98 308 315
sofa 0.0029 97 228 183 327
sofa 0.0024 129 110 365 274
pottedplant 0.3612 127 156 284 440
pottedplant 0.1215 57 104 333 434
pottedplant 0.0563 146 37 254 128
pottedplant 0.0219 52 93 282 277
pottedplant 0.0071 146 65 198 98
pottedplant 0.0058 53 93 265 184
pottedplant 0.0058 174 107 262 385
pottedplant 0.0030 50 34 368 250
pottedplant 0.0022 154 70 175 95
pottedplant 0.0020 129 163 204 266
pottedplant 0.0017 96 181 209 335
pottedplant 0.0016 143 81 296 353
diningtable 0.1762 10 343 353 499
diningtable 0.0425 0 0 41 64
diningtable 0.0298 23 178 360 482
diningtable 0.0298 0 0 40 28
diningtable 0.0142 3 343 185 499
diningtable 0.0097 0 0 10 4
diningtable 0.0042 263 364 344 498
diningtable 0.0041 0 64 31 133
diningtable 0.0020 0 0 20 63
diningtable 0.0019 1 0 116 40
diningtable 0.0016 0 0 11 25
diningtable 0.0012 0 16 41 37
diningtable 0.0011 0 0 33 15
diningtable 0.0010 0 352 96 499
diningtable 0.0010 0 0 19 19
tvmonitor 0.0056 0 64 31 130
