bottle 0.0498 200 174 213 204
bottle 0.0379 441 139 454 171
bottle 0.0051 193 160 213 204
bottle 0.0023 457 159 468 179
bottle 0.0022 311 46 321 72
bottle 0.0018 166 186 179 211
bottle 0.0013 413 133 426 164
chair 0.9413 94 162 155 210
chair 0.5838 36 200 133 330
chair 0.5493 268 176 304 232
chair 0.1703 292 183 310 235
chair 0.1256 267 175 285 219
chair 0.0743 34 196 80 331
chair 0.0099 9 147 165 329
chair 0.0085 212 197 237 209
chair 0.0083 185 160 204 183
chair 0.0077 417 194 499 331
chair 0.0056 372 116 416 162
chair 0.0052 268 184 356 331
chair 0.0038 297 222 357 331
chair 0.0036 271 174 285 196
chair 0.0036 168 160 212 196
chair 0.0029 53 283 163 332
chair 0.0019 55 292 73 333
chair 0.0018 290 186 302 229
chair 0.0016 35 196 68 289
chair 0.0013 55 295 65 332
chair 0.0012 418 263 499 331
chair 0.0012 297 173 362 302
chair 0.0011 184 314 280 331
chair 0.0011 46 190 203 329
sofa 0.0040 395 114 499 176
sofa 0.0029 380 118 417 161
sofa 0.0016 397 115 446 159
pottedplant 0.8432 295 90 380 161
pottedplant 0.7702 0 141 51 319
pottedplant 0.3990 463 152 500 329
pottedplant 0.2429 466 106 500 157
pottedplant 0.0864 424 33 486 140
pottedplant 0.0322 150 214 181 247
pottedplant 0.0285 263 6 311 187
pottedplant 0.0172 466 61 499 165
pottedplant 0.0170 436 85 482 160
pottedplant 0.0153 476 153 498 288
pottedplant 0.0131 482 110 500 156
pottedplant 0.0123 134 204 281 268
pottedplant 0.0098 132 167 208 249
pottedplant 0.0096 136 194 183 247
pottedplant 0.0083 485 151 500 244
pottedplant 0.0080 334 121 375 161
pottedplant 0.0073 0 141 21 183
pottedplant 0.0071 490 266 500 287
pottedplant 0.0058 176 215 260 269
pottedplant 0.0058 484 62 500 155
pottedplant 0.0057 1 142 113 324
pottedplant 0.0052 465 123 498 185
pottedplant 0.0045 446 115 484 179
pottedplant 0.0044 0 207 17 283
pottedplant 0.0039 463 83 500 269
pottedplant 0.0038 418 173 499 327
pottedplant 0.0036 0 248 13 319
pottedplant 0.0033 0 141 47 230
pottedplant 0.0030 430 81 471 139
pottedplant 0.0030 472 213 498 329
pottedplant 0.0024 490 265 499 325
pottedplant 0.0023 464 209 499 272
pottedplant 0.0022 485 178 499 214
pottedplant 0.0021 477 267 500 331
pottedplant 0.0020 413 148 426 167
pottedplant 0.0019 464 212 497 242
pottedplant 0.0018 424 31 484 86
pottedplant 0.0017 0 279 7 317
pottedplant 0.0017 400 112 500 180
pottedplant 0.0016 297 108 336 156
pottedplant 0.0016 134 193 168 221
pottedplant 0.0016 492 217 499 290
pottedplant 0.0015 0 230 50 322
pottedplant 0.0015 485 112 499 135
pottedplant 0.0013 0 211 16 250
pottedplant 0.0013 119 160 279 259
pottedplant 0.0011 491 60 500 117
pottedplant 0.0011 0 147 19 244
pottedplant 0.0011 158 206 237 264
pottedplant 0.0010 464 176 498 249
diningtable 0.7957 50 179 355 328
diningtable 0.0026 133 177 281 242
diningtable 0.0012 88 162 326 257
diningtable 0.0010 101 124 436 354
