person 0.0065 174 212 204 258
bottle 0.0020 345 296 351 325
bottle 0.0012 337 296 344 325
chair 0.9045 0 391 94 499
chair 0.5658 96 468 275 499
chair 0.2290 121 291 238 490
chair 0.0371 0 429 54 499
chair 0.0190 1 285 95 499
chair 0.0166 159 296 228 361
chair 0.0139 155 297 230 448
chair 0.0063 133 285 159 463
chair 0.0041 8 283 69 394
chair 0.0022 0 491 29 499
chair 0.0021 7 285 263 498
sofa 0.0330 0 392 93 499
diningtable 0.0020 41 294 67 307
tvmonitor 0.0320 0 129 29 165
tvmonitor 0.0012 227 223 251 246
