person 0.0010 135 208 149 234
chair 0.7472 217 215 499 371
chair 0.0372 1 164 81 268
chair 0.0196 0 306 83 373
chair 0.0116 0 287 15 318
chair 0.0085 221 174 344 241
chair 0.0079 69 165 96 249
chair 0.0064 0 242 8 265
chair 0.0057 0 303 15 317
chair 0.0054 0 302 15 336
chair 0.0027 62 164 84 249
chair 0.0023 0 241 14 318
sofa 0.9600 76 160 363 356
sofa 0.7617 218 215 499 371
sofa 0.0035 0 306 83 373
pottedplant 0.9283 85 86 181 198
diningtable 0.0665 0 247 180 371
diningtable 0.0194 0 255 112 304
diningtable 0.0059 0 304 84 372
tvmonitor 0.0025 121 202 165 245
