person 0.8847 2 91 280 369
person 0.8652 160 0 498 370
person 0.0448 0 168 74 370
person 0.0064 20 124 41 158
person 0.0018 150 97 279 367
person 0.0015 492 132 500 152
person 0.0010 21 122 44 143
car 0.6800 31 121 83 159
car 0.1181 0 123 30 156
car 0.0178 0 119 10 133
car 0.0113 63 118 103 154
car 0.0078 20 123 44 144
car 0.0066 99 117 140 144
car 0.0059 75 118 138 154
car 0.0047 0 118 10 155
car 0.0031 15 60 52 73
car 0.0030 80 122 113 156
car 0.0024 0 66 3 73
car 0.0018 42 63 53 72
car 0.0015 493 133 499 155
car 0.0013 0 119 42 137
car 0.0012 80 138 101 156
car 0.0012 2 75 178 151
car 0.0011 0 136 8 155
boat 0.0220 136 3 145 24
