person 0.5643 366 1 500 206
person 0.0723 0 147 53 216
person 0.0607 0 149 57 315
person 0.0548 0 282 42 329
person 0.0215 121 9 498 218
person 0.0145 0 213 43 329
person 0.0041 0 81 56 216
person 0.0025 0 58 86 159
person 0.0022 0 290 7 328
person 0.0014 444 55 499 180
person 0.0010 0 144 50 182
dog 0.0030 0 282 43 337
bottle 0.8369 318 41 432 288
bottle 0.7022 92 63 145 167
bottle 0.7015 219 56 285 160
bottle 0.6493 275 29 326 123
bottle 0.5770 86 59 185 261
bottle 0.5188 151 89 275 370
bottle 0.3249 119 56 169 166
bottle 0.0519 88 95 388 369
bottle 0.0412 174 46 241 172
bottle 0.0255 92 70 112 133
bottle 0.0190 211 122 242 171
bottle 0.0184 479 210 499 265
bottle 0.0136 0 147 53 181
bottle 0.0115 152 88 233 235
bottle 0.0110 156 77 188 99
bottle 0.0107 166 67 213 118
bottle 0.0104 318 42 399 182
bottle 0.0078 0 154 113 306
bottle 0.0062 138 59 163 122
bottle 0.0060 0 81 54 216
bottle 0.0058 180 58 498 371
bottle 0.0050 277 130 337 245
bottle 0.0050 0 59 84 159
bottle 0.0034 137 57 161 85
bottle 0.0021 169 274 296 372
bottle 0.0020 119 66 137 112
bottle 0.0019 178 1 286 161
bottle 0.0019 81 146 184 281
bottle 0.0019 95 96 111 133
bottle 0.0016 207 2 241 65
bottle 0.0013 211 6 240 160
bottle 0.0013 144 51 185 79
bottle 0.0011 90 70 103 111
chair 0.1165 0 283 42 328
chair 0.0223 134 2 229 63
chair 0.0176 173 5 242 168
chair 0.0094 478 206 500 264
chair 0.0084 124 0 181 51
chair 0.0064 173 45 229 96
chair 0.0051 203 3 239 68
chair 0.0045 182 3 226 103
chair 0.0026 0 197 7 218
chair 0.0025 144 1 263 85
chair 0.0024 123 0 149 55
chair 0.0014 75 303 192 373
chair 0.0010 0 72 100 217
sofa 0.0076 64 87 109 158
sofa 0.0049 0 282 42 327
sofa 0.0017 0 34 131 160
diningtable 0.2813 0 242 182 369
diningtable 0.0511 -11 101 504 370
diningtable 0.0183 -2 263 509 370
diningtable 0.0144 -1 89 182 365
diningtable 0.0128 0 213 53 325
diningtable 0.0087 45 -10 504 201
diningtable 0.0078 456 210 499 371
diningtable 0.0050 480 209 499 358
diningtable 0.0029 204 135 498 367
diningtable 0.0021 383 199 499 370
diningtable 0.0019 477 206 499 264
diningtable 0.0016 0 187 272 369
diningtable 0.0015 4 29 277 387
diningtable 0.0014 0 145 45 310
diningtable 0.0013 168 279 376 372
diningtable 0.0011 80 297 187 372
diningtable 0.0010 193 38 492 282
tvmonitor 0.0913 0 87 14 161
tvmonitor 0.0013 0 0 21 24
