person 0.9409 440 88 500 283
person 0.9098 146 129 179 209
person 0.2593 83 143 96 155
person 0.0739 474 277 499 340
person 0.0595 291 156 309 171
person 0.0387 62 144 73 154
person 0.0321 487 303 500 328
person 0.0310 476 300 499 352
person 0.0215 476 290 499 396
person 0.0209 252 158 268 171
person 0.0164 476 211 499 348
person 0.0091 87 143 101 155
person 0.0059 286 155 303 171
person 0.0058 482 94 500 121
person 0.0055 263 158 277 170
person 0.0053 477 327 499 351
person 0.0047 300 157 315 171
person 0.0037 249 158 262 171
person 0.0033 495 99 500 114
person 0.0031 271 158 284 170
person 0.0027 257 156 273 170
person 0.0023 97 149 105 157
person 0.0023 494 101 499 123
person 0.0017 485 206 500 304
person 0.0015 274 157 291 170
person 0.0011 279 151 307 170
person 0.0011 492 94 499 149
person 0.0011 461 103 467 115
person 0.0010 490 210 498 230
car 0.9394 221 147 334 226
car 0.9055 25 136 154 186
dog 0.0020 476 322 499 350
dog 0.0015 21 191 47 208
