person 0.9261 215 120 287 354
person 0.9046 0 199 170 494
person 0.8842 82 179 159 327
person 0.8086 138 185 190 284
person 0.7567 235 223 376 498
person 0.6239 37 172 123 320
person 0.5379 201 334 303 487
person 0.3418 320 222 362 281
person 0.1999 218 307 292 401
person 0.1840 35 176 90 282
person 0.1124 47 171 112 256
person 0.0993 49 170 84 209
person 0.0441 50 170 80 186
person 0.0169 35 176 85 235
person 0.0153 83 178 146 251
person 0.0142 203 384 272 487
person 0.0118 170 162 180 171
person 0.0109 0 199 35 273
person 0.0092 138 193 228 294
person 0.0089 133 131 145 151
person 0.0082 281 223 362 283
person 0.0061 219 243 344 398
person 0.0060 250 350 305 493
person 0.0022 0 199 34 235
person 0.0022 256 310 305 388
person 0.0020 340 222 374 287
person 0.0020 319 135 329 158
person 0.0020 271 223 374 410
person 0.0016 307 134 323 158
person 0.0015 320 222 361 247
person 0.0014 1 198 108 329
person 0.0014 139 133 147 151
person 0.0012 0 200 35 342
person 0.0011 0 198 33 211
person 0.0010 77 242 123 320
dog 0.0045 134 335 170 386
bottle 0.2276 162 257 186 305
bottle 0.1207 70 142 78 162
bottle 0.0210 181 253 191 291
bottle 0.0092 185 244 201 299
bottle 0.0069 162 258 174 301
bottle 0.0068 171 238 187 262
bottle 0.0044 185 303 197 331
bottle 0.0038 166 256 187 283
bottle 0.0023 163 241 202 295
chair 0.9424 0 344 131 498
chair 0.7366 228 449 283 500
chair 0.0502 127 324 215 396
chair 0.0466 185 217 225 344
chair 0.0166 230 449 371 499
chair 0.0138 0 343 87 455
chair 0.0130 0 428 130 499
chair 0.0096 200 283 223 345
chair 0.0052 230 478 278 500
chair 0.0041 184 236 206 289
chair 0.0039 144 281 162 307
chair 0.0027 257 342 303 387
chair 0.0026 229 449 263 472
chair 0.0022 0 343 82 403
chair 0.0022 92 271 123 319
chair 0.0022 81 232 125 314
chair 0.0019 215 423 265 486
chair 0.0018 237 374 301 494
chair 0.0016 160 232 215 290
chair 0.0012 274 247 304 282
chair 0.0010 69 260 127 323
sofa 0.4009 184 217 226 290
sofa 0.1352 132 215 226 298
sofa 0.1100 127 324 215 396
sofa 0.0987 127 223 222 396
sofa 0.0192 184 238 206 289
sofa 0.0166 89 269 123 318
sofa 0.0162 174 216 286 293
sofa 0.0128 257 336 304 388
sofa 0.0127 178 216 304 348
sofa 0.0123 284 223 362 284
sofa 0.0113 0 201 180 420
sofa 0.0110 185 222 224 350
sofa 0.0073 230 368 302 498
sofa 0.0072 82 241 124 321
sofa 0.0047 270 246 304 278
sofa 0.0036 85 237 155 325
sofa 0.0034 279 236 307 272
sofa 0.0031 218 225 346 367
sofa 0.0029 271 226 374 410
sofa 0.0028 229 445 379 499
sofa 0.0022 241 341 371 499
sofa 0.0014 108 218 351 394
pottedplant 0.3349 281 221 321 247
pottedplant 0.2724 259 356 305 387
pottedplant 0.0373 280 222 327 273
pottedplant 0.0234 289 221 345 282
pottedplant 0.0186 258 356 305 424
pottedplant 0.0111 185 303 197 331
pottedplant 0.0067 280 231 307 272
pottedplant 0.0028 281 232 303 247
pottedplant 0.0022 259 324 307 387
diningtable 0.0227 126 271 218 396
diningtable 0.0107 131 295 207 332
