person 0.0193 414 201 432 263
person 0.0131 415 196 431 229
person 0.0061 418 227 432 262
person 0.0048 310 18 346 55
person 0.0042 483 194 492 206
person 0.0041 267 17 371 149
person 0.0036 128 151 134 163
person 0.0017 121 153 128 162
person 0.0013 70 184 74 194
person 0.0011 87 173 93 186
person 0.0011 486 193 492 203
person 0.0010 441 205 453 218
person 0.0010 52 194 56 207
car 0.4009 439 206 499 220
car 0.1364 420 208 432 227
car 0.0571 415 198 431 228
car 0.0285 478 208 499 220
car 0.0168 495 209 500 219
car 0.0141 439 210 453 218
car 0.0119 429 210 442 218
car 0.0055 424 194 442 218
car 0.0029 481 198 499 216
car 0.0013 9 197 15 202
car 0.0012 423 209 483 219
train 0.9611 53 17 428 294
train 0.1507 0 175 17 202
train 0.0195 0 176 43 203
train 0.0091 15 187 44 201
train 0.0057 0 195 7 203
train 0.0033 0 195 16 203
train 0.0011 16 186 32 199
