person 0.8179 30 194 125 365
person 0.0030 101 108 171 234
person 0.0015 85 127 113 187
person 0.0014 122 106 169 181
person 0.0011 189 140 215 183
bird 0.8099 267 21 374 134
bird 0.0308 467 0 499 193
bird 0.0209 469 4 499 73
bird 0.0090 469 12 485 70
bird 0.0054 269 102 308 141
bird 0.0054 398 73 425 150
bird 0.0029 382 1 426 151
bird 0.0024 234 23 273 158
bottle 0.0011 449 367 460 374
chair 0.5492 80 282 151 372
chair 0.0907 0 262 59 373
chair 0.0805 63 196 151 371
chair 0.0677 0 256 23 346
chair 0.0133 0 323 17 362
chair 0.0053 0 253 20 300
chair 0.0032 190 345 265 374
chair 0.0030 0 267 148 373
chair 0.0026 0 322 56 373
chair 0.0024 56 290 66 317
chair 0.0023 32 196 128 328
chair 0.0023 83 282 148 298
chair 0.0018 0 301 22 353
chair 0.0017 39 204 77 277
chair 0.0013 0 271 23 309
chair 0.0013 0 322 13 347
chair 0.0012 0 267 12 339
chair 0.0012 0 288 23 314
chair 0.0010 82 221 149 327
sofa 0.0015 154 192 499 371
pottedplant 0.0398 0 252 21 292
pottedplant 0.0335 0 157 23 305
pottedplant 0.0283 467 1 499 195
pottedplant 0.0158 0 322 19 364
pottedplant 0.0120 427 1 499 297
pottedplant 0.0048 466 53 499 299
pottedplant 0.0043 0 209 20 261
pottedplant 0.0024 466 100 499 205
pottedplant 0.0016 0 156 35 374
pottedplant 0.0016 0 227 7 254
pottedplant 0.0014 0 322 13 347
pottedplant 0.0011 0 174 23 244
diningtable 0.0014 0 263 32 371
diningtable 0.0012 159 345 262 374
tvmonitor 0.1692 224 0 441 178
tvmonitor 0.0102 -1 0 501 196
