person 0.7063 80 0 142 122
person 0.3974 138 0 186 61
person 0.1375 0 75 21 119
person 0.0388 0 72 40 120
person 0.0356 0 97 15 119
person 0.0106 1 69 14 83
person 0.0040 0 81 21 101
person 0.0037 0 76 41 173
person 0.0035 0 80 18 152
person 0.0035 0 22 19 121
person 0.0033 489 226 499 286
person 0.0033 137 0 159 39
person 0.0018 0 69 28 103
person 0.0015 2 46 16 58
person 0.0014 0 16 9 54
person 0.0013 80 0 186 66
person 0.0012 56 43 67 63
person 0.0010 0 73 3 83
bottle 0.1113 336 247 375 362
bottle 0.0998 239 54 282 152
bottle 0.0139 302 95 314 119
bottle 0.0054 327 178 348 223
bottle 0.0042 248 60 260 83
bottle 0.0016 249 59 271 84
bottle 0.0013 253 46 274 80
bottle 0.0013 246 55 277 99
bottle 0.0012 55 44 65 62
bottle 0.0012 244 60 261 103
chair 0.9105 47 45 115 185
chair 0.8966 0 96 71 309
chair 0.8806 356 39 397 95
chair 0.8602 137 33 174 87
chair 0.7167 420 52 499 269
chair 0.6989 228 0 291 38
chair 0.1212 453 121 499 273
chair 0.0913 485 221 499 284
chair 0.0401 469 126 499 177
chair 0.0253 0 218 23 311
chair 0.0233 0 296 5 318
chair 0.0199 42 27 69 62
chair 0.0170 42 27 58 41
chair 0.0156 184 0 229 45
chair 0.0103 266 0 291 34
chair 0.0067 74 28 91 56
chair 0.0055 458 203 500 285
chair 0.0054 190 63 231 75
chair 0.0050 469 81 500 182
chair 0.0048 14 94 44 112
chair 0.0048 318 0 337 49
chair 0.0044 125 73 238 128
chair 0.0042 483 171 500 277
chair 0.0040 213 1 341 50
chair 0.0036 336 56 499 270
chair 0.0035 287 0 335 47
chair 0.0035 171 51 234 75
chair 0.0035 486 252 499 286
chair 0.0034 178 0 291 43
chair 0.0029 9 58 26 69
chair 0.0029 478 125 499 283
chair 0.0026 40 44 182 190
chair 0.0020 75 29 84 45
chair 0.0020 133 33 235 94
chair 0.0019 334 51 354 79
chair 0.0019 0 199 40 296
chair 0.0018 1 68 28 86
chair 0.0018 0 90 17 120
chair 0.0017 110 115 121 134
chair 0.0016 15 96 34 109
chair 0.0016 462 -2 500 187
chair 0.0015 114 74 216 164
chair 0.0014 44 19 85 60
chair 0.0013 0 296 9 372
chair 0.0013 386 97 423 153
chair 0.0012 0 368 3 374
chair 0.0012 -2 95 33 121
chair 0.0012 489 270 499 287
chair 0.0012 0 247 16 308
chair 0.0011 0 292 10 317
chair 0.0010 0 276 9 334
chair 0.0010 0 203 29 381
pottedplant 0.0668 0 1 20 39
pottedplant 0.0029 48 0 86 56
pottedplant 0.0024 0 1 11 36
pottedplant 0.0015 28 75 59 115
diningtable 0.9237 4 44 497 371
diningtable 0.6216 170 32 356 79
diningtable 0.0163 0 40 69 118
diningtable 0.0075 170 37 237 75
diningtable 0.0072 136 78 249 104
diningtable 0.0071 2 214 495 370
diningtable 0.0058 314 80 424 174
diningtable 0.0041 118 74 225 131
diningtable 0.0023 0 218 257 371
diningtable 0.0021 171 54 259 76
diningtable 0.0019 0 73 46 118
diningtable 0.0011 218 36 310 90
diningtable 0.0011 275 45 356 78
diningtable 0.0010 0 40 68 75
