person 0.0353 82 182 90 193
person 0.0287 74 184 83 194
person 0.0074 213 187 231 203
person 0.0061 144 187 149 196
person 0.0038 128 324 315 499
car 0.8737 84 180 219 240
car 0.7092 0 184 8 198
car 0.6400 39 184 71 196
car 0.0729 82 183 92 195
car 0.0584 73 184 85 196
car 0.0300 7 185 23 196
car 0.0242 73 183 93 197
car 0.0035 62 184 88 196
car 0.0018 84 180 147 205
car 0.0014 92 184 187 209
car 0.0013 30 185 41 194
car 0.0010 114 178 140 185
motorbike 0.0060 73 186 83 196
aeroplane 0.0174 0 0 65 9
bird 0.0022 247 466 315 495
cow 0.9642 192 203 312 430
cow 0.9544 18 191 154 324
cow 0.9248 106 193 189 285
cow 0.8749 215 183 334 241
cow 0.1742 319 203 353 236
cow 0.0214 319 203 342 227
cow 0.0126 213 189 231 204
cow 0.0124 216 203 264 221
cow 0.0074 87 183 211 246
cow 0.0057 341 206 352 236
cow 0.0034 195 202 264 228
cow 0.0021 215 190 265 219
cow 0.0021 215 184 265 207
cow 0.0014 290 198 353 240
bottle 0.0027 142 355 175 392
bottle 0.0023 247 466 315 495
