person 0.0718 142 275 161 292
person 0.0063 308 230 326 282
person 0.0062 0 198 7 214
person 0.0041 138 284 158 296
person 0.0031 322 231 333 293
person 0.0024 0 218 7 297
person 0.0019 125 278 160 311
person 0.0015 140 275 166 313
person 0.0012 322 230 333 260
bicycle 0.0040 187 306 208 326
car 0.0246 0 214 9 255
car 0.0112 0 214 9 296
car 0.0010 492 284 500 298
dog 0.0115 191 323 213 348
dog 0.0039 146 316 196 375
dog 0.0011 197 325 238 369
chair 0.7456 195 288 244 370
chair 0.7423 135 292 197 374
chair 0.6480 388 282 431 350
chair 0.6277 0 297 22 374
chair 0.5968 426 280 461 350
chair 0.5391 450 283 498 352
chair 0.0376 428 280 461 315
chair 0.0366 136 287 158 296
chair 0.0261 24 292 81 372
chair 0.0171 453 314 491 351
chair 0.0162 179 289 213 324
chair 0.0148 183 305 212 347
chair 0.0105 120 287 158 321
chair 0.0062 119 288 159 353
chair 0.0052 0 330 18 374
chair 0.0050 0 297 21 333
chair 0.0030 23 308 34 371
chair 0.0025 188 306 209 325
chair 0.0020 411 293 434 350
chair 0.0019 139 291 193 329
chair 0.0019 124 286 158 302
chair 0.0016 471 281 500 315
chair 0.0016 18 301 26 369
chair 0.0015 429 316 454 349
chair 0.0014 446 310 461 350
chair 0.0013 453 286 490 317
chair 0.0012 393 315 424 350
chair 0.0012 143 327 196 374
chair 0.0012 183 295 213 310
chair 0.0012 486 310 500 349
chair 0.0011 446 309 477 351
chair 0.0011 198 329 241 369
chair 0.0010 179 288 192 304
chair 0.0010 492 327 499 340
chair 0.0010 471 307 493 352
chair 0.0010 449 316 466 349
chair 0.0010 201 290 237 327
pottedplant 0.8374 46 343 95 374
pottedplant 0.6769 85 305 124 358
pottedplant 0.6554 117 303 145 354
pottedplant 0.4745 131 224 168 291
pottedplant 0.1516 482 251 500 288
pottedplant 0.1072 68 223 88 264
pottedplant 0.1047 70 321 94 351
pottedplant 0.0778 486 304 500 347
pottedplant 0.0741 100 236 127 270
pottedplant 0.0730 488 305 499 327
pottedplant 0.0429 400 244 426 272
pottedplant 0.0393 487 280 500 336
pottedplant 0.0334 72 296 151 353
pottedplant 0.0325 182 313 211 348
pottedplant 0.0325 68 267 137 297
pottedplant 0.0289 349 218 425 293
pottedplant 0.0271 483 267 499 290
pottedplant 0.0271 482 251 500 338
pottedplant 0.0225 490 305 499 318
pottedplant 0.0206 70 224 126 271
pottedplant 0.0187 67 270 105 297
pottedplant 0.0164 179 316 201 345
pottedplant 0.0155 152 229 169 290
pottedplant 0.0154 142 275 167 292
pottedplant 0.0140 104 269 138 297
pottedplant 0.0129 488 288 500 317
pottedplant 0.0124 69 248 82 264
pottedplant 0.0110 0 215 89 270
pottedplant 0.0103 98 238 113 269
pottedplant 0.0098 96 337 122 357
pottedplant 0.0091 248 255 283 291
pottedplant 0.0090 0 197 7 214
pottedplant 0.0088 70 163 164 235
pottedplant 0.0079 125 220 144 263
pottedplant 0.0078 69 236 134 297
pottedplant 0.0075 191 323 211 347
pottedplant 0.0066 118 287 157 322
pottedplant 0.0061 491 284 500 308
pottedplant 0.0060 396 243 427 292
pottedplant 0.0060 72 315 106 353
pottedplant 0.0058 99 236 132 296
pottedplant 0.0056 482 269 500 312
pottedplant 0.0055 127 220 144 242
pottedplant 0.0055 79 236 113 271
pottedplant 0.0055 0 290 8 299
pottedplant 0.0053 48 363 84 374
pottedplant 0.0051 196 220 214 247
pottedplant 0.0050 386 218 415 252
pottedplant 0.0048 69 253 82 275
pottedplant 0.0046 97 222 171 291
pottedplant 0.0043 196 175 233 248
pottedplant 0.0042 134 262 154 290
pottedplant 0.0042 483 250 499 269
pottedplant 0.0042 26 295 80 355
pottedplant 0.0035 349 230 372 260
pottedplant 0.0032 42 301 67 338
pottedplant 0.0032 245 181 283 291
pottedplant 0.0028 69 224 88 237
pottedplant 0.0025 71 336 94 354
pottedplant 0.0024 349 227 381 291
pottedplant 0.0021 0 269 9 298
pottedplant 0.0021 482 177 500 226
pottedplant 0.0020 413 192 428 223
pottedplant 0.0019 350 218 417 257
pottedplant 0.0019 137 223 167 262
pottedplant 0.0018 158 276 168 292
pottedplant 0.0018 119 333 133 353
pottedplant 0.0018 132 294 162 359
pottedplant 0.0018 99 238 112 253
pottedplant 0.0016 493 184 499 225
pottedplant 0.0016 178 320 193 331
pottedplant 0.0016 99 261 121 297
pottedplant 0.0016 157 232 169 274
pottedplant 0.0015 470 279 499 337
pottedplant 0.0015 151 260 168 288
pottedplant 0.0014 485 223 499 245
pottedplant 0.0014 115 242 129 266
pottedplant 0.0014 102 259 118 271
pottedplant 0.0014 196 220 205 240
pottedplant 0.0014 27 313 69 366
pottedplant 0.0014 46 315 63 328
pottedplant 0.0013 190 316 203 346
pottedplant 0.0013 0 220 10 334
pottedplant 0.0013 0 214 16 297
pottedplant 0.0013 179 323 187 330
pottedplant 0.0012 491 208 499 225
pottedplant 0.0012 24 310 43 372
pottedplant 0.0012 71 216 91 228
pottedplant 0.0012 186 307 206 329
pottedplant 0.0011 486 230 499 261
pottedplant 0.0011 67 226 90 299
pottedplant 0.0011 69 164 91 217
pottedplant 0.0011 83 280 109 297
pottedplant 0.0011 70 191 84 227
pottedplant 0.0011 71 216 81 227
pottedplant 0.0010 493 327 499 340
pottedplant 0.0010 485 198 500 246
pottedplant 0.0010 28 307 63 326
diningtable 0.0087 400 290 431 305
diningtable 0.0075 405 280 460 350
diningtable 0.0044 185 304 212 321
diningtable 0.0033 415 295 434 307
diningtable 0.0029 188 303 212 311
diningtable 0.0025 193 295 235 324
diningtable 0.0024 406 303 435 315
diningtable 0.0018 454 304 479 316
diningtable 0.0017 389 285 447 309
diningtable 0.0013 187 299 213 309
