person 0.0384 330 125 406 259
person 0.0071 491 139 499 166
person 0.0056 490 140 499 186
person 0.0028 489 108 499 216
person 0.0019 492 160 499 187
person 0.0014 491 198 500 284
person 0.0012 350 156 374 188
person 0.0010 342 201 393 255
car 0.0141 331 254 350 272
car 0.0085 442 238 471 270
car 0.0029 352 248 400 269
car 0.0027 333 265 486 307
car 0.0021 428 292 464 305
car 0.0020 332 266 391 305
car 0.0020 405 270 427 302
car 0.0018 367 270 388 287
car 0.0017 422 261 445 272
car 0.0016 438 292 457 304
car 0.0015 334 268 362 286
car 0.0010 352 249 379 267
train 0.3637 0 190 139 247
train 0.0032 1 192 81 218
train 0.0013 331 125 405 253
train 0.0012 0 212 94 246
