person 0.8454 199 49 365 243
person 0.0428 330 67 452 244
person 0.0062 368 193 499 244
person 0.0052 370 88 499 242
person 0.0036 129 116 142 123
person 0.0029 0 178 93 242
person 0.0025 74 295 251 373
person 0.0021 441 84 499 241
person 0.0015 4 245 439 371
person 0.0012 128 112 144 123
person 0.0012 441 199 499 241
person 0.0010 326 61 397 169
person 0.0010 4 308 491 371
person 0.0010 445 158 499 239
car 0.2997 2 -1 498 244
car 0.2032 151 49 387 243
car 0.0235 2 1 498 102
car 0.0170 1 239 500 371
car 0.0161 415 344 499 373
car 0.0095 68 89 106 120
car 0.0035 1 0 236 40
car 0.0031 0 102 105 204
car 0.0027 0 114 57 204
car 0.0025 2 88 105 124
car 0.0018 167 0 498 369
car 0.0012 94 97 222 129
car 0.0010 0 12 115 204
car 0.0010 95 100 162 128
dog 0.0049 326 61 392 166
dog 0.0015 325 65 361 163
chair 0.0031 414 345 493 374
chair 0.0021 0 189 99 241
