person 0.0186 285 140 329 196
person 0.0151 129 220 163 254
person 0.0108 113 121 125 141
person 0.0100 319 164 343 192
person 0.0095 233 160 276 209
person 0.0090 452 283 468 297
person 0.0063 323 165 365 193
person 0.0050 144 157 161 172
person 0.0049 144 135 164 170
person 0.0043 348 145 391 192
person 0.0031 25 228 38 254
person 0.0031 434 283 447 295
person 0.0030 310 122 334 160
person 0.0030 439 283 453 295
person 0.0026 309 161 336 193
person 0.0026 271 133 317 192
person 0.0024 307 144 347 192
person 0.0019 104 121 116 140
person 0.0017 445 283 461 296
person 0.0017 265 141 293 201
person 0.0012 313 111 341 151
person 0.0011 428 284 439 295
person 0.0010 461 282 480 299
car 0.9202 397 274 499 359
car 0.0041 371 333 400 351
car 0.0020 393 307 464 358
car 0.0016 492 295 500 304
car 0.0011 202 332 400 364
aeroplane 0.0023 448 108 499 119
bus 0.9519 48 43 444 364
bus 0.8876 0 164 59 345
bus 0.0045 16 331 415 366
bus 0.0013 14 43 470 124
bus 0.0012 0 175 17 337
bus 0.0010 189 332 404 364
chair 0.0034 232 156 274 204
