person 0.9444 223 165 287 287
person 0.9269 296 165 355 303
person 0.0249 328 167 352 195
person 0.0179 330 166 354 235
person 0.0038 482 245 499 304
person 0.0012 331 168 343 190
sheep 0.0491 163 181 189 206
sheep 0.0301 146 173 163 200
sheep 0.0235 17 193 64 231
sheep 0.0050 49 181 75 213
cow 0.9263 420 176 467 212
cow 0.8803 17 192 64 231
cow 0.7765 50 181 75 213
cow 0.7464 146 173 163 200
cow 0.7268 163 181 189 205
cow 0.7184 38 180 53 193
cow 0.0608 319 163 349 191
cow 0.0423 331 168 349 192
cow 0.0087 36 180 64 195
cow 0.0049 162 115 202 175
cow 0.0039 320 163 333 169
cow 0.0026 30 177 188 214
cow 0.0023 321 163 329 168
cow 0.0012 36 191 65 212
cow 0.0011 241 106 288 158
