person 0.0065 164 236 176 248
person 0.0057 331 223 338 229
person 0.0042 101 235 113 247
person 0.0037 160 235 173 247
person 0.0026 9 222 20 230
person 0.0019 92 234 117 249
person 0.0018 96 236 109 247
person 0.0017 317 230 324 238
person 0.0016 108 235 119 245
person 0.0015 42 227 61 239
person 0.0015 316 126 322 139
person 0.0013 329 220 340 229
person 0.0012 470 236 485 253
person 0.0011 50 228 66 239
person 0.0011 104 236 117 249
person 0.0011 190 235 202 248
person 0.0010 110 236 122 250
car 0.9285 114 231 222 284
car 0.8989 47 231 153 279
car 0.8562 310 229 355 257
car 0.8242 194 232 304 292
car 0.8091 454 234 492 299
car 0.7916 0 229 42 264
car 0.7865 261 222 318 252
car 0.5655 2 220 113 276
car 0.5107 352 224 360 257
car 0.3258 195 228 226 239
car 0.3142 468 224 486 238
car 0.2673 123 221 161 237
car 0.2580 222 228 258 242
car 0.1972 449 222 465 251
car 0.1754 0 221 45 233
car 0.0949 158 228 196 237
car 0.0945 465 224 486 248
car 0.0657 111 227 124 233
car 0.0555 310 234 323 257
car 0.0308 164 224 197 233
car 0.0178 1 229 40 241
car 0.0117 467 224 497 241
car 0.0112 101 228 125 235
car 0.0111 352 225 359 242
car 0.0089 446 221 456 251
car 0.0088 0 227 6 234
car 0.0079 97 231 125 242
car 0.0067 454 230 469 251
car 0.0063 0 222 20 233
car 0.0058 460 226 499 250
car 0.0050 153 223 197 240
car 0.0049 1 227 64 275
car 0.0045 224 228 256 235
car 0.0041 0 230 21 265
car 0.0041 17 222 44 230
car 0.0039 135 224 156 237
car 0.0035 215 230 287 240
car 0.0034 0 254 6 269
car 0.0031 19 221 111 242
car 0.0029 198 229 243 246
car 0.0027 496 178 499 188
car 0.0024 167 222 198 229
car 0.0024 237 227 255 233
car 0.0023 468 233 485 243
car 0.0021 486 236 499 333
car 0.0020 0 226 11 234
car 0.0019 210 229 228 238
car 0.0019 462 230 469 243
car 0.0019 122 232 153 250
car 0.0018 24 224 84 240
car 0.0018 158 226 226 239
car 0.0017 0 240 7 268
car 0.0016 180 226 197 232
car 0.0015 449 221 457 235
car 0.0014 102 232 152 243
car 0.0013 0 232 12 262
car 0.0013 262 223 311 236
car 0.0012 154 230 199 248
car 0.0011 100 228 138 237
car 0.0011 479 234 499 301
car 0.0011 138 232 153 249
car 0.0010 93 231 150 250
bus 0.0011 74 205 131 229
