person 0.9100 171 25 498 370
person 0.8697 0 5 235 370
person 0.8574 209 78 306 198
person 0.7959 242 20 281 82
person 0.6865 464 58 499 203
person 0.6483 0 28 24 163
person 0.4471 14 0 117 149
person 0.3731 213 72 254 146
person 0.3325 223 72 254 112
person 0.2825 211 110 238 148
person 0.1406 463 57 500 368
person 0.1089 466 58 499 125
person 0.0736 0 28 25 94
person 0.0466 172 39 344 363
person 0.0443 0 108 10 159
person 0.0361 194 110 239 177
person 0.0341 292 88 315 140
person 0.0330 0 109 13 233
person 0.0270 193 108 234 149
person 0.0243 -3 -38 443 376
person 0.0128 9 9 83 200
person 0.0078 83 1 111 32
person 0.0074 2 3 118 276
person 0.0058 323 32 502 398
person 0.0055 0 143 17 346
person 0.0054 464 116 499 238
person 0.0046 0 104 18 165
person 0.0045 17 0 117 65
person 0.0045 174 130 212 179
person 0.0040 102 0 146 14
person 0.0038 0 254 7 338
person 0.0037 131 0 147 7
person 0.0032 477 196 500 366
person 0.0030 192 136 214 181
person 0.0030 279 80 289 89
person 0.0029 293 115 314 140
person 0.0027 193 62 317 277
person 0.0023 446 53 500 262
person 0.0016 89 9 375 276
person 0.0016 221 72 284 114
person 0.0015 16 28 25 42
person 0.0011 312 139 354 296
person 0.0011 0 287 5 353
person 0.0011 54 0 112 53
person 0.0010 4 27 24 43
bottle 0.7270 303 117 336 226
bottle 0.1441 333 153 353 211
bottle 0.0695 282 170 307 246
bottle 0.0633 307 204 325 236
bottle 0.0583 207 163 237 220
bottle 0.0361 335 152 350 185
bottle 0.0247 305 170 333 227
bottle 0.0086 303 132 336 187
bottle 0.0066 304 117 325 150
bottle 0.0060 334 170 348 219
bottle 0.0055 308 154 345 226
bottle 0.0046 325 201 336 225
bottle 0.0042 330 153 354 249
bottle 0.0040 345 154 356 177
bottle 0.0037 325 165 338 225
bottle 0.0021 210 141 215 151
bottle 0.0017 410 13 418 28
bottle 0.0017 335 153 350 168
bottle 0.0014 304 200 328 250
bottle 0.0013 307 116 320 141
bottle 0.0012 292 133 298 141
bottle 0.0012 234 209 246 243
bottle 0.0011 292 133 307 145
chair 0.1679 0 148 13 236
chair 0.1091 236 326 278 370
chair 0.0867 0 142 8 155
chair 0.0486 236 355 296 374
chair 0.0207 477 199 499 242
chair 0.0207 0 104 12 164
chair 0.0202 234 257 305 373
chair 0.0181 0 150 13 184
chair 0.0177 450 105 487 130
chair 0.0111 302 257 332 327
chair 0.0106 227 213 287 363
chair 0.0091 195 129 214 142
chair 0.0078 8 126 20 168
chair 0.0078 0 144 14 322
chair 0.0076 0 226 7 296
chair 0.0064 11 129 32 205
chair 0.0061 0 111 19 227
chair 0.0056 229 326 254 371
chair 0.0052 478 200 499 284
chair 0.0048 271 261 332 326
chair 0.0046 240 214 500 370
chair 0.0043 0 176 9 250
chair 0.0040 232 286 280 372
chair 0.0040 466 196 500 370
chair 0.0038 0 229 5 246
chair 0.0038 0 230 9 339
chair 0.0031 194 104 221 139
chair 0.0030 192 129 214 153
chair 0.0027 241 320 499 373
chair 0.0024 0 36 17 47
chair 0.0024 301 265 313 326
chair 0.0024 12 126 25 167
chair 0.0022 0 232 5 274
chair 0.0022 0 223 283 370
chair 0.0020 241 269 377 372
chair 0.0018 313 270 331 326
chair 0.0018 0 72 21 182
chair 0.0017 229 327 241 369
chair 0.0013 487 214 499 243
chair 0.0011 254 250 330 362
chair 0.0011 451 105 484 118
chair 0.0011 485 311 499 370
chair 0.0011 229 277 263 334
chair 0.0011 370 331 399 373
chair 0.0010 0 145 31 353
sofa 0.0022 253 196 498 367
pottedplant 0.0019 305 50 330 102
diningtable 0.2447 238 202 337 284
diningtable 0.1138 175 179 340 283
diningtable 0.0406 171 187 335 371
diningtable 0.0346 477 199 499 242
diningtable 0.0233 175 120 488 351
diningtable 0.0119 0 150 13 223
diningtable 0.0093 268 266 328 323
diningtable 0.0078 0 155 12 184
diningtable 0.0073 -2 186 317 367
diningtable 0.0044 0 146 12 173
diningtable 0.0038 254 244 329 287
diningtable 0.0037 253 252 308 282
diningtable 0.0030 238 246 331 318
diningtable 0.0025 66 63 422 377
diningtable 0.0023 221 236 315 279
diningtable 0.0023 193 141 214 163
diningtable 0.0020 236 193 287 211
diningtable 0.0017 194 141 213 152
diningtable 0.0015 195 167 294 220
diningtable 0.0015 249 239 296 278
diningtable 0.0012 223 231 305 337
diningtable 0.0010 168 187 255 368
diningtable 0.0010 260 261 299 280
