person 0.0446 312 209 321 236
person 0.0025 494 319 499 373
person 0.0018 77 143 81 149
person 0.0017 59 192 64 209
person 0.0016 432 229 438 243
person 0.0016 495 323 500 355
person 0.0016 75 165 79 170
person 0.0015 448 195 455 207
person 0.0012 494 352 499 374
person 0.0011 496 318 500 341
car 0.1706 320 227 420 272
car 0.1349 7 199 24 215
car 0.0115 245 201 316 233
car 0.0076 25 185 58 225
car 0.0018 432 185 455 207
car 0.0015 187 145 204 151
car 0.0014 188 142 220 152
car 0.0013 175 144 195 151
car 0.0012 243 204 278 231
car 0.0012 184 145 197 151
aeroplane 0.8811 61 80 364 209
aeroplane 0.4001 57 115 156 160
aeroplane 0.0238 27 119 114 142
aeroplane 0.0175 50 120 87 140
aeroplane 0.0133 0 119 83 167
aeroplane 0.0062 227 80 363 207
aeroplane 0.0044 107 114 157 148
aeroplane 0.0039 1 144 83 168
aeroplane 0.0036 0 120 83 139
aeroplane 0.0031 146 129 164 139
aeroplane 0.0028 148 119 235 149
aeroplane 0.0025 150 110 237 129
aeroplane 0.0020 328 5 499 356
aeroplane 0.0020 185 126 233 154
aeroplane 0.0017 72 113 240 147
aeroplane 0.0016 3 111 140 138
aeroplane 0.0014 50 132 71 139
aeroplane 0.0013 0 131 7 140
aeroplane 0.0013 228 127 243 139
aeroplane 0.0012 88 107 241 134
aeroplane 0.0012 19 151 61 168
aeroplane 0.0012 188 132 218 141
aeroplane 0.0011 125 115 153 145
aeroplane 0.0011 87 119 133 128
