person 0.9618 342 83 467 308
person 0.9312 0 121 159 256
person 0.9261 426 51 499 203
person 0.6088 18 0 86 110
person 0.5621 58 0 86 51
person 0.2766 6 0 26 60
person 0.1179 0 0 9 45
person 0.0216 19 1 52 110
person 0.0197 0 2 17 48
person 0.0174 0 25 4 45
person 0.0092 6 0 25 20
person 0.0077 58 0 83 21
person 0.0073 14 17 25 60
person 0.0071 63 61 85 103
person 0.0070 2 0 15 28
person 0.0060 0 20 17 57
person 0.0051 389 31 394 44
person 0.0047 22 56 86 107
person 0.0042 17 0 84 235
person 0.0028 488 0 499 17
person 0.0025 -15 0 65 111
person 0.0025 0 32 11 45
person 0.0021 166 0 198 20
person 0.0019 0 0 8 25
person 0.0017 495 99 500 126
person 0.0014 87 0 121 34
person 0.0012 487 -1 499 46
person 0.0012 44 122 120 256
person 0.0012 56 0 119 52
person 0.0011 445 147 499 206
car 0.1788 404 28 496 73
car 0.0394 154 29 282 71
car 0.0289 467 29 492 47
car 0.0251 421 27 468 55
car 0.0224 489 38 499 51
car 0.0130 465 43 493 57
car 0.0094 465 46 499 62
car 0.0067 350 25 489 79
car 0.0041 481 48 500 61
car 0.0033 404 47 439 70
car 0.0032 483 3 499 51
car 0.0031 195 30 282 61
car 0.0029 488 44 500 59
car 0.0029 480 32 499 52
car 0.0023 169 0 207 20
car 0.0022 329 35 351 43
car 0.0021 329 25 363 43
car 0.0021 256 42 282 62
car 0.0019 360 24 400 44
car 0.0019 293 26 329 41
car 0.0017 235 36 282 60
car 0.0017 431 31 495 58
car 0.0016 437 27 494 47
car 0.0015 488 22 500 50
car 0.0014 489 32 499 44
bus 0.0010 486 0 499 48
boat 0.4557 352 53 429 76
boat 0.0676 156 29 281 71
boat 0.0479 0 110 18 154
boat 0.0208 0 112 33 184
boat 0.0199 352 31 494 77
boat 0.0038 353 2 430 78
boat 0.0018 405 48 439 78
boat 0.0014 408 69 429 79
boat 0.0012 194 29 245 41
bottle 0.6387 390 183 416 244
bottle 0.3348 303 199 312 218
bottle 0.1711 442 148 450 164
bottle 0.0747 310 195 317 217
bottle 0.0195 391 215 409 243
bottle 0.0075 440 147 447 161
bottle 0.0027 245 302 279 354
bottle 0.0023 440 146 456 181
bottle 0.0018 220 305 250 350
bottle 0.0015 441 149 452 172
bottle 0.0014 440 148 468 202
bottle 0.0011 303 186 314 214
bottle 0.0011 441 152 464 176
chair 0.0561 0 111 18 154
chair 0.0267 0 110 34 185
chair 0.0060 0 2 18 48
chair 0.0025 76 180 89 200
chair 0.0019 1 161 159 271
chair 0.0017 0 23 13 45
chair 0.0013 112 220 132 244
chair 0.0012 86 1 121 33
