person 0.8373 66 276 81 311
person 0.4953 109 274 121 312
person 0.2679 235 270 245 303
person 0.2567 152 281 163 305
person 0.2192 187 278 199 306
person 0.1932 195 275 203 305
person 0.1305 323 281 329 294
person 0.1258 120 274 131 310
person 0.1237 254 274 261 299
person 0.1170 211 272 222 301
person 0.1166 204 271 213 306
person 0.1016 293 274 299 296
person 0.0977 322 277 331 288
person 0.0918 262 279 270 298
person 0.0871 312 280 318 295
person 0.0646 148 282 156 307
person 0.0631 236 269 243 278
person 0.0607 153 281 162 294
person 0.0574 443 280 448 294
person 0.0408 309 276 319 295
person 0.0351 419 288 423 297
person 0.0319 230 275 236 303
person 0.0297 163 280 176 304
person 0.0226 362 276 367 285
person 0.0211 216 273 223 301
person 0.0154 230 287 235 303
person 0.0144 277 278 288 295
person 0.0131 265 280 273 298
person 0.0127 357 269 366 281
person 0.0119 143 282 154 307
person 0.0112 341 261 347 270
person 0.0111 155 292 166 305
person 0.0094 457 280 463 292
person 0.0088 223 281 230 303
person 0.0084 243 290 253 303
person 0.0080 227 274 240 303
person 0.0068 483 282 491 296
person 0.0061 218 287 223 301
person 0.0059 207 283 214 305
person 0.0057 149 281 154 291
person 0.0054 351 257 357 272
person 0.0054 336 263 341 269
person 0.0053 226 286 233 302
person 0.0051 188 290 198 306
person 0.0050 226 274 234 297
person 0.0050 65 278 74 302
person 0.0047 474 282 481 294
person 0.0045 211 273 219 284
person 0.0044 309 277 328 293
person 0.0043 353 264 357 273
person 0.0043 365 265 369 272
person 0.0037 457 281 465 294
person 0.0037 243 280 254 303
person 0.0035 223 275 228 296
person 0.0032 198 275 210 307
person 0.0032 356 263 360 272
person 0.0029 427 264 432 273
person 0.0028 366 266 371 273
person 0.0028 400 282 405 289
person 0.0027 309 280 315 294
person 0.0026 65 278 73 288
person 0.0026 208 272 217 302
person 0.0024 282 274 287 288
person 0.0019 171 280 183 303
person 0.0019 313 288 317 295
person 0.0019 236 289 242 303
person 0.0017 413 267 417 277
person 0.0017 370 265 374 272
person 0.0015 289 276 293 291
person 0.0014 195 272 216 307
person 0.0013 463 280 492 295
person 0.0012 139 285 147 307
person 0.0012 188 278 196 294
person 0.0012 482 302 486 309
person 0.0012 207 267 213 279
person 0.0010 215 272 221 285
bicycle 0.0091 323 281 329 293
bicycle 0.0086 244 291 253 302
bicycle 0.0029 324 287 329 295
bicycle 0.0021 188 290 198 307
bicycle 0.0012 261 285 270 298
car 0.5625 457 281 481 294
car 0.4613 372 276 403 290
car 0.2688 356 272 366 281
car 0.1767 486 283 499 296
car 0.1692 326 280 334 288
car 0.1377 313 277 334 288
car 0.1188 306 276 322 282
car 0.0984 315 278 326 288
car 0.0747 457 278 499 294
car 0.0560 306 276 315 281
car 0.0353 307 276 329 284
car 0.0164 308 276 320 294
car 0.0118 0 288 9 301
car 0.0062 397 280 404 289
car 0.0059 275 280 288 296
car 0.0054 331 274 338 281
car 0.0029 390 276 403 285
car 0.0025 360 275 369 285
car 0.0023 328 275 340 286
car 0.0021 465 271 475 277
car 0.0021 432 265 439 273
car 0.0018 434 267 439 274
car 0.0018 475 281 494 296
car 0.0016 331 263 338 269
car 0.0014 398 278 405 284
car 0.0013 338 264 342 270
car 0.0013 288 276 332 294
car 0.0011 444 268 451 274
car 0.0011 296 267 302 274
car 0.0010 355 273 361 281
car 0.0010 372 276 387 290
aeroplane 0.0118 2 37 473 372
aeroplane 0.0031 0 37 462 179
bird 0.0256 460 21 500 33
bird 0.0021 92 61 162 100
dog 0.0034 109 305 119 312
horse 0.0072 228 271 243 303
