person 0.9577 116 29 367 329
person 0.7133 429 37 499 166
person 0.0292 463 37 499 160
person 0.0047 430 105 499 166
person 0.0027 442 0 499 45
person 0.0018 479 28 499 125
person 0.0010 487 0 500 29
cat 0.0013 430 110 499 169
cat 0.0010 479 28 499 122
dog 0.0237 483 107 500 169
dog 0.0200 430 108 499 167
dog 0.0161 429 44 499 169
dog 0.0048 437 0 499 47
dog 0.0023 484 104 500 142
dog 0.0013 465 10 499 142
dog 0.0011 487 115 499 134
chair 0.5819 0 2 140 215
chair 0.1572 70 12 331 253
chair 0.1529 145 -1 332 186
chair 0.0758 53 0 140 52
chair 0.0746 0 0 141 98
chair 0.0136 0 75 15 149
chair 0.0121 0 76 57 152
chair 0.0120 144 0 307 52
chair 0.0114 0 0 63 52
chair 0.0089 0 4 75 149
chair 0.0082 71 35 195 252
chair 0.0079 145 0 216 44
chair 0.0053 0 76 9 104
chair 0.0039 0 66 13 108
chair 0.0022 2 82 103 217
chair 0.0022 139 0 322 100
chair 0.0018 0 44 67 98
chair 0.0016 0 0 55 22
chair 0.0016 137 0 187 49
chair 0.0014 115 143 171 252
chair 0.0014 62 0 107 50
chair 0.0013 0 11 13 107
chair 0.0011 313 2 335 60
chair 0.0011 -4 0 123 50
diningtable 0.0141 0 45 90 96
diningtable 0.0056 0 68 56 151
diningtable 0.0010 0 11 138 98
