person 0.9044 10 52 469 289
person 0.0033 323 163 487 304
person 0.0013 476 236 499 333
bottle 0.3294 255 224 379 306
chair 0.7928 326 162 415 252
chair 0.2572 283 2 498 291
chair 0.0596 476 287 499 332
chair 0.0152 446 93 499 292
chair 0.0111 481 222 499 295
chair 0.0062 345 88 499 290
chair 0.0029 331 179 373 208
chair 0.0025 468 169 499 292
chair 0.0013 308 162 483 301
chair 0.0012 9 146 105 236
chair 0.0010 0 146 106 172
chair 0.0010 477 238 499 334
diningtable 0.7070 1 184 494 328
diningtable 0.0783 475 288 499 331
diningtable 0.0036 0 146 105 327
diningtable 0.0017 4 141 407 276
diningtable 0.0014 98 221 337 316
diningtable 0.0010 7 146 106 235
