person 0.0204 305 151 327 170
person 0.0054 256 131 276 167
person 0.0044 347 154 365 173
person 0.0033 145 133 175 164
person 0.0021 150 131 160 138
person 0.0020 358 154 373 166
person 0.0019 259 131 276 151
person 0.0017 322 150 337 171
person 0.0014 276 137 295 168
person 0.0014 386 146 400 173
person 0.0011 371 154 387 167
person 0.0010 405 150 423 174
person 0.0010 492 158 500 173
person 0.0010 46 106 65 141
person 0.0010 81 127 129 163
bus 0.9622 14 79 494 270
bus 0.6763 482 142 499 238
bus 0.0143 12 81 495 160
bus 0.0040 15 215 492 272
bus 0.0031 484 141 499 163
bus 0.0025 488 141 500 154
bus 0.0012 482 144 499 176
bus 0.0011 483 114 500 206
chair 0.0588 231 146 251 167
chair 0.0401 209 146 250 167
chair 0.0298 248 150 277 168
chair 0.0187 188 145 206 165
chair 0.0125 246 150 262 167
chair 0.0117 305 150 327 169
chair 0.0092 146 139 175 164
chair 0.0067 179 144 211 166
chair 0.0049 209 147 225 166
chair 0.0048 409 151 436 175
chair 0.0041 294 152 312 164
chair 0.0040 346 154 365 173
chair 0.0039 201 145 214 165
chair 0.0032 82 128 122 162
chair 0.0025 231 145 247 150
chair 0.0022 89 146 120 161
chair 0.0020 419 157 435 175
chair 0.0016 204 129 224 166
chair 0.0014 358 154 374 171
chair 0.0013 405 151 424 175
chair 0.0011 82 127 158 165
chair 0.0011 366 154 388 172
