person 0.8425 390 2 453 99
person 0.5779 465 23 499 87
person 0.4750 354 6 376 53
person 0.3756 359 0 398 61
person 0.2459 466 6 500 61
person 0.2267 462 13 478 40
person 0.2043 342 1 358 41
person 0.1926 443 13 459 39
person 0.0956 487 6 500 23
person 0.0897 371 1 419 63
person 0.0709 0 0 53 54
person 0.0548 351 0 366 30
person 0.0472 488 5 499 38
person 0.0463 492 16 499 52
person 0.0338 340 22 351 46
person 0.0327 358 6 377 34
person 0.0316 0 1 22 53
person 0.0190 380 0 397 18
person 0.0161 387 2 455 189
person 0.0142 315 1 339 48
person 0.0138 495 22 500 56
person 0.0119 343 0 352 19
person 0.0105 338 3 351 48
person 0.0087 496 38 500 56
person 0.0071 398 3 422 49
person 0.0065 475 17 480 23
person 0.0055 383 0 413 31
person 0.0052 395 0 408 13
person 0.0048 0 0 25 21
person 0.0047 28 0 54 20
person 0.0043 493 48 500 83
person 0.0039 494 37 500 68
person 0.0036 375 3 383 19
person 0.0031 0 1 52 148
person 0.0031 497 0 500 8
person 0.0029 294 0 337 49
person 0.0029 345 6 376 71
person 0.0028 351 0 366 12
person 0.0027 460 16 466 29
person 0.0026 454 10 479 69
person 0.0026 387 22 418 70
person 0.0024 396 0 420 29
person 0.0023 386 50 404 92
person 0.0023 465 22 488 66
person 0.0023 0 0 6 19
person 0.0022 460 14 473 31
person 0.0022 454 14 461 28
person 0.0021 362 4 404 97
person 0.0021 417 0 431 7
person 0.0021 467 53 500 103
person 0.0021 495 44 500 61
person 0.0019 450 28 462 41
person 0.0019 440 1 454 28
person 0.0018 387 50 404 72
person 0.0017 378 0 400 44
person 0.0017 464 19 478 59
person 0.0016 0 2 34 107
person 0.0016 402 0 432 31
person 0.0016 482 23 499 57
person 0.0016 476 5 498 24
person 0.0014 455 14 470 40
person 0.0014 481 43 499 84
person 0.0014 464 14 476 26
person 0.0014 19 0 67 49
person 0.0013 358 0 367 6
person 0.0013 0 0 53 21
person 0.0013 304 0 331 18
person 0.0012 293 1 313 48
person 0.0011 373 14 406 56
person 0.0010 442 0 453 13
person 0.0010 407 0 433 16
car 0.0074 0 231 497 366
motorbike 0.9504 7 -1 465 340
motorbike 0.7444 405 79 499 187
motorbike 0.7156 19 0 340 51
motorbike 0.7116 473 147 499 222
motorbike 0.1790 451 54 500 103
motorbike 0.1303 0 119 30 204
motorbike 0.0728 0 0 340 206
motorbike 0.0432 456 22 499 89
motorbike 0.0334 467 69 499 222
motorbike 0.0263 0 20 33 207
motorbike 0.0205 444 40 466 81
motorbike 0.0181 446 27 466 60
motorbike 0.0145 0 122 36 258
motorbike 0.0120 450 37 465 59
motorbike 0.0114 0 17 22 55
motorbike 0.0109 296 0 339 50
motorbike 0.0071 1 0 186 51
motorbike 0.0064 464 56 499 154
motorbike 0.0056 452 55 469 80
motorbike 0.0051 466 80 499 102
motorbike 0.0033 0 1 140 204
motorbike 0.0033 444 53 457 78
motorbike 0.0032 450 30 464 52
motorbike 0.0028 460 43 485 86
motorbike 0.0028 0 221 497 337
motorbike 0.0025 0 2 51 154
motorbike 0.0021 1 74 236 200
motorbike 0.0020 354 27 499 203
motorbike 0.0019 0 8 23 101
motorbike 0.0019 406 8 494 99
motorbike 0.0016 450 28 462 41
motorbike 0.0016 0 202 15 252
motorbike 0.0016 477 85 499 105
motorbike 0.0012 387 66 401 93
motorbike 0.0012 454 39 470 56
motorbike 0.0012 466 62 499 92
motorbike 0.0010 0 151 10 207
chair 0.0079 0 38 27 160
chair 0.0019 1 61 26 107
chair 0.0014 0 2 57 190
