person 0.9178 288 111 401 282
person 0.0277 185 80 221 162
person 0.0129 365 82 382 115
person 0.0129 175 72 245 163
person 0.0042 232 61 287 96
person 0.0020 495 121 499 137
person 0.0014 213 50 252 71
person 0.0012 191 118 219 161
person 0.0012 386 196 403 222
person 0.0011 226 50 240 63
person 0.0010 281 91 290 101
bicycle 0.9521 235 181 406 315
bicycle 0.2954 75 47 181 104
bicycle 0.0079 0 14 5 32
bicycle 0.0072 75 50 122 97
bicycle 0.0015 380 195 402 222
car 0.0551 145 69 217 110
car 0.0306 76 45 199 106
car 0.0243 183 65 278 130
car 0.0153 0 15 20 53
car 0.0152 144 80 193 110
car 0.0124 228 65 287 99
car 0.0122 121 54 185 108
car 0.0104 58 13 109 60
car 0.0100 333 78 391 115
car 0.0085 0 37 21 54
car 0.0061 281 95 290 101
car 0.0060 0 15 5 32
car 0.0052 0 5 109 66
car 0.0047 184 69 225 125
car 0.0043 282 68 287 73
car 0.0038 227 64 287 130
car 0.0030 201 70 243 91
car 0.0027 262 89 291 101
car 0.0024 333 61 425 114
car 0.0024 331 85 367 114
car 0.0022 2 35 101 63
car 0.0021 230 76 274 110
car 0.0019 142 67 252 127
car 0.0017 334 96 350 105
car 0.0016 461 109 477 121
car 0.0016 280 90 290 102
car 0.0015 181 69 216 95
car 0.0014 217 85 268 134
car 0.0014 389 134 479 150
car 0.0014 179 96 216 129
car 0.0013 13 40 20 50
car 0.0012 0 19 6 53
car 0.0012 335 96 344 104
car 0.0011 62 12 107 35
boat 0.0122 179 61 287 125
boat 0.0081 204 56 287 96
boat 0.0030 208 45 253 80
boat 0.0021 207 67 248 89
boat 0.0013 210 51 248 70
boat 0.0010 333 60 425 116
boat 0.0010 162 31 304 130
bird 0.0022 13 40 20 48
bottle 0.0010 388 196 402 222
