car 0.0055 112 22 143 35
bird 0.0976 142 20 174 65
bird 0.0037 110 21 174 67
bird 0.0031 1 58 82 210
cat 0.8680 162 67 324 235
cat 0.0029 67 55 391 241
cat 0.0021 1 60 63 258
cat 0.0010 0 65 178 238
chair 0.0225 8 -4 498 285
chair 0.0014 434 0 500 106
chair 0.0012 1 58 83 211
chair 0.0010 -1 80 219 230
pottedplant 0.0436 315 0 458 189
pottedplant 0.0075 184 2 479 200
pottedplant 0.0044 105 4 498 300
pottedplant 0.0036 106 20 175 70
pottedplant 0.0029 53 1 177 73
diningtable 0.0023 0 234 499 367
