person 0.9221 224 53 310 320
person 0.8930 155 64 241 328
person 0.8892 2 116 30 177
person 0.8663 471 84 499 279
person 0.8386 27 117 43 176
person 0.7528 87 55 500 371
person 0.3609 100 131 109 148
person 0.2677 4 121 14 152
person 0.0694 137 132 146 140
person 0.0633 415 93 451 224
person 0.0601 2 121 15 171
person 0.0578 419 92 443 129
person 0.0336 0 130 8 153
person 0.0218 0 113 9 132
person 0.0161 0 115 5 136
person 0.0069 426 90 499 287
person 0.0052 11 118 15 128
person 0.0051 278 48 498 342
person 0.0048 230 37 234 43
person 0.0047 92 134 114 153
person 0.0046 117 135 134 140
person 0.0045 101 137 107 146
person 0.0040 -45 21 338 359
person 0.0038 87 307 222 372
person 0.0032 81 129 89 136
person 0.0032 70 136 85 144
person 0.0028 465 163 475 186
person 0.0028 492 259 499 281
person 0.0026 0 143 7 160
person 0.0024 80 137 100 146
person 0.0024 37 115 45 133
person 0.0021 429 152 451 217
person 0.0019 30 117 37 126
person 0.0018 84 222 500 370
person 0.0018 76 136 90 144
person 0.0017 220 36 224 42
person 0.0016 28 117 39 140
person 0.0015 100 130 107 136
person 0.0014 14 117 29 140
person 0.0014 121 139 135 148
person 0.0014 2 151 17 176
person 0.0014 472 84 499 150
person 0.0013 9 117 16 134
person 0.0013 5 116 28 129
person 0.0012 475 231 500 281
person 0.0011 481 249 499 282
person 0.0011 56 127 63 135
person 0.0011 132 132 136 139
person 0.0010 490 83 499 112
person 0.0010 411 91 444 148
car 0.8641 114 139 165 169
car 0.7769 48 136 85 155
car 0.7587 450 150 475 172
car 0.7515 62 137 98 158
car 0.7238 88 138 135 163
car 0.6581 39 135 59 153
car 0.6519 432 152 451 201
car 0.5226 443 149 464 168
car 0.4037 77 137 113 161
car 0.2067 144 132 158 139
car 0.1054 0 128 6 150
car 0.0917 113 137 136 148
car 0.0370 150 151 173 171
car 0.0358 148 139 177 172
car 0.0337 0 138 7 151
car 0.0272 47 121 64 135
car 0.0251 434 141 453 153
car 0.0222 2 113 45 129
car 0.0188 0 112 10 133
car 0.0098 416 150 450 219
car 0.0092 435 143 443 153
car 0.0067 415 97 451 231
car 0.0060 46 142 59 153
car 0.0058 0 111 7 125
car 0.0055 115 135 131 140
car 0.0050 28 137 43 154
car 0.0043 156 120 167 133
car 0.0043 106 138 119 148
car 0.0037 74 137 102 147
car 0.0032 105 138 130 149
car 0.0032 61 142 76 156
car 0.0029 112 140 135 163
car 0.0019 113 136 145 155
car 0.0019 447 148 507 174
car 0.0018 456 150 472 158
car 0.0017 141 137 165 151
car 0.0017 0 110 7 115
car 0.0016 63 136 86 146
car 0.0015 459 148 474 196
car 0.0015 34 114 47 134
car 0.0013 446 153 460 169
car 0.0013 435 152 450 179
car 0.0012 27 121 43 168
car 0.0010 48 143 67 155
bus 0.0075 156 120 167 133
bus 0.0044 0 111 8 128
bus 0.0013 114 119 138 138
