person 0.7883 340 179 355 208
person 0.7389 99 187 110 213
person 0.7147 71 184 88 219
person 0.6780 177 181 189 209
person 0.6466 215 185 231 220
person 0.4394 291 176 305 207
person 0.4351 116 223 137 246
person 0.3622 305 191 314 217
person 0.3354 388 187 407 214
person 0.2528 313 193 323 204
person 0.1516 250 226 275 249
person 0.0322 451 199 458 213
person 0.0322 306 192 314 205
person 0.0271 442 200 450 213
person 0.0249 311 193 326 215
person 0.0231 191 194 207 209
person 0.0228 309 192 317 204
person 0.0212 215 184 231 203
person 0.0170 393 188 407 204
person 0.0165 446 98 453 108
person 0.0149 160 205 174 219
person 0.0135 122 206 142 220
person 0.0110 427 202 433 213
person 0.0110 253 191 261 206
person 0.0101 439 96 445 108
person 0.0094 159 204 167 211
person 0.0078 129 224 136 233
person 0.0068 294 176 304 189
person 0.0066 116 206 121 213
person 0.0063 195 187 206 206
person 0.0061 71 191 78 209
person 0.0059 135 207 141 219
person 0.0056 155 214 160 223
person 0.0054 163 200 175 211
person 0.0052 193 234 198 240
person 0.0049 159 203 173 211
person 0.0043 178 182 188 191
person 0.0043 148 204 154 212
person 0.0039 143 204 153 212
person 0.0037 440 97 452 108
person 0.0036 197 233 204 240
person 0.0033 434 201 439 213
person 0.0032 85 187 97 216
person 0.0030 87 178 105 209
person 0.0027 123 207 131 214
person 0.0026 348 202 363 212
person 0.0026 364 220 368 224
person 0.0026 109 198 121 212
person 0.0026 91 220 96 225
person 0.0024 92 189 107 212
person 0.0023 495 87 499 93
person 0.0021 133 205 146 219
person 0.0020 247 143 252 147
person 0.0020 474 94 487 103
person 0.0020 141 183 146 191
person 0.0020 488 102 500 111
person 0.0019 252 170 257 177
person 0.0018 260 93 267 110
person 0.0018 165 223 188 246
person 0.0018 118 222 131 233
person 0.0018 260 114 265 121
person 0.0017 188 232 195 241
person 0.0017 139 204 175 219
person 0.0015 306 196 335 216
person 0.0015 102 187 109 195
person 0.0015 140 185 149 204
person 0.0015 300 189 306 207
person 0.0015 117 207 123 214
person 0.0014 136 205 142 214
person 0.0014 435 201 448 214
person 0.0014 252 227 262 246
person 0.0014 158 180 203 207
person 0.0013 152 203 168 211
person 0.0013 410 96 414 106
person 0.0013 436 200 441 209
person 0.0012 128 224 136 241
person 0.0012 380 231 392 247
person 0.0012 351 188 356 200
person 0.0012 200 187 206 195
person 0.0011 423 202 434 214
person 0.0011 72 185 86 198
person 0.0010 388 187 401 204
person 0.0010 139 186 153 213
person 0.0010 74 203 88 219
person 0.0010 423 219 430 225
car 0.3060 470 91 499 105
car 0.1692 305 101 321 106
car 0.1172 260 108 269 114
car 0.1126 328 101 351 106
car 0.0199 355 102 366 106
car 0.0192 327 102 342 106
car 0.0093 489 103 500 111
car 0.0074 236 98 256 103
car 0.0064 395 96 407 106
car 0.0049 272 100 294 105
car 0.0043 271 99 285 104
car 0.0039 217 96 226 101
car 0.0032 472 97 498 109
car 0.0032 210 96 219 101
car 0.0026 178 96 197 102
car 0.0024 166 96 177 100
car 0.0022 355 96 371 106
car 0.0021 337 96 367 106
car 0.0020 338 100 366 106
car 0.0020 178 97 188 101
car 0.0019 206 96 216 101
car 0.0018 222 98 234 103
car 0.0017 206 95 225 102
car 0.0016 338 100 352 107
car 0.0013 321 101 333 105
car 0.0011 260 103 269 115
aeroplane 0.0198 146 148 310 214
boat 0.6637 63 197 464 250
boat 0.4669 60 1 467 254
boat 0.0365 125 4 351 213
boat 0.0340 62 142 465 251
boat 0.0324 67 65 141 226
boat 0.0314 143 153 304 211
boat 0.0263 59 202 280 247
boat 0.0040 143 184 185 207
boat 0.0028 163 221 278 249
boat 0.0027 73 74 113 240
boat 0.0022 93 131 118 189
boat 0.0022 62 62 194 245
boat 0.0019 389 201 461 249
boat 0.0015 154 202 363 249
boat 0.0015 65 218 138 245
boat 0.0014 260 93 267 113
boat 0.0014 62 206 183 246
boat 0.0014 248 227 274 248
boat 0.0014 1 104 78 125
boat 0.0013 147 182 267 209
boat 0.0012 242 0 269 178
bird 0.0028 94 175 108 183
chair 0.0010 258 191 287 207
