person 0.8868 232 0 499 305
person 0.8049 0 2 366 328
person 0.1240 0 2 180 295
person 0.0868 220 258 370 324
person 0.0692 1 197 369 328
person 0.0014 0 0 56 104
person 0.0010 0 99 26 270
dog 0.9492 294 111 500 330
bottle 0.9162 174 175 305 267
chair 0.0064 0 222 11 266
chair 0.0052 0 103 24 143
chair 0.0048 0 222 24 269
chair 0.0020 0 78 8 103
chair 0.0015 458 184 493 241
chair 0.0011 0 104 33 271
diningtable 0.0429 443 319 499 332
tvmonitor 0.0070 0 1 23 104
tvmonitor 0.0020 0 0 54 103
tvmonitor 0.0013 0 102 32 268
