person 0.0122 78 18 102 39
person 0.0057 13 28 19 37
person 0.0055 285 22 311 39
person 0.0052 376 21 382 45
person 0.0040 317 60 336 84
person 0.0039 0 41 14 56
person 0.0036 362 18 381 44
person 0.0035 333 23 341 39
person 0.0034 381 31 393 45
person 0.0030 302 63 337 103
person 0.0022 453 31 463 39
person 0.0020 70 29 83 40
person 0.0018 92 18 112 39
person 0.0015 400 27 409 35
person 0.0015 370 19 385 45
person 0.0013 480 21 494 39
person 0.0012 448 30 457 38
person 0.0010 442 29 449 38
car 0.9355 13 38 486 252
car 0.9128 390 26 479 59
car 0.8268 475 19 499 76
car 0.7812 3 10 207 91
car 0.5507 334 22 364 42
car 0.3611 0 23 59 51
car 0.2870 339 30 363 42
car 0.1566 21 24 59 36
car 0.0690 0 22 59 79
car 0.0688 0 36 28 80
car 0.0459 0 34 32 53
car 0.0343 336 21 391 44
car 0.0256 30 20 59 32
car 0.0245 479 19 500 39
car 0.0130 0 36 16 52
car 0.0097 0 48 16 82
car 0.0075 16 27 38 38
car 0.0075 18 29 33 37
car 0.0073 0 35 12 45
car 0.0051 285 21 311 39
car 0.0047 45 21 58 29
car 0.0045 361 19 393 45
car 0.0038 0 43 9 56
car 0.0034 0 2 23 37
car 0.0031 34 18 59 27
car 0.0031 6 158 491 252
car 0.0030 43 25 60 35
car 0.0020 474 38 483 62
car 0.0016 254 10 292 35
car 0.0016 390 28 428 48
car 0.0016 0 55 5 83
car 0.0016 381 31 393 45
car 0.0015 0 44 7 63
car 0.0011 0 38 10 76
car 0.0010 8 38 489 128
