bottle 0.1853 279 174 287 193
bottle 0.1596 171 167 178 189
bottle 0.0864 263 218 270 230
bottle 0.0252 492 131 500 159
bottle 0.0154 181 177 187 186
bottle 0.0105 486 132 492 158
bottle 0.0082 221 180 235 209
bottle 0.0039 461 183 467 194
bottle 0.0020 483 161 499 230
bottle 0.0019 487 97 499 126
bottle 0.0015 487 111 498 158
chair 0.9220 0 259 42 302
chair 0.8496 148 247 209 279
chair 0.8130 242 230 287 329
chair 0.7664 220 283 268 374
chair 0.6990 274 213 307 226
chair 0.6922 154 307 232 375
chair 0.4688 319 223 350 316
chair 0.1956 260 286 276 351
chair 0.1919 215 218 241 272
chair 0.1565 298 223 344 320
chair 0.1490 487 288 499 373
chair 0.1276 414 211 474 311
chair 0.1096 277 219 330 268
chair 0.0899 279 229 329 325
chair 0.0649 194 202 267 266
chair 0.0608 219 221 252 283
chair 0.0598 232 214 257 229
chair 0.0530 10 354 39 375
chair 0.0476 220 218 235 234
chair 0.0299 170 187 199 251
chair 0.0217 221 304 242 369
chair 0.0208 232 206 264 229
chair 0.0190 486 288 499 313
chair 0.0178 274 217 324 238
chair 0.0130 233 221 264 232
chair 0.0087 223 245 247 282
chair 0.0075 337 223 351 296
chair 0.0070 156 335 198 375
chair 0.0067 222 221 290 265
chair 0.0067 193 305 232 373
chair 0.0061 320 268 338 316
chair 0.0055 295 219 330 243
chair 0.0050 240 221 261 228
chair 0.0046 151 351 182 375
chair 0.0044 226 220 329 325
chair 0.0041 443 211 474 253
chair 0.0034 316 227 330 264
chair 0.0033 22 340 51 374
chair 0.0033 223 298 256 363
chair 0.0031 243 271 279 353
chair 0.0028 216 210 271 257
chair 0.0027 253 286 267 356
chair 0.0026 221 218 261 231
chair 0.0025 79 267 116 278
chair 0.0025 329 223 350 262
chair 0.0025 414 212 474 259
chair 0.0024 147 279 273 375
chair 0.0022 491 311 499 374
chair 0.0020 221 222 283 242
chair 0.0016 278 224 298 236
chair 0.0016 427 262 470 318
chair 0.0015 268 218 290 228
chair 0.0015 349 201 365 260
chair 0.0014 266 289 276 334
chair 0.0013 312 227 331 291
chair 0.0013 0 286 10 303
chair 0.0012 0 279 20 302
chair 0.0012 248 283 269 339
chair 0.0011 210 217 225 266
chair 0.0011 234 297 255 338
chair 0.0010 231 197 260 220
sofa 0.0141 485 288 500 372
sofa 0.0090 414 211 474 311
pottedplant 0.6576 88 94 134 137
pottedplant 0.4910 312 180 326 193
pottedplant 0.0464 69 97 90 136
pottedplant 0.0377 298 183 306 192
pottedplant 0.0109 490 132 500 159
pottedplant 0.0034 122 126 170 139
pottedplant 0.0013 87 106 169 143
diningtable 0.8822 0 267 268 373
diningtable 0.7229 218 221 328 324
diningtable 0.1868 183 198 269 268
diningtable 0.1295 218 220 329 263
diningtable 0.0328 279 221 331 323
diningtable 0.0226 183 197 269 222
diningtable 0.0153 219 220 298 241
diningtable 0.0080 486 288 500 311
diningtable 0.0067 228 217 313 234
diningtable 0.0042 230 204 269 230
diningtable 0.0033 231 229 298 242
diningtable 0.0029 227 221 292 231
diningtable 0.0027 7 266 259 307
diningtable 0.0024 1 303 176 373
diningtable 0.0012 -7 234 295 339
diningtable 0.0011 169 190 208 267
