person 0.2141 300 141 311 152
person 0.0493 201 147 217 171
person 0.0157 115 133 141 155
person 0.0149 282 145 288 156
person 0.0141 307 142 320 152
person 0.0130 112 132 131 153
person 0.0108 128 132 150 156
person 0.0085 295 140 306 152
person 0.0083 326 143 342 155
person 0.0078 151 135 189 160
person 0.0070 311 141 328 153
person 0.0053 94 145 104 163
person 0.0049 145 136 175 158
person 0.0046 126 130 175 157
person 0.0035 302 140 315 151
person 0.0033 197 226 217 242
person 0.0031 319 142 336 154
person 0.0030 170 133 196 160
person 0.0029 227 148 248 166
person 0.0024 201 146 214 160
person 0.0011 333 145 343 155
bicycle 0.0018 217 97 234 109
car 0.5454 426 147 436 156
car 0.4904 363 144 375 164
car 0.1232 13 154 30 160
car 0.0670 417 146 423 150
car 0.0628 446 142 453 150
car 0.0588 372 147 377 156
car 0.0239 446 136 477 151
car 0.0175 364 144 376 156
car 0.0051 273 116 365 211
car 0.0025 348 129 366 142
car 0.0022 416 144 426 151
car 0.0020 446 138 456 149
bus 0.0209 446 132 479 152
