person 0.9418 192 104 304 238
person 0.0152 11 147 20 172
person 0.0070 13 146 28 172
bicycle 0.0227 273 196 322 245
bicycle 0.0161 305 198 323 236
bicycle 0.0092 272 152 325 245
bicycle 0.0030 303 178 328 236
bottle 0.0048 406 288 419 326
bottle 0.0043 409 307 430 356
bottle 0.0041 403 285 413 319
bottle 0.0025 412 309 426 332
bottle 0.0024 290 218 304 244
bottle 0.0019 300 148 315 158
bottle 0.0019 415 300 427 319
bottle 0.0012 398 285 417 325
bottle 0.0012 401 271 414 308
bottle 0.0011 305 217 316 241
bottle 0.0011 397 251 448 356
chair 0.8521 351 170 406 246
chair 0.0546 208 139 224 170
chair 0.0309 299 112 342 221
chair 0.0239 351 170 378 226
chair 0.0172 179 189 210 226
chair 0.0150 201 191 222 225
chair 0.0102 272 149 322 244
chair 0.0083 272 198 315 245
chair 0.0035 444 156 465 197
chair 0.0030 308 180 336 201
chair 0.0028 305 156 340 206
chair 0.0027 0 245 5 257
chair 0.0026 193 154 307 241
chair 0.0020 193 137 226 202
chair 0.0013 307 173 339 219
chair 0.0010 404 172 414 187
chair 0.0010 272 201 298 241
pottedplant 0.6091 8 23 57 69
pottedplant 0.0037 14 23 55 51
diningtable 0.0886 1 210 389 370
diningtable 0.0042 300 156 333 165
diningtable 0.0042 299 149 340 207
diningtable 0.0012 308 179 335 189
tvmonitor 0.0048 400 193 454 243
tvmonitor 0.0022 423 147 442 168
tvmonitor 0.0014 444 156 465 198
tvmonitor 0.0014 410 239 428 255
tvmonitor 0.0013 401 182 446 221
