person 0.9352 42 254 110 396
person 0.9220 150 151 182 237
person 0.8825 0 208 70 403
car 0.5863 175 159 193 169
car 0.2176 193 154 203 162
car 0.1970 215 155 220 163
car 0.1763 185 151 193 160
car 0.0366 198 153 206 161
car 0.0231 215 154 220 174
car 0.0211 201 153 207 161
car 0.0085 192 152 198 160
car 0.0060 179 151 185 159
car 0.0038 189 151 202 161
car 0.0031 217 155 222 163
car 0.0027 193 157 202 165
car 0.0026 182 150 189 160
car 0.0024 207 142 220 162
car 0.0010 196 159 219 169
bus 0.0068 178 139 200 160
bus 0.0051 206 142 220 160
bus 0.0017 186 140 199 155
bus 0.0015 175 144 197 167
