person 0.9022 82 69 375 452
person 0.0512 287 164 374 479
person 0.0067 351 433 374 474
person 0.0035 291 138 326 292
bottle 0.8979 165 212 224 368
bottle 0.0060 182 212 223 282
chair 0.9347 4 172 175 400
chair 0.6777 14 106 66 173
chair 0.3042 63 110 102 157
chair 0.2889 0 180 13 390
chair 0.2852 66 109 101 131
chair 0.1977 64 94 133 176
chair 0.1816 16 104 50 119
chair 0.1695 133 138 164 173
chair 0.1628 288 276 374 473
chair 0.1006 0 178 42 287
chair 0.0935 14 104 51 143
chair 0.0932 34 110 102 172
chair 0.0915 0 181 37 388
chair 0.0655 312 268 337 289
chair 0.0163 319 88 374 256
chair 0.0150 132 158 160 172
chair 0.0144 102 93 119 127
chair 0.0132 0 177 13 271
chair 0.0127 293 274 318 312
chair 0.0112 75 172 174 277
chair 0.0086 298 191 328 284
chair 0.0083 4 235 41 271
chair 0.0078 6 230 40 248
chair 0.0067 135 137 158 159
chair 0.0057 35 110 109 131
chair 0.0045 98 219 275 381
chair 0.0044 107 114 145 164
chair 0.0031 281 115 309 163
chair 0.0031 5 342 140 390
chair 0.0028 299 260 314 277
chair 0.0027 312 268 319 288
chair 0.0027 153 138 164 172
chair 0.0026 0 173 170 288
chair 0.0024 -8 179 20 408
chair 0.0024 21 114 68 153
chair 0.0020 39 82 375 376
chair 0.0018 299 244 372 289
chair 0.0016 133 139 165 204
chair 0.0016 291 271 337 314
chair 0.0016 282 115 308 126
chair 0.0015 3 269 97 394
chair 0.0015 26 106 67 128
chair 0.0015 299 192 374 292
chair 0.0015 38 104 50 118
chair 0.0014 6 213 41 246
chair 0.0014 0 178 11 228
chair 0.0014 86 206 373 448
chair 0.0013 0 110 16 158
chair 0.0011 95 110 105 128
chair 0.0011 222 196 374 440
chair 0.0010 103 93 118 101
chair 0.0010 -12 178 93 399
chair 0.0010 306 263 373 293
chair 0.0010 104 103 144 143
chair 0.0010 71 109 99 115
pottedplant 0.3066 287 140 328 205
pottedplant 0.0082 327 86 374 153
pottedplant 0.0070 281 114 312 192
pottedplant 0.0048 285 86 374 202
pottedplant 0.0020 287 104 330 290
pottedplant 0.0010 280 98 336 201
pottedplant 0.0010 286 171 305 194
diningtable 0.9058 1 379 372 499
diningtable 0.3287 13 112 104 172
diningtable 0.3193 0 171 94 268
diningtable 0.1650 1 171 95 211
diningtable 0.1121 20 111 97 127
diningtable 0.0659 -4 171 186 213
diningtable 0.0329 16 108 130 134
diningtable 0.0191 1 165 100 359
diningtable 0.0129 4 159 374 263
diningtable 0.0066 293 274 319 310
diningtable 0.0061 47 118 68 152
diningtable 0.0058 19 113 70 153
diningtable 0.0056 2 131 172 217
diningtable 0.0054 1 383 144 499
diningtable 0.0047 46 94 139 169
diningtable 0.0027 6 226 40 247
diningtable 0.0025 39 116 65 127
diningtable 0.0019 1 171 170 286
diningtable 0.0019 165 434 375 499
diningtable 0.0017 0 321 367 417
diningtable 0.0016 2 268 371 472
diningtable 0.0015 39 147 65 172
diningtable 0.0014 -1 180 175 238
diningtable 0.0012 48 121 69 128
diningtable 0.0010 46 118 70 133
