person 0.0021 448 47 499 371
bottle 0.4034 114 106 126 142
chair 0.9620 81 166 239 366
chair 0.9100 378 147 479 297
chair 0.0217 0 212 16 241
chair 0.0093 447 36 499 368
chair 0.0040 445 217 473 292
chair 0.0013 0 240 43 348
chair 0.0012 0 215 14 284
chair 0.0010 0 180 16 241
sofa 0.7623 117 148 358 243
sofa 0.0503 0 212 17 241
sofa 0.0451 378 146 480 292
sofa 0.0070 85 148 375 343
sofa 0.0036 445 40 499 372
diningtable 0.3376 216 203 414 334
diningtable 0.0334 0 212 16 241
diningtable 0.0263 0 239 43 347
diningtable 0.0097 256 200 381 280
diningtable 0.0019 0 240 41 281
diningtable 0.0017 143 174 421 301
tvmonitor 0.0152 36 30 144 131
tvmonitor 0.0078 225 112 257 138
tvmonitor 0.0047 459 34 499 355
tvmonitor 0.0039 0 2 15 133
tvmonitor 0.0025 161 18 251 128
tvmonitor 0.0018 35 11 254 133
