person 0.8648 264 58 425 226
person 0.8621 62 65 192 233
person 0.0062 82 57 445 239
person 0.0051 0 159 20 207
person 0.0024 0 160 15 188
person 0.0011 0 155 9 184
person 0.0010 0 107 83 239
cat 0.2824 0 166 81 247
cat 0.0100 15 160 44 206
cat 0.0098 0 178 33 209
dog 0.0314 0 161 82 247
chair 0.0103 379 203 401 225
diningtable 0.6389 2 226 499 329
diningtable 0.0144 50 194 481 259
diningtable 0.0086 0 228 213 262
diningtable 0.0052 378 223 499 244
diningtable 0.0024 203 221 498 248
diningtable 0.0011 0 185 454 303
