person 0.0031 155 64 200 98
person 0.0030 0 94 16 282
person 0.0012 477 292 499 331
person 0.0010 0 209 5 243
bicycle 0.0124 0 212 17 277
car 0.8818 254 1 499 137
car 0.5691 52 47 440 321
car 0.0252 0 216 18 326
car 0.0123 255 57 276 80
car 0.0054 430 8 499 137
car 0.0029 289 0 496 61
car 0.0027 0 257 23 332
car 0.0023 248 72 306 90
car 0.0022 411 0 499 32
car 0.0016 0 207 16 274
car 0.0015 246 52 442 187
car 0.0012 255 57 300 80
motorbike 0.0264 0 213 19 332
motorbike 0.0124 0 212 17 277
motorbike 0.0023 0 98 31 325
motorbike 0.0019 0 142 16 298
motorbike 0.0014 0 210 39 331
chair 0.5394 38 136 59 183
chair 0.0115 0 220 17 276
chair 0.0036 0 234 17 308
chair 0.0014 0 241 14 272
pottedplant 0.5728 0 100 30 191
pottedplant 0.4737 99 40 145 67
pottedplant 0.1176 0 100 16 140
pottedplant 0.0861 234 1 288 66
pottedplant 0.0074 98 40 145 103
pottedplant 0.0044 -1 90 15 263
pottedplant 0.0035 97 40 188 70
pottedplant 0.0029 0 100 17 175
pottedplant 0.0016 88 40 180 135
pottedplant 0.0015 0 97 30 286
pottedplant 0.0015 0 32 35 195
