car 0.7526 63 335 90 345
car 0.7511 21 335 47 346
car 0.2220 0 326 15 334
car 0.0473 473 232 482 238
car 0.0455 460 240 471 246
car 0.0376 464 241 474 248
car 0.0275 492 335 499 340
car 0.0191 482 333 495 340
car 0.0165 160 339 181 346
car 0.0122 31 294 50 301
car 0.0117 333 245 345 249
car 0.0081 324 244 345 249
car 0.0075 140 337 154 347
car 0.0071 96 216 103 222
car 0.0067 320 239 333 246
car 0.0065 140 337 179 347
car 0.0052 270 275 283 284
car 0.0048 44 331 70 344
car 0.0047 263 269 278 276
car 0.0040 159 339 169 345
car 0.0034 371 239 379 245
car 0.0032 85 333 145 345
car 0.0032 31 336 47 342
car 0.0032 156 234 164 239
car 0.0031 128 336 152 346
car 0.0029 320 239 343 247
car 0.0029 476 225 482 230
car 0.0028 0 326 25 336
car 0.0026 495 243 500 250
car 0.0025 451 243 461 249
car 0.0024 462 238 477 248
car 0.0024 350 242 367 247
car 0.0024 492 223 497 229
car 0.0023 488 224 495 230
car 0.0021 474 230 486 237
car 0.0021 96 214 108 222
car 0.0020 454 239 464 246
car 0.0018 448 243 456 250
car 0.0017 71 350 80 358
car 0.0016 37 336 48 344
car 0.0015 70 328 86 335
car 0.0014 105 214 116 220
car 0.0014 465 247 476 251
car 0.0013 0 328 18 345
car 0.0012 495 221 499 229
car 0.0011 335 242 346 248
aeroplane 0.8075 43 207 467 368
aeroplane 0.2855 428 298 499 341
aeroplane 0.1017 218 242 498 358
aeroplane 0.0618 345 290 499 340
aeroplane 0.0446 223 242 284 291
aeroplane 0.0064 322 252 499 340
aeroplane 0.0051 218 292 455 368
aeroplane 0.0041 136 334 182 348
aeroplane 0.0026 210 283 241 292
aeroplane 0.0023 476 306 499 339
aeroplane 0.0017 42 212 286 339
aeroplane 0.0017 450 228 491 249
aeroplane 0.0017 471 186 499 203
aeroplane 0.0013 225 239 413 300
aeroplane 0.0013 52 212 152 290
pottedplant 0.0011 71 349 80 358
