person 0.0107 392 30 440 73
person 0.0033 460 2 499 226
person 0.0015 486 0 499 23
person 0.0010 496 1 500 22
cat 0.8984 0 47 495 288
cat 0.0014 0 130 28 223
bottle 0.0011 0 133 21 222
chair 0.1205 386 45 472 81
chair 0.0840 456 70 500 258
chair 0.0187 399 49 499 256
chair 0.0026 182 40 473 108
chair 0.0024 154 0 268 85
chair 0.0018 427 44 472 77
chair 0.0014 274 46 500 256
sofa 0.0738 457 63 499 256
sofa 0.0672 -1 265 499 370
sofa 0.0133 434 5 499 256
sofa 0.0012 273 48 500 256
pottedplant 0.0068 391 30 441 72
pottedplant 0.0021 464 0 500 78
pottedplant 0.0017 483 0 500 62
pottedplant 0.0016 486 0 499 26
