person 0.8871 273 149 361 258
person 0.8715 185 139 285 265
person 0.7600 253 101 297 157
person 0.1904 424 160 451 175
person 0.0811 181 145 293 369
person 0.0121 235 101 298 194
person 0.0032 169 139 362 271
person 0.0016 -9 -2 444 391
person 0.0015 295 69 302 85
bottle 0.1361 7 67 15 96
bottle 0.1010 14 67 22 95
bottle 0.0953 0 67 8 96
bottle 0.0810 20 69 27 95
bottle 0.0680 26 69 33 95
bottle 0.0527 265 268 282 307
bottle 0.0505 23 69 30 95
bottle 0.0481 300 266 312 304
bottle 0.0128 0 79 6 96
bottle 0.0088 0 36 4 55
bottle 0.0083 301 266 312 286
bottle 0.0050 8 77 14 96
bottle 0.0043 13 34 20 59
bottle 0.0041 6 37 15 58
bottle 0.0034 177 135 184 144
bottle 0.0030 22 31 34 95
bottle 0.0029 163 5 174 25
bottle 0.0020 15 79 21 95
bottle 0.0019 160 94 175 132
bottle 0.0017 17 30 25 62
bottle 0.0016 280 267 301 305
bottle 0.0016 0 38 8 98
bottle 0.0015 21 80 26 95
bottle 0.0015 0 65 4 83
bottle 0.0011 171 69 180 98
chair 0.7991 82 209 230 373
chair 0.0578 0 136 46 205
chair 0.0496 0 186 60 333
chair 0.0226 0 185 46 203
chair 0.0223 88 128 139 187
chair 0.0075 383 312 468 373
chair 0.0068 347 203 469 372
chair 0.0043 384 110 411 168
chair 0.0041 304 157 313 169
chair 0.0033 0 184 47 225
chair 0.0032 218 182 243 191
chair 0.0032 118 131 140 181
chair 0.0031 155 204 318 370
chair 0.0029 297 200 464 278
chair 0.0023 419 367 465 374
chair 0.0023 0 136 41 163
chair 0.0016 88 129 136 155
chair 0.0015 386 256 470 372
chair 0.0015 0 160 15 191
chair 0.0015 350 200 419 277
chair 0.0015 0 179 49 257
chair 0.0014 0 157 45 191
chair 0.0014 385 162 411 173
chair 0.0013 424 160 450 175
chair 0.0012 2 193 47 210
chair 0.0011 0 117 48 289
chair 0.0011 160 94 175 132
chair 0.0010 319 271 457 374
sofa 0.2280 153 202 466 289
sofa 0.1968 83 207 235 372
sofa 0.1158 122 190 467 365
sofa 0.0407 350 200 471 303
sofa 0.0244 283 199 471 367
sofa 0.0031 0 184 58 332
sofa 0.0021 0 132 45 198
sofa 0.0020 283 199 455 278
sofa 0.0014 400 136 469 173
pottedplant 0.0020 267 28 324 86
pottedplant 0.0020 267 47 296 84
diningtable 0.7806 151 244 449 369
diningtable 0.0028 0 191 61 335
diningtable 0.0021 0 114 40 140
diningtable 0.0015 0 128 43 163
diningtable 0.0011 336 311 456 372
tvmonitor 0.0020 0 17 36 100
