person 0.9608 196 139 305 371
person 0.1284 194 152 208 178
person 0.0809 181 131 196 162
person 0.0214 178 129 197 179
person 0.0120 194 151 208 204
person 0.0113 118 122 131 149
person 0.0100 181 131 190 151
person 0.0069 93 122 136 151
person 0.0066 199 152 207 162
person 0.0025 61 145 76 223
person 0.0017 189 145 209 224
person 0.0013 490 190 499 207
person 0.0011 118 123 130 134
chair 0.2707 434 245 499 372
chair 0.0921 51 86 106 136
chair 0.0818 25 78 106 213
chair 0.0128 204 193 217 213
chair 0.0118 489 349 499 374
chair 0.0059 491 190 499 204
chair 0.0058 57 140 77 222
chair 0.0041 25 80 103 145
chair 0.0040 61 178 76 221
chair 0.0033 202 194 232 227
chair 0.0028 56 141 77 177
chair 0.0027 201 189 215 226
chair 0.0026 98 91 122 151
chair 0.0022 57 137 97 222
chair 0.0021 411 209 499 271
chair 0.0020 57 88 183 223
chair 0.0015 55 125 106 185
chair 0.0013 217 194 234 213
chair 0.0012 442 178 501 216
chair 0.0012 373 166 410 187
chair 0.0011 196 179 205 199
sofa 0.8931 374 157 499 217
sofa 0.6406 434 245 499 372
sofa 0.2792 300 183 420 231
sofa 0.1091 412 209 499 271
sofa 0.0277 489 349 499 374
sofa 0.0099 299 168 495 230
sofa 0.0066 476 191 499 213
sofa 0.0025 402 202 500 371
sofa 0.0015 441 176 500 215
sofa 0.0013 58 143 77 222
pottedplant 0.2586 397 130 430 166
pottedplant 0.0012 398 131 429 147
tvmonitor 0.7018 137 94 182 218
tvmonitor 0.1809 23 70 97 133
tvmonitor 0.0340 156 75 179 102
tvmonitor 0.0139 168 75 179 102
tvmonitor 0.0015 71 94 182 225
tvmonitor 0.0011 27 143 70 193
