person 0.8684 0 19 362 492
person 0.8048 227 99 472 432
person 0.0026 348 216 473 348
person 0.0023 335 221 472 446
person 0.0011 0 284 22 482
chair 0.1961 334 308 472 448
chair 0.0367 0 430 9 480
chair 0.0332 335 306 391 449
chair 0.0233 404 312 472 445
chair 0.0102 411 206 472 242
chair 0.0062 0 383 11 480
chair 0.0046 0 291 6 314
chair 0.0023 0 301 13 483
chair 0.0019 421 314 473 397
chair 0.0016 201 211 240 241
sofa 0.0024 347 157 474 243
sofa 0.0014 411 206 473 243
diningtable 0.3298 2 438 475 499
diningtable 0.0638 1 477 94 499
diningtable 0.0114 -7 352 478 490
diningtable 0.0090 315 442 472 499
diningtable 0.0080 3 468 375 499
diningtable 0.0051 339 469 470 500
diningtable 0.0017 0 473 210 499
diningtable 0.0014 378 444 474 466
diningtable 0.0013 0 439 96 498
tvmonitor 0.0012 337 85 473 204
