person 0.3958 347 209 363 230
person 0.2594 30 297 47 341
person 0.1353 9 301 16 322
person 0.0726 23 273 48 334
person 0.0646 368 206 379 227
person 0.0619 365 207 379 252
person 0.0237 205 185 228 203
person 0.0112 24 272 47 303
person 0.0051 23 280 35 318
person 0.0045 37 299 75 358
person 0.0042 73 188 79 199
person 0.0038 24 281 39 342
person 0.0034 344 209 365 270
person 0.0031 39 280 49 304
person 0.0031 46 304 82 379
person 0.0025 30 260 34 265
person 0.0025 23 280 32 298
person 0.0025 44 253 48 260
person 0.0021 22 274 83 357
person 0.0019 40 316 66 357
person 0.0017 44 255 49 266
person 0.0011 32 272 44 290
person 0.0010 37 311 57 352
car 0.0082 9 294 30 316
car 0.0038 494 344 499 360
car 0.0029 -1 291 29 317
car 0.0013 492 314 499 324
train 0.8711 5 177 497 362
train 0.0935 491 314 499 360
train 0.0667 0 195 81 307
train 0.0315 0 248 79 300
train 0.0119 6 291 496 360
train 0.0090 440 176 499 195
train 0.0075 374 2 499 204
train 0.0050 0 292 26 316
train 0.0038 430 194 499 308
train 0.0030 483 314 500 361
train 0.0023 0 278 47 318
train 0.0022 0 186 175 300
train 0.0012 478 176 499 195
train 0.0010 0 198 82 245
train 0.0010 -3 170 495 238
bird 0.0091 118 13 122 18
bird 0.0015 114 14 123 21
