person 0.9637 0 74 210 371
person 0.9541 250 61 499 370
person 0.9360 85 101 329 371
person 0.0330 484 212 499 349
person 0.0077 252 165 330 366
person 0.0024 142 158 192 357
person 0.0020 465 205 500 363
person 0.0016 488 209 499 297
person 0.0015 154 211 185 370
person 0.0011 318 64 375 344
person 0.0011 85 146 190 368
person 0.0010 125 108 235 382
person 0.0010 435 122 500 337
bottle 0.7998 22 335 77 374
bottle 0.0087 21 342 45 374
bottle 0.0068 23 362 41 374
bottle 0.0016 0 341 8 375
chair 0.0019 407 111 499 275
chair 0.0018 171 170 210 212
chair 0.0014 478 215 500 368
diningtable 0.1716 0 331 79 373
diningtable 0.0712 0 328 35 373
diningtable 0.0015 0 291 83 372
