person 0.2466 63 179 111 283
person 0.0628 107 194 206 291
person 0.0043 113 126 222 296
person 0.0036 192 212 269 293
person 0.0033 425 249 489 371
person 0.0016 63 179 105 228
person 0.0015 217 138 263 171
person 0.0013 142 135 210 172
person 0.0012 0 65 365 351
bird 0.0018 202 0 269 49
cat 0.4710 480 241 499 373
cat 0.0128 428 245 497 370
cat 0.0054 465 168 499 370
cat 0.0048 481 148 499 353
tvmonitor 0.8653 16 31 491 369
tvmonitor 0.0224 1 28 499 101
tvmonitor 0.0040 0 110 19 252
tvmonitor 0.0032 0 28 505 172
tvmonitor 0.0026 404 25 500 368
tvmonitor 0.0024 311 13 499 378
tvmonitor 0.0020 0 80 34 252
tvmonitor 0.0012 203 0 289 49
tvmonitor 0.0010 488 83 499 167
