person 0.0497 479 145 499 241
person 0.0397 411 105 423 126
person 0.0344 478 145 499 171
person 0.0098 492 166 499 239
person 0.0072 410 104 430 134
person 0.0047 493 149 500 167
person 0.0029 419 98 442 136
person 0.0021 410 91 424 129
person 0.0014 475 144 500 194
person 0.0013 0 264 13 372
person 0.0013 490 145 500 164
person 0.0011 493 198 499 242
person 0.0010 395 156 412 178
person 0.0010 493 146 499 198
car 0.8404 30 33 456 319
car 0.4912 436 156 499 213
car 0.0976 28 268 464 371
car 0.0733 479 148 499 237
car 0.0369 393 156 497 191
car 0.0306 478 146 499 172
car 0.0138 185 34 446 181
car 0.0119 0 238 3 248
car 0.0056 475 145 500 193
car 0.0030 434 143 499 175
car 0.0024 378 156 489 223
car 0.0023 493 150 499 234
car 0.0023 395 157 412 178
car 0.0016 387 140 498 171
car 0.0015 462 155 497 173
car 0.0015 393 154 448 187
car 0.0011 394 156 428 178
dog 0.0042 492 169 499 241
