person 0.9599 38 50 301 299
person 0.9293 114 98 275 347
person 0.8701 193 80 356 368
person 0.8600 166 45 211 120
person 0.8455 103 44 174 158
person 0.0931 475 43 497 87
person 0.0286 234 64 424 379
person 0.0116 355 16 365 38
person 0.0095 197 92 288 327
person 0.0054 0 251 45 303
person 0.0026 213 0 253 72
person 0.0025 77 53 263 181
person 0.0020 213 54 220 71
person 0.0019 311 103 422 267
person 0.0018 160 54 220 186
person 0.0016 213 13 232 71
person 0.0016 101 52 153 132
person 0.0015 228 81 356 244
person 0.0012 302 90 481 344
person 0.0011 305 31 313 43
bottle 0.7825 458 52 474 87
bottle 0.7593 421 52 437 87
bottle 0.5699 435 58 444 85
bottle 0.2670 388 59 400 86
bottle 0.2214 451 67 459 86
bottle 0.1779 471 44 497 89
bottle 0.0711 494 53 500 79
bottle 0.0661 471 52 487 90
bottle 0.0583 478 44 497 73
bottle 0.0516 441 40 453 84
bottle 0.0468 444 65 452 85
bottle 0.0354 337 64 346 87
bottle 0.0153 473 52 482 80
bottle 0.0105 476 52 482 68
bottle 0.0099 486 58 496 80
bottle 0.0099 442 40 451 62
bottle 0.0067 437 59 443 69
bottle 0.0058 472 69 489 90
bottle 0.0033 495 69 500 82
bottle 0.0030 477 44 491 63
bottle 0.0029 485 43 496 56
bottle 0.0022 427 69 436 85
bottle 0.0020 432 54 438 68
bottle 0.0020 402 70 416 84
bottle 0.0016 348 80 354 89
bottle 0.0014 495 52 500 60
bottle 0.0012 329 81 335 88
bottle 0.0012 460 53 473 68
bottle 0.0011 402 50 498 96
chair 0.5805 161 75 176 121
chair 0.3074 95 77 123 165
chair 0.2700 386 330 499 373
chair 0.0868 109 186 168 312
chair 0.0803 96 77 150 167
chair 0.0755 161 75 170 112
chair 0.0512 317 119 500 371
chair 0.0396 386 268 499 373
chair 0.0167 326 124 357 151
chair 0.0087 159 69 211 129
chair 0.0076 385 123 499 273
chair 0.0063 129 183 166 230
chair 0.0059 153 74 170 123
chair 0.0044 0 251 45 302
chair 0.0042 208 80 216 90
chair 0.0035 481 331 499 373
chair 0.0029 168 78 178 121
chair 0.0029 137 66 172 123
chair 0.0028 303 256 482 371
chair 0.0027 136 77 155 121
chair 0.0026 96 55 166 223
chair 0.0018 144 98 156 121
chair 0.0017 112 184 207 335
chair 0.0016 109 91 175 186
chair 0.0016 316 87 367 127
chair 0.0015 308 125 418 154
chair 0.0011 320 125 329 137
chair 0.0011 153 74 183 153
chair 0.0011 95 77 114 141
sofa 0.7642 85 115 488 367
sofa 0.2635 0 251 198 371
sofa 0.0890 110 185 167 310
sofa 0.0802 317 119 499 371
sofa 0.0623 387 328 499 372
sofa 0.0201 0 252 45 302
sofa 0.0074 173 70 377 321
sofa 0.0071 0 305 131 371
sofa 0.0069 129 184 166 229
sofa 0.0043 385 122 499 274
sofa 0.0035 -9 276 494 372
sofa 0.0035 304 256 482 372
sofa 0.0034 106 75 302 338
sofa 0.0032 0 253 78 371
sofa 0.0026 481 329 499 374
sofa 0.0022 113 185 206 332
sofa 0.0017 115 166 376 335
sofa 0.0014 0 339 129 373
pottedplant 0.0984 1 35 69 52
pottedplant 0.0056 0 38 24 51
pottedplant 0.0019 23 37 44 50
pottedplant 0.0015 0 38 11 51
diningtable 0.0121 316 86 366 127
diningtable 0.0086 381 82 498 101
diningtable 0.0062 317 75 499 120
diningtable 0.0024 307 41 496 126
diningtable 0.0023 0 206 84 251
diningtable 0.0022 367 50 499 110
diningtable 0.0014 368 75 500 208
tvmonitor 0.0204 74 55 95 97
tvmonitor 0.0031 0 127 42 226
