person 0.8640 122 90 177 213
person 0.1201 91 68 103 82
person 0.0630 369 110 386 151
person 0.0511 112 104 125 137
person 0.0268 0 75 6 82
person 0.0215 9 75 15 82
person 0.0123 0 74 8 149
person 0.0122 0 75 5 107
person 0.0075 85 3 109 83
person 0.0066 495 1 499 15
person 0.0066 87 49 109 81
person 0.0064 490 56 499 73
person 0.0049 486 61 500 73
person 0.0046 89 16 100 26
person 0.0037 0 96 5 149
person 0.0037 1 74 16 82
person 0.0020 491 1 500 44
person 0.0019 117 64 240 244
person 0.0017 481 3 500 70
person 0.0014 482 62 500 88
person 0.0011 111 85 129 136
person 0.0011 122 91 207 174
person 0.0010 144 83 153 91
horse 0.9397 161 18 318 320
horse 0.0052 87 49 109 80
chair 0.0018 368 110 386 151
