person 0.7756 43 37 490 371
person 0.0475 50 204 223 373
person 0.0322 377 255 461 371
person 0.0175 167 15 371 350
person 0.0120 181 138 486 371
person 0.0043 460 0 499 42
person 0.0042 337 141 481 373
person 0.0020 31 62 59 124
person 0.0015 366 295 499 373
person 0.0010 33 173 385 369
cat 0.8540 182 144 391 370
cat 0.0360 203 95 247 144
dog 0.0295 203 95 247 144
chair 0.0018 0 195 99 369
chair 0.0017 95 86 151 113
chair 0.0014 170 52 211 100
sofa 0.5663 34 55 495 371
sofa 0.1166 351 117 499 171
sofa 0.0672 0 95 245 368
sofa 0.0288 348 124 499 369
sofa 0.0219 17 302 499 372
sofa 0.0150 22 216 497 372
sofa 0.0057 185 134 500 369
sofa 0.0054 0 196 108 369
sofa 0.0028 7 62 501 221
sofa 0.0015 52 331 156 372
sofa 0.0012 46 327 246 374
sofa 0.0010 -2 32 502 131
pottedplant 0.0038 31 62 59 126
diningtable 0.0014 324 93 494 125
tvmonitor 0.1998 464 22 499 121
