person 0.8845 43 65 286 497
person 0.0066 39 93 114 493
person 0.0020 49 65 263 294
person 0.0017 65 119 148 494
person 0.0010 38 134 104 339
person 0.0010 30 325 56 483
motorbike 0.0091 270 319 331 464
motorbike 0.0048 280 262 374 472
motorbike 0.0023 272 381 317 464
motorbike 0.0012 305 261 375 360
bottle 0.0628 37 324 55 384
bottle 0.0518 61 143 104 239
bottle 0.0110 343 441 355 475
bottle 0.0096 40 323 54 351
bottle 0.0030 336 360 352 405
bottle 0.0025 332 439 344 474
bottle 0.0018 52 247 90 337
bottle 0.0015 35 325 55 436
chair 0.0020 272 383 316 464
chair 0.0018 0 374 51 487
diningtable 0.0011 283 446 374 499
