person 0.1976 27 194 50 246
person 0.1179 27 214 44 246
person 0.1171 353 195 375 222
person 0.1135 40 192 69 237
person 0.0964 233 197 248 220
person 0.0932 28 194 42 222
person 0.0773 333 208 351 226
person 0.0564 280 196 296 225
person 0.0515 354 194 368 211
person 0.0312 251 197 273 220
person 0.0178 332 200 343 219
person 0.0156 215 203 226 221
person 0.0145 379 207 385 216
person 0.0140 314 198 342 229
person 0.0133 216 197 237 222
person 0.0107 258 197 272 214
person 0.0100 235 197 245 210
person 0.0089 303 200 310 220
person 0.0075 83 207 100 233
person 0.0071 446 203 461 222
person 0.0070 51 192 65 211
person 0.0062 205 202 226 225
person 0.0059 424 203 439 226
person 0.0056 373 203 385 218
person 0.0055 332 197 346 213
person 0.0053 329 198 341 213
person 0.0052 30 194 77 247
person 0.0046 108 209 115 219
person 0.0046 51 192 77 227
person 0.0043 334 197 353 221
person 0.0039 315 208 328 230
person 0.0038 106 203 135 232
person 0.0035 203 200 217 224
person 0.0034 337 194 373 223
person 0.0032 378 207 388 218
person 0.0030 90 201 115 233
person 0.0027 228 197 238 211
person 0.0027 1 196 15 236
person 0.0023 371 198 384 215
person 0.0021 289 203 297 224
person 0.0016 362 194 369 203
person 0.0016 363 214 371 221
person 0.0016 13 196 46 248
person 0.0016 134 202 144 223
person 0.0014 100 208 116 232
person 0.0014 305 193 311 219
person 0.0013 103 208 115 221
person 0.0013 341 247 348 255
person 0.0013 343 193 367 212
person 0.0013 106 199 115 219
person 0.0012 199 225 216 242
person 0.0012 266 198 276 209
person 0.0012 348 247 355 255
person 0.0012 231 207 251 228
person 0.0012 64 206 88 228
person 0.0011 444 202 452 215
person 0.0010 411 209 421 224
person 0.0010 297 204 310 220
person 0.0010 0 196 5 226
bus 0.9474 177 176 290 304
bus 0.9449 277 179 395 295
bus 0.9420 383 186 485 277
bus 0.9353 0 155 194 352
bus 0.7471 468 186 499 242
bus 0.0188 466 185 499 200
bus 0.0086 491 198 499 236
bus 0.0018 1 285 194 350
chair 0.0010 108 211 135 232
