person 0.9345 161 129 237 331
person 0.1306 345 153 369 173
person 0.0222 43 147 46 150
person 0.0214 0 158 3 166
person 0.0180 335 162 347 171
person 0.0106 57 146 60 150
person 0.0075 62 147 65 152
person 0.0073 356 153 384 169
person 0.0054 335 161 353 174
person 0.0053 0 146 3 150
person 0.0048 353 153 368 167
person 0.0047 0 155 82 334
person 0.0040 144 141 152 152
person 0.0035 273 200 323 253
person 0.0032 335 155 361 172
person 0.0031 59 146 62 150
person 0.0023 316 159 323 166
person 0.0023 377 231 433 282
person 0.0023 368 154 384 168
person 0.0018 110 142 115 147
person 0.0016 291 199 317 222
person 0.0016 332 249 357 264
person 0.0014 449 188 473 201
person 0.0014 0 259 15 290
person 0.0011 11 360 42 404
person 0.0010 67 145 71 149
person 0.0010 368 160 377 169
bicycle 0.0207 93 163 128 181
bicycle 0.0078 54 163 136 214
bicycle 0.0030 91 163 153 204
bicycle 0.0025 91 170 129 190
car 0.8319 399 175 499 260
car 0.6851 321 159 438 196
car 0.6698 222 198 499 329
car 0.1836 424 174 489 203
car 0.1108 53 163 129 214
car 0.0490 450 176 487 186
car 0.0192 91 169 171 246
car 0.0155 405 169 438 185
car 0.0089 372 159 437 187
car 0.0084 381 170 486 201
car 0.0079 356 153 384 169
car 0.0061 456 175 499 200
car 0.0057 348 164 475 188
car 0.0054 0 158 3 166
car 0.0038 456 174 499 225
car 0.0035 143 141 152 152
car 0.0034 321 147 489 201
car 0.0026 443 167 499 183
car 0.0025 -1 259 83 330
car 0.0020 429 252 499 329
car 0.0019 370 163 413 178
car 0.0018 56 170 94 213
car 0.0017 467 176 488 186
car 0.0015 110 142 497 325
car 0.0014 391 168 439 194
car 0.0014 442 167 454 175
car 0.0013 125 146 135 151
car 0.0013 316 159 323 166
car 0.0013 467 167 499 180
car 0.0010 381 164 409 172
car 0.0010 465 172 498 191
car 0.0010 70 185 93 212
car 0.0010 446 184 481 202
car 0.0010 469 170 484 178
motorbike 0.8327 0 258 81 330
motorbike 0.0565 53 163 129 214
motorbike 0.0441 0 155 81 330
motorbike 0.0212 87 165 170 246
motorbike 0.0062 230 204 499 330
motorbike 0.0021 429 264 499 329
motorbike 0.0019 0 258 17 291
aeroplane 0.0325 75 137 501 325
aeroplane 0.0275 11 172 484 248
aeroplane 0.0017 90 155 288 244
boat 0.1263 88 140 115 148
boat 0.0550 88 121 115 149
boat 0.0017 87 122 150 148
boat 0.0013 147 129 151 135
chair 0.0276 144 171 165 198
chair 0.0180 90 167 170 247
chair 0.0046 53 164 94 215
chair 0.0045 152 171 165 187
chair 0.0022 233 215 265 248
chair 0.0016 54 163 160 218
chair 0.0011 92 190 117 226
chair 0.0010 90 178 127 213
