person 0.0068 68 25 101 61
person 0.0032 315 23 329 34
person 0.0029 338 102 380 141
person 0.0026 80 22 100 49
person 0.0024 342 107 361 125
person 0.0022 145 33 159 48
person 0.0019 128 31 148 48
person 0.0016 113 25 128 48
person 0.0011 39 28 68 59
car 0.9688 62 63 477 277
car 0.9385 6 7 232 144
car 0.9324 315 22 400 58
car 0.8877 282 17 340 51
car 0.8776 394 26 441 57
car 0.8593 468 42 494 106
car 0.8295 416 28 488 68
car 0.7660 261 10 298 48
car 0.4895 455 29 494 75
car 0.3230 305 11 358 27
car 0.0836 151 5 263 59
car 0.0786 373 17 413 31
car 0.0366 476 28 494 50
car 0.0355 373 19 396 31
car 0.0352 11 4 262 59
car 0.0226 484 28 494 43
car 0.0168 304 12 330 19
car 0.0134 475 7 494 29
car 0.0117 326 13 357 26
car 0.0108 355 18 397 31
car 0.0097 395 26 438 40
car 0.0086 304 12 334 24
car 0.0063 291 10 305 17
car 0.0062 287 16 340 34
car 0.0060 422 21 456 33
car 0.0056 399 21 413 27
car 0.0054 477 27 493 37
car 0.0051 287 12 365 43
car 0.0047 209 6 262 59
car 0.0042 394 23 414 33
car 0.0038 455 47 486 76
car 0.0030 440 25 481 34
car 0.0029 475 27 494 70
car 0.0028 441 22 456 32
car 0.0028 262 10 298 23
car 0.0024 393 21 448 31
car 0.0023 395 25 422 36
car 0.0020 168 20 211 43
car 0.0013 354 17 365 23
car 0.0012 421 22 433 28
car 0.0012 456 26 482 33
car 0.0012 394 26 416 45
car 0.0011 337 22 360 33
car 0.0010 286 10 305 19
car 0.0010 444 5 494 28
car 0.0010 428 28 456 42
car 0.0010 466 32 489 49
bus 0.0535 128 5 262 58
