person 0.9414 311 151 475 455
person 0.9056 184 178 277 455
person 0.8809 79 173 171 411
person 0.7312 252 140 337 444
person 0.5989 156 136 263 354
person 0.0110 114 153 345 360
person 0.0054 170 138 266 222
person 0.0042 240 133 403 462
person 0.0016 169 282 208 353
person 0.0012 252 138 336 270
person 0.0010 170 269 276 354
bird 0.0041 386 75 389 79
chair 0.0027 393 200 474 422
sofa 0.5632 17 176 470 429
sofa 0.1041 392 202 475 387
sofa 0.0444 133 183 331 454
sofa 0.0266 18 203 105 397
sofa 0.0214 45 182 223 411
sofa 0.0152 313 173 476 396
sofa 0.0036 18 288 96 397
sofa 0.0026 17 315 475 423
sofa 0.0021 16 155 469 275
sofa 0.0011 206 149 377 382
