person 0.9432 57 0 115 127
person 0.9083 399 31 439 171
person 0.9069 113 0 165 126
person 0.8776 376 15 414 133
person 0.8764 442 40 479 168
person 0.8308 297 6 325 49
person 0.7839 319 14 358 72
person 0.7342 281 2 296 47
person 0.7239 426 6 469 121
person 0.5757 483 49 500 161
person 0.4897 425 2 442 37
person 0.3891 342 7 364 76
person 0.2370 362 31 372 75
person 0.2237 319 8 335 37
person 0.2162 296 2 307 42
person 0.1791 267 0 286 48
person 0.1473 475 34 499 103
person 0.1317 101 0 122 31
person 0.0531 351 6 362 22
person 0.0233 127 125 177 219
person 0.0215 340 0 350 14
person 0.0194 319 7 331 24
person 0.0191 340 4 362 46
person 0.0184 319 14 368 114
person 0.0165 267 0 282 30
person 0.0161 494 33 499 53
person 0.0159 369 24 393 67
person 0.0150 329 0 342 15
person 0.0112 367 13 390 39
person 0.0103 352 23 365 77
person 0.0087 343 14 370 115
person 0.0081 376 26 393 41
person 0.0080 296 2 306 24
person 0.0075 0 28 18 98
person 0.0069 373 13 389 32
person 0.0062 367 1 390 28
person 0.0061 320 11 344 41
person 0.0059 487 33 499 59
person 0.0059 435 0 449 13
person 0.0052 352 6 364 45
person 0.0049 166 60 183 99
person 0.0044 0 94 44 140
person 0.0042 320 7 329 17
person 0.0042 325 11 336 33
person 0.0040 349 1 360 17
person 0.0032 147 42 170 92
person 0.0032 378 0 388 14
person 0.0029 283 0 297 13
person 0.0027 305 1 316 15
person 0.0026 0 62 6 95
person 0.0026 314 7 323 23
person 0.0025 410 17 425 32
person 0.0025 0 62 6 74
person 0.0023 0 63 19 98
person 0.0023 425 0 443 67
person 0.0021 365 13 380 33
person 0.0021 347 2 355 16
person 0.0019 143 6 170 90
person 0.0019 485 67 499 110
person 0.0018 428 6 469 56
person 0.0018 316 6 327 18
person 0.0018 447 39 470 67
person 0.0018 483 127 499 161
person 0.0018 332 0 352 16
person 0.0017 327 16 335 25
person 0.0016 358 6 382 71
person 0.0015 329 9 335 17
person 0.0015 270 78 296 130
person 0.0014 355 23 371 112
person 0.0014 279 0 288 7
person 0.0014 117 0 126 11
person 0.0014 0 86 3 96
person 0.0014 263 0 271 30
person 0.0013 368 23 379 37
person 0.0013 309 1 317 10
person 0.0012 347 76 370 129
person 0.0012 340 2 354 27
person 0.0012 366 10 380 23
person 0.0012 361 0 372 20
person 0.0011 385 25 399 34
person 0.0011 101 0 121 64
person 0.0011 495 31 500 43
person 0.0010 369 0 384 18
person 0.0010 299 5 321 27
person 0.0010 371 37 389 72
car 0.0097 465 13 499 52
car 0.0077 447 0 500 52
car 0.0037 476 22 499 49
car 0.0034 484 25 500 45
car 0.0012 470 19 499 39
car 0.0011 494 26 500 45
car 0.0011 491 25 499 35
motorbike 0.0052 369 27 390 66
cow 0.9556 64 125 294 290
cow 0.6470 131 90 233 139
cow 0.1727 131 90 239 217
cow 0.0361 126 125 178 220
cow 0.0318 129 195 175 216
cow 0.0112 192 98 244 137
cow 0.0093 123 169 175 218
cow 0.0016 222 126 251 144
cow 0.0011 201 124 253 144
bottle 0.0031 149 44 165 64
chair 0.0059 194 67 257 120
chair 0.0014 321 24 336 37
pottedplant 0.0287 0 123 41 176
pottedplant 0.0017 192 95 229 112
