person 0.4784 210 155 261 209
person 0.4752 287 159 344 221
person 0.1226 360 65 395 104
person 0.0256 452 105 461 128
person 0.0142 41 159 55 198
person 0.0141 477 188 499 223
person 0.0133 458 105 466 128
person 0.0078 459 171 481 217
person 0.0075 235 223 246 238
person 0.0067 25 160 53 207
person 0.0058 267 155 276 165
person 0.0055 25 159 43 190
person 0.0054 472 81 499 144
person 0.0037 382 64 395 103
person 0.0026 207 176 255 208
person 0.0020 492 193 500 227
person 0.0020 222 154 243 180
person 0.0019 50 154 69 204
person 0.0016 44 159 54 171
person 0.0015 134 28 156 56
person 0.0013 198 147 280 218
person 0.0011 303 158 323 189
person 0.0011 28 159 42 176
person 0.0011 70 177 81 191
person 0.0010 414 109 431 123
person 0.0010 52 167 64 204
car 0.0239 36 125 57 138
bottle 0.0409 465 144 482 183
bottle 0.0285 424 275 443 310
bottle 0.0093 460 145 482 220
bottle 0.0067 433 156 443 193
bottle 0.0023 439 161 461 197
bottle 0.0019 310 26 320 52
chair 0.8381 0 321 128 373
chair 0.0035 1 315 93 356
chair 0.0030 0 322 21 372
chair 0.0019 342 331 394 373
pottedplant 0.0055 436 160 463 202
tvmonitor 0.8975 197 147 281 216
tvmonitor 0.8824 280 149 361 225
tvmonitor 0.7083 0 186 36 250
tvmonitor 0.1079 22 140 109 215
tvmonitor 0.0056 13 0 107 63
tvmonitor 0.0050 180 1 257 55
tvmonitor 0.0028 106 132 189 230
tvmonitor 0.0020 109 0 256 56
tvmonitor 0.0016 0 1 19 63
