person 0.8985 230 15 374 253
person 0.7467 178 0 285 169
person 0.0047 178 3 324 255
person 0.0046 240 0 277 50
person 0.0029 229 35 375 452
person 0.0027 260 0 305 27
person 0.0017 295 0 356 47
person 0.0012 241 0 304 40
person 0.0012 338 0 375 98
person 0.0010 279 0 293 10
person 0.0010 269 0 348 33
dog 0.0014 59 164 111 215
bottle 0.0434 291 186 307 217
bottle 0.0086 0 96 12 145
bottle 0.0067 194 90 208 124
bottle 0.0050 303 186 317 217
bottle 0.0016 298 185 316 254
bottle 0.0014 296 173 306 212
bottle 0.0011 279 0 292 10
chair 0.0275 304 205 374 358
chair 0.0169 323 441 374 499
chair 0.0120 297 204 375 500
chair 0.0108 324 367 374 498
chair 0.0073 206 200 372 497
chair 0.0045 186 142 236 216
chair 0.0024 0 241 149 295
chair 0.0016 188 189 233 215
chair 0.0014 232 204 374 360
chair 0.0012 346 489 372 499
sofa 0.0043 0 241 146 296
diningtable 0.0025 189 190 233 213
diningtable 0.0014 5 182 291 263
diningtable 0.0013 325 368 374 496
