person 0.7565 249 63 331 188
person 0.2273 275 0 300 55
person 0.0300 296 4 321 49
person 0.0124 84 210 92 223
person 0.0074 275 0 298 15
person 0.0067 84 209 97 243
person 0.0043 292 2 306 51
person 0.0033 213 134 248 195
person 0.0027 309 13 322 46
horse 0.8278 214 80 349 227
horse 0.1221 214 80 435 314
chair 0.0031 295 7 322 49
chair 0.0015 275 0 298 55
chair 0.0012 297 12 320 34
pottedplant 0.6239 0 83 46 261
pottedplant 0.5192 316 84 435 313
pottedplant 0.1892 436 135 499 291
pottedplant 0.0591 310 229 343 271
pottedplant 0.0266 334 124 499 309
pottedplant 0.0260 376 276 398 300
pottedplant 0.0067 92 131 122 189
pottedplant 0.0050 316 168 398 314
pottedplant 0.0043 0 225 25 261
pottedplant 0.0039 88 127 123 233
pottedplant 0.0033 439 209 469 290
pottedplant 0.0025 317 230 343 250
pottedplant 0.0022 0 157 42 255
pottedplant 0.0021 315 221 381 313
pottedplant 0.0020 256 5 282 54
pottedplant 0.0019 321 230 343 239
pottedplant 0.0017 332 89 433 219
pottedplant 0.0017 0 182 24 256
pottedplant 0.0016 330 270 397 296
pottedplant 0.0014 442 136 499 201
pottedplant 0.0014 321 270 381 313
pottedplant 0.0013 317 173 337 192
pottedplant 0.0012 0 85 11 148
pottedplant 0.0012 311 228 343 310
pottedplant 0.0011 0 79 90 261
pottedplant 0.0010 320 219 345 238
