bird 0.9334 205 94 307 273
bird 0.0504 395 259 483 288
bird 0.0443 394 259 424 280
bird 0.0086 343 197 496 288
bird 0.0060 21 56 29 62
bird 0.0039 342 214 428 279
bird 0.0031 61 30 151 359
bird 0.0028 128 185 368 371
bird 0.0026 399 259 444 282
bird 0.0022 436 275 471 289
bird 0.0021 181 94 334 368
bird 0.0021 358 233 425 274
bird 0.0017 248 188 296 371
bird 0.0017 410 259 426 273
bird 0.0014 424 267 484 289
bird 0.0013 205 0 499 375
bird 0.0013 273 237 365 372
bird 0.0012 201 186 258 360
bird 0.0010 393 210 493 279
bird 0.0010 65 134 160 299
pottedplant 0.0887 258 1 499 288
pottedplant 0.0010 355 45 499 344
