person 0.5660 336 237 353 258
person 0.5420 349 207 383 259
person 0.2705 102 199 121 244
person 0.1919 224 239 236 252
person 0.1646 471 220 483 245
person 0.1132 435 211 477 264
person 0.1087 199 211 217 251
person 0.0957 224 239 248 252
person 0.0954 269 239 289 255
person 0.0731 235 240 248 252
person 0.0476 25 225 32 240
person 0.0352 180 213 193 249
person 0.0332 389 224 431 263
person 0.0293 157 212 185 249
person 0.0225 419 219 433 252
person 0.0222 450 219 491 265
person 0.0212 172 212 191 249
person 0.0179 97 126 108 140
person 0.0161 182 210 212 250
person 0.0134 350 208 369 236
person 0.0093 0 212 13 223
person 0.0090 437 213 456 242
person 0.0086 149 211 171 247
person 0.0085 74 122 108 145
person 0.0080 141 114 155 131
person 0.0074 64 122 90 148
person 0.0066 38 203 47 226
person 0.0060 424 233 434 250
person 0.0050 104 199 122 225
person 0.0046 104 199 117 210
person 0.0045 259 217 273 254
person 0.0044 140 211 157 246
person 0.0043 367 213 389 258
person 0.0042 368 216 387 234
person 0.0040 112 207 132 245
person 0.0039 223 218 246 252
person 0.0037 12 214 20 224
person 0.0037 360 208 391 237
person 0.0036 169 216 184 249
person 0.0035 75 130 90 145
person 0.0035 470 219 496 260
person 0.0032 151 236 162 247
person 0.0030 489 243 499 263
person 0.0029 228 62 250 95
person 0.0028 120 224 133 245
person 0.0027 410 212 433 254
person 0.0027 141 118 149 131
person 0.0024 377 215 391 256
person 0.0024 73 219 84 253
person 0.0022 107 110 133 139
person 0.0021 295 58 308 78
person 0.0020 247 215 273 253
person 0.0019 142 100 156 130
person 0.0018 6 213 22 226
person 0.0018 318 213 328 243
person 0.0018 274 59 306 101
person 0.0018 267 216 289 253
person 0.0018 20 223 29 237
person 0.0017 373 215 389 241
person 0.0016 106 118 117 139
person 0.0015 134 211 190 249
person 0.0015 491 215 499 262
person 0.0014 100 109 118 138
person 0.0014 424 233 435 263
person 0.0013 440 214 456 227
person 0.0013 0 214 5 223
person 0.0013 452 218 476 256
person 0.0012 482 218 499 262
person 0.0012 223 212 235 249
person 0.0011 181 213 192 223
person 0.0011 355 207 425 261
person 0.0010 493 213 499 245
car 0.9050 0 223 32 256
car 0.0047 24 225 34 242
car 0.0047 0 212 19 224
car 0.0022 0 201 24 217
car 0.0012 40 232 52 240
car 0.0012 0 243 11 255
car 0.0012 40 225 53 241
car 0.0010 0 223 28 237
bus 0.9034 49 1 499 369
bus 0.0685 0 203 23 224
bus 0.0198 42 293 500 372
bus 0.0095 0 211 16 224
bus 0.0092 35 0 500 107
bus 0.0034 0 200 23 213
bus 0.0031 242 52 518 361
bus 0.0028 0 181 22 208
bus 0.0025 0 203 13 214
bus 0.0012 0 181 40 226
chair 0.0476 388 225 431 263
chair 0.0052 378 244 392 261
chair 0.0051 452 224 477 264
chair 0.0039 144 117 156 130
chair 0.0031 359 234 382 260
chair 0.0024 344 240 361 258
chair 0.0015 273 62 307 101
chair 0.0013 377 219 391 261
chair 0.0012 110 120 133 138
chair 0.0011 201 99 219 118
chair 0.0010 315 72 330 92
chair 0.0010 151 108 170 128
chair 0.0010 341 235 374 259
