person 0.9146 224 157 329 357
person 0.8381 0 217 19 270
person 0.7809 98 187 151 294
person 0.7410 205 201 245 240
person 0.1827 81 177 90 195
person 0.0106 0 219 16 310
person 0.0101 231 157 329 262
person 0.0090 113 163 127 205
person 0.0075 277 223 307 260
person 0.0058 110 222 128 259
person 0.0053 279 167 329 241
person 0.0053 138 218 152 243
person 0.0053 252 232 329 357
person 0.0049 76 223 159 305
person 0.0044 112 252 124 299
person 0.0027 303 261 329 322
person 0.0022 0 255 19 271
person 0.0022 37 164 46 181
person 0.0014 302 279 320 322
person 0.0014 317 261 329 308
bicycle 0.9496 74 226 160 303
bicycle 0.8530 171 233 328 354
bicycle 0.7088 0 269 17 313
bicycle 0.4827 196 229 254 259
bicycle 0.0952 134 218 153 243
bicycle 0.0950 256 248 328 355
bicycle 0.0218 290 261 329 347
bicycle 0.0096 109 210 150 245
bicycle 0.0069 196 231 224 258
bicycle 0.0067 135 228 149 243
bicycle 0.0065 0 255 19 271
bicycle 0.0048 185 226 284 271
bicycle 0.0040 74 231 114 301
bicycle 0.0037 0 263 19 273
bicycle 0.0031 277 230 296 261
bicycle 0.0026 0 262 19 285
bicycle 0.0025 303 265 329 328
bicycle 0.0021 78 230 106 265
bicycle 0.0020 0 272 8 287
bicycle 0.0019 111 223 151 261
bicycle 0.0019 0 265 11 293
bicycle 0.0018 219 232 264 260
bicycle 0.0017 141 229 153 243
bicycle 0.0017 293 231 309 259
bicycle 0.0014 249 238 263 256
bicycle 0.0013 0 221 22 313
bicycle 0.0013 8 258 23 271
bicycle 0.0012 77 257 94 266
bicycle 0.0012 0 245 41 310
bicycle 0.0012 206 219 230 242
bicycle 0.0011 252 317 331 338
bottle 0.0157 107 260 112 266
bottle 0.0061 101 255 106 264
bottle 0.0047 114 260 120 266
bottle 0.0046 106 259 113 273
bottle 0.0028 113 243 127 260
bottle 0.0028 120 255 129 263
bottle 0.0023 109 267 115 274
bottle 0.0022 102 257 108 266
bottle 0.0019 285 250 296 264
bottle 0.0019 113 252 122 280
bottle 0.0018 107 257 115 265
bottle 0.0015 293 240 308 259
bottle 0.0010 119 258 127 265
pottedplant 0.0021 62 413 84 436
