person 0.9237 86 38 226 202
person 0.8978 254 40 411 227
person 0.7044 458 12 480 44
person 0.5850 48 40 62 76
person 0.4409 60 39 71 75
person 0.0173 75 66 80 76
person 0.0128 106 67 111 73
person 0.0094 91 67 96 79
person 0.0077 493 20 499 41
person 0.0066 295 40 410 151
person 0.0051 97 66 103 74
person 0.0043 204 43 212 53
person 0.0036 162 24 192 51
person 0.0036 96 67 104 79
person 0.0033 68 67 73 76
person 0.0029 104 67 112 78
person 0.0027 461 12 480 31
person 0.0025 81 67 86 75
person 0.0021 114 2 428 214
person 0.0017 143 22 164 51
person 0.0016 203 43 214 73
person 0.0015 251 123 294 189
person 0.0012 203 19 221 51
person 0.0011 102 67 117 79
person 0.0011 72 67 82 76
person 0.0010 444 27 464 50
person 0.0010 26 45 43 69
person 0.0010 455 14 467 36
bicycle 0.2474 444 29 486 52
bicycle 0.0017 457 29 483 46
car 0.0058 0 19 14 27
motorbike 0.8854 223 80 408 231
motorbike 0.8156 51 81 224 206
motorbike 0.6052 444 28 489 52
motorbike 0.0032 51 135 130 203
motorbike 0.0025 443 32 462 51
motorbike 0.0024 469 31 489 45
motorbike 0.0021 223 129 309 228
motorbike 0.0011 222 80 240 112
motorbike 0.0011 381 123 411 154
bus 0.5105 0 19 28 79
bus 0.4419 116 0 432 91
bus 0.0517 117 0 302 78
bus 0.0011 -1 19 56 78
