person 0.0190 0 0 15 101
person 0.0017 89 9 203 133
dog 0.9607 10 88 476 296
bottle 0.0290 393 8 411 87
chair 0.3690 0 2 56 198
chair 0.2557 0 0 162 198
chair 0.0632 51 1 130 159
chair 0.0180 86 10 174 163
chair 0.0136 0 98 37 156
chair 0.0108 0 0 35 102
chair 0.0066 0 99 56 199
chair 0.0049 0 0 13 42
chair 0.0037 0 0 120 103
chair 0.0017 0 0 12 18
chair 0.0014 67 3 169 105
chair 0.0013 187 -1 479 173
chair 0.0011 0 2 30 185
chair 0.0011 2 87 130 152
chair 0.0011 0 0 14 82
chair 0.0010 57 99 126 157
chair 0.0010 0 27 15 103
diningtable 0.0194 2 230 496 371
tvmonitor 0.0139 466 1 499 131
