person 0.9199 2 122 282 495
person 0.0065 11 0 43 61
bottle 0.2598 318 361 374 490
bottle 0.1428 318 411 368 481
bottle 0.1117 253 461 367 500
bottle 0.0886 252 478 302 499
bottle 0.0139 319 466 367 500
bottle 0.0047 338 475 367 499
bottle 0.0011 266 357 373 499
bottle 0.0011 120 350 153 388
bottle 0.0010 323 0 355 7
chair 0.5803 3 29 371 489
chair 0.2685 0 125 38 253
chair 0.1981 12 0 210 75
chair 0.0996 206 0 249 38
chair 0.0323 0 290 366 499
chair 0.0137 206 0 319 38
chair 0.0066 207 0 231 34
chair 0.0051 141 0 249 42
chair 0.0050 317 348 374 481
chair 0.0036 171 439 360 500
chair 0.0034 75 233 115 329
chair 0.0024 133 0 151 41
chair 0.0019 206 0 371 59
chair 0.0019 180 25 374 474
chair 0.0016 203 0 216 31
chair 0.0012 0 57 64 159
chair 0.0011 0 154 41 390
chair 0.0010 1 75 137 463
sofa 0.0187 13 22 372 421
pottedplant 0.0035 310 0 374 13
pottedplant 0.0027 310 0 375 36
pottedplant 0.0025 312 0 358 9
diningtable 0.3679 0 294 316 499
diningtable 0.0321 161 438 361 499
diningtable 0.0173 7 433 304 499
diningtable 0.0113 1 296 209 425
diningtable 0.0012 1 209 214 466
