person 0.3114 251 106 494 245
person 0.2055 251 112 429 198
person 0.0144 220 69 500 368
person 0.0120 334 113 428 190
person 0.0073 345 70 500 261
person 0.0031 90 81 473 250
cat 0.0022 0 172 101 369
dog 0.5025 73 184 499 370
dog 0.1737 74 190 166 271
dog 0.0871 0 120 171 369
dog 0.0806 0 118 83 220
dog 0.0423 0 68 500 266
dog 0.0313 0 185 108 370
dog 0.0277 3 105 208 238
dog 0.0234 69 189 266 365
dog 0.0094 4 83 294 370
dog 0.0083 40 186 221 296
dog 0.0079 0 68 343 204
dog 0.0037 0 131 88 312
dog 0.0029 69 190 166 357
dog 0.0011 312 73 499 370
sofa 0.0077 2 67 460 373
sofa 0.0063 0 67 341 204
sofa 0.0014 -1 67 335 115
