person 0.9676 0 53 127 369
person 0.9623 158 70 276 370
person 0.9495 355 72 474 353
person 0.8550 409 289 499 372
person 0.2982 480 157 500 265
person 0.0260 479 186 500 326
person 0.0161 488 156 499 234
person 0.0103 357 198 408 352
person 0.0021 476 315 499 373
person 0.0020 480 235 499 265
person 0.0017 465 166 500 366
person 0.0017 453 220 465 290
person 0.0015 477 224 499 379
person 0.0012 488 206 499 236
chair 0.5207 361 345 415 374
chair 0.2357 322 173 358 204
chair 0.2156 362 346 499 374
chair 0.1325 361 261 377 338
chair 0.0291 361 311 500 374
chair 0.0223 476 347 499 374
chair 0.0165 358 257 405 339
chair 0.0099 358 256 475 345
chair 0.0083 357 199 408 350
chair 0.0048 0 227 23 307
chair 0.0042 0 229 23 265
chair 0.0037 365 287 377 339
chair 0.0030 0 295 29 362
chair 0.0028 476 362 499 374
chair 0.0021 459 237 480 305
chair 0.0016 358 195 378 347
chair 0.0015 477 319 500 373
chair 0.0012 490 347 499 373
chair 0.0010 475 232 499 329
sofa 0.0801 0 229 30 364
sofa 0.0289 0 229 24 301
sofa 0.0243 360 345 415 374
sofa 0.0067 0 298 29 363
sofa 0.0065 1 227 71 367
sofa 0.0039 0 229 23 265
sofa 0.0034 476 346 499 374
sofa 0.0034 357 252 496 353
sofa 0.0013 4 227 268 367
pottedplant 0.0049 491 155 499 193
pottedplant 0.0027 488 87 499 254
pottedplant 0.0027 481 153 499 221
pottedplant 0.0018 491 67 500 166
pottedplant 0.0011 492 104 499 147
tvmonitor 0.0103 492 68 499 138
tvmonitor 0.0027 152 97 199 172
