person 0.0165 288 192 304 207
person 0.0091 296 192 309 206
person 0.0083 303 192 318 206
person 0.0056 144 185 149 193
person 0.0033 431 187 439 211
person 0.0029 310 193 321 205
person 0.0020 106 182 113 192
person 0.0018 286 193 295 205
person 0.0015 465 194 471 208
person 0.0013 130 186 137 193
person 0.0013 358 197 382 249
person 0.0011 315 191 328 206
person 0.0010 469 190 483 227
car 0.9194 217 181 349 255
car 0.0754 398 200 421 207
car 0.0284 371 198 422 208
car 0.0069 2 250 490 338
car 0.0054 216 183 261 250
car 0.0054 91 181 113 192
car 0.0047 366 189 377 197
car 0.0045 400 195 421 206
car 0.0040 337 245 449 280
car 0.0032 401 192 412 199
car 0.0026 2 261 270 324
car 0.0026 1 194 266 328
car 0.0018 194 180 207 197
car 0.0017 199 191 207 197
car 0.0014 140 195 229 241
car 0.0013 196 187 208 197
car 0.0011 344 199 358 222
car 0.0010 203 197 230 240
bus 0.0124 39 153 157 194
train 0.1784 0 153 158 194
train 0.0037 0 161 23 192
train 0.0035 0 150 323 198
