person 0.0077 38 164 45 176
person 0.0022 40 113 54 132
person 0.0020 394 216 434 269
person 0.0014 387 136 405 171
person 0.0010 35 112 42 131
car 0.0216 23 163 97 251
car 0.0042 209 113 427 172
car 0.0012 33 164 97 197
car 0.0011 26 167 61 248
car 0.0010 0 155 32 205
chair 0.0011 4 159 29 196
pottedplant 0.0599 0 0 38 199
pottedplant 0.0060 0 119 35 195
pottedplant 0.0057 0 2 36 72
pottedplant 0.0050 0 134 16 197
pottedplant 0.0039 0 156 11 201
pottedplant 0.0011 51 65 103 166
pottedplant 0.0010 0 152 33 205
pottedplant 0.0010 0 3 9 40
tvmonitor 0.0051 33 82 54 114
