person 0.0416 339 0 359 61
person 0.0013 329 27 342 49
person 0.0012 335 2 343 19
person 0.0012 315 0 331 23
bicycle 0.1506 314 29 360 81
bicycle 0.0641 311 43 336 78
bicycle 0.0292 331 42 356 83
bicycle 0.0078 310 44 319 78
bicycle 0.0043 332 58 345 81
bicycle 0.0033 338 1 361 84
bicycle 0.0024 344 37 361 84
bicycle 0.0014 354 37 361 55
chair 0.9484 117 131 208 281
chair 0.9247 286 130 364 270
chair 0.8999 198 144 288 306
chair 0.6450 197 123 247 143
chair 0.0287 195 122 247 170
chair 0.0173 0 250 8 329
chair 0.0032 155 132 319 177
chair 0.0024 195 178 213 200
chair 0.0023 163 137 245 176
chair 0.0023 285 160 317 180
chair 0.0013 154 129 218 218
chair 0.0013 285 144 318 186
chair 0.0011 157 156 214 180
chair 0.0011 290 131 362 196
chair 0.0011 195 180 214 220
chair 0.0010 0 247 3 284
sofa 0.0285 0 247 8 331
pottedplant 0.2564 445 36 477 70
pottedplant 0.0025 441 4 480 68
pottedplant 0.0018 450 38 478 51
diningtable 0.8277 155 141 320 177
diningtable 0.2392 155 139 319 276
diningtable 0.0208 284 145 319 166
diningtable 0.0054 155 140 231 180
diningtable 0.0021 285 160 317 180
diningtable 0.0012 208 144 283 180
diningtable 0.0011 0 284 7 332
