person 0.0052 0 71 4 79
person 0.0020 0 180 5 196
person 0.0011 71 46 81 59
bicycle 0.0028 0 214 47 253
car 0.9506 0 83 193 369
car 0.5893 255 99 267 165
car 0.4204 162 88 187 124
car 0.0857 255 79 268 116
car 0.0568 181 86 258 148
car 0.0176 0 72 4 79
car 0.0175 344 69 359 88
car 0.0090 160 88 237 137
car 0.0058 0 214 48 252
car 0.0043 0 77 89 107
car 0.0038 255 78 267 99
car 0.0032 256 65 266 79
car 0.0030 255 92 267 133
car 0.0030 0 76 185 113
car 0.0024 211 98 267 166
car 0.0015 53 58 65 80
car 0.0014 255 87 315 168
car 0.0014 258 97 268 120
car 0.0010 255 100 262 120
motorbike 0.0014 0 214 47 253
bus 0.8324 62 32 185 96
bus 0.0043 53 58 65 80
train 0.0011 483 7 500 183
