person 0.9234 57 138 241 458
person 0.0563 267 33 288 66
person 0.0484 234 126 244 143
person 0.0369 241 123 249 139
person 0.0331 212 0 248 32
person 0.0250 199 0 219 32
person 0.0164 87 145 232 246
person 0.0091 280 31 290 64
person 0.0080 0 0 36 54
person 0.0049 282 30 290 50
person 0.0048 266 29 276 66
person 0.0035 240 124 250 150
person 0.0032 135 110 266 405
person 0.0022 94 132 261 302
person 0.0021 0 0 18 30
person 0.0019 241 119 248 130
person 0.0015 230 116 237 130
person 0.0012 212 0 228 8
person 0.0011 67 294 237 460
person 0.0011 231 0 249 32
person 0.0010 227 114 250 134
cat 0.8321 94 231 191 287
dog 0.0933 91 229 188 285
bottle 0.0943 256 112 270 146
bottle 0.0056 250 121 259 150
bottle 0.0054 0 349 12 403
bottle 0.0042 343 95 350 123
bottle 0.0038 191 111 201 130
bottle 0.0029 198 111 208 131
bottle 0.0024 195 110 213 132
bottle 0.0020 343 95 357 138
bottle 0.0012 211 119 219 134
bottle 0.0012 334 208 345 229
chair 0.8975 295 116 372 255
chair 0.5043 43 128 265 376
chair 0.0190 13 464 156 500
chair 0.0063 172 129 266 366
chair 0.0055 365 183 375 235
chair 0.0047 44 125 124 384
chair 0.0026 366 184 374 209
chair 0.0026 303 118 355 202
chair 0.0023 60 292 235 394
chair 0.0016 294 119 319 249
chair 0.0011 298 125 336 251
chair 0.0010 361 229 374 316
sofa 0.6739 43 129 266 415
sofa 0.0112 1 459 179 499
sofa 0.0038 62 272 263 397
sofa 0.0033 361 229 374 320
pottedplant 0.0102 122 0 156 47
pottedplant 0.0063 122 0 155 22
pottedplant 0.0041 191 109 217 132
diningtable 0.0642 0 454 237 499
tvmonitor 0.0046 197 0 250 35
tvmonitor 0.0017 259 19 296 71
