person 0.0015 0 -1 11 82
bird 0.0154 263 252 272 259
dog 0.9102 107 136 290 319
dog 0.0061 231 182 293 223
dog 0.0014 72 197 96 228
chair 0.5128 0 165 46 355
chair 0.2635 0 269 34 355
chair 0.0158 380 26 499 289
chair 0.0044 1 72 103 313
sofa 0.2531 383 2 499 284
sofa 0.2514 0 165 46 355
sofa 0.0447 0 269 34 355
sofa 0.0015 0 0 88 100
pottedplant 0.0018 124 53 185 101
pottedplant 0.0011 127 75 192 102
diningtable 0.1810 0 81 91 353
diningtable 0.0113 0 82 91 112
diningtable 0.0051 0 82 89 213
diningtable 0.0032 0 80 90 148
tvmonitor 0.0944 176 0 342 75
tvmonitor 0.0032 0 1 10 82
