chair 0.0775 264 266 312 297
chair 0.0202 3 296 190 461
chair 0.0151 1 51 57 200
chair 0.0038 0 336 17 461
chair 0.0019 11 111 57 198
sofa 0.9541 0 220 219 461
sofa 0.0038 0 334 17 460
sofa 0.0021 0 218 218 321
pottedplant 0.8484 330 183 371 223
diningtable 0.2150 207 297 312 425
diningtable 0.0083 171 212 225 219
diningtable 0.0061 169 213 226 230
diningtable 0.0054 169 209 270 225
diningtable 0.0018 169 203 366 231
diningtable 0.0018 0 458 54 500
diningtable 0.0018 167 204 292 221
diningtable 0.0010 179 206 228 217
