person 0.9280 360 187 400 310
person 0.9157 407 189 449 310
person 0.8935 229 199 264 282
person 0.8644 463 193 496 273
person 0.8521 442 191 473 260
person 0.8431 338 189 375 302
person 0.4456 425 187 445 214
person 0.2601 256 201 276 256
person 0.1655 286 224 314 258
person 0.1375 337 194 359 262
person 0.1255 318 221 330 248
person 0.1132 303 225 314 257
person 0.0768 425 188 449 256
person 0.0287 317 197 334 248
person 0.0093 0 208 3 237
person 0.0075 284 121 301 149
person 0.0064 486 197 495 210
person 0.0049 434 209 450 256
person 0.0043 487 196 497 216
person 0.0041 491 198 498 210
person 0.0035 315 173 339 248
person 0.0024 352 190 375 264
person 0.0022 449 183 457 193
person 0.0022 448 184 454 193
person 0.0019 213 202 239 257
person 0.0014 257 224 271 256
person 0.0014 231 200 261 242
person 0.0013 288 193 312 257
person 0.0013 318 220 345 248
person 0.0012 338 224 355 262
person 0.0012 0 191 3 199
person 0.0012 257 188 290 235
person 0.0010 491 207 498 223
person 0.0010 229 204 241 241
bicycle 0.0041 213 219 239 257
car 0.7593 0 187 101 226
car 0.5947 128 204 189 220
car 0.0270 95 204 140 223
car 0.0192 127 204 140 220
car 0.0183 0 206 3 237
car 0.0066 0 186 5 236
car 0.0062 1 181 143 240
car 0.0040 260 194 293 227
car 0.0034 72 196 140 223
car 0.0021 30 191 142 224
car 0.0012 213 207 239 256
car 0.0011 0 190 6 199
car 0.0011 0 188 107 277
motorbike 0.0040 213 219 239 257
aeroplane 0.9139 1 75 460 282
aeroplane 0.7779 458 167 500 199
aeroplane 0.0161 47 186 467 286
aeroplane 0.0027 484 185 499 195
aeroplane 0.0024 483 193 499 211
aeroplane 0.0020 0 186 138 279
aeroplane 0.0015 0 128 16 140
aeroplane 0.0012 144 194 366 260
aeroplane 0.0010 0 81 231 280
