person 0.5242 65 23 194 269
person 0.0474 42 156 123 272
person 0.0177 80 20 193 105
person 0.0147 57 63 120 265
person 0.0117 21 94 153 283
person 0.0052 298 80 307 120
person 0.0021 299 84 307 168
person 0.0016 114 23 201 177
car 0.0020 212 43 269 64
horse 0.8306 18 50 298 273
horse 0.0218 3 90 197 283
horse 0.0094 299 84 307 121
horse 0.0058 235 54 302 115
horse 0.0020 299 83 307 161
horse 0.0015 275 83 302 114
horse 0.0014 291 80 307 116
horse 0.0011 152 53 304 271
cow 0.0019 1 95 122 284
pottedplant 0.0592 64 0 127 26
