person 0.0137 410 175 419 186
person 0.0087 433 289 499 333
person 0.0011 418 269 500 351
car 0.8872 379 171 467 216
cat 0.0020 445 256 474 296
dog 0.0146 445 255 499 310
chair 0.1782 361 256 499 372
chair 0.1196 361 326 499 372
chair 0.0255 418 254 499 330
chair 0.0233 445 255 499 309
chair 0.0083 413 267 440 327
sofa 0.9631 85 189 413 360
sofa 0.7599 361 254 499 371
sofa 0.0681 361 326 499 373
sofa 0.0437 443 255 500 310
sofa 0.0230 420 254 499 333
sofa 0.0011 412 268 443 327
pottedplant 0.0828 0 4 51 80
pottedplant 0.0022 0 1 53 296
diningtable 0.0014 0 203 21 224
diningtable 0.0013 0 324 306 373
