person 0.5368 73 176 90 195
person 0.1645 479 153 494 183
person 0.0736 449 162 469 185
person 0.0531 74 175 84 186
person 0.0266 85 170 92 185
person 0.0210 492 162 499 175
person 0.0191 49 187 53 194
person 0.0146 490 150 499 176
person 0.0132 484 161 499 185
person 0.0085 460 159 482 184
person 0.0069 465 153 493 184
person 0.0053 9 175 20 191
person 0.0053 480 145 499 175
person 0.0052 449 175 459 185
person 0.0046 485 174 499 185
person 0.0043 412 158 433 184
person 0.0041 32 177 40 191
person 0.0039 479 163 489 183
person 0.0036 52 183 57 193
person 0.0031 474 28 480 37
person 0.0030 31 185 38 195
person 0.0028 32 180 43 196
person 0.0025 28 174 41 193
person 0.0025 494 145 500 161
person 0.0024 2 185 10 192
person 0.0022 115 194 122 203
person 0.0021 48 187 54 198
person 0.0021 0 176 5 190
person 0.0019 393 160 414 184
person 0.0018 23 175 32 191
person 0.0018 3 176 17 191
person 0.0016 46 186 52 194
person 0.0015 31 188 36 198
person 0.0014 432 171 439 184
person 0.0014 111 61 116 73
person 0.0011 72 181 78 194
person 0.0011 465 165 487 184
person 0.0010 84 179 91 195
person 0.0010 98 178 108 197
person 0.0010 72 175 81 194
person 0.0010 47 185 57 194
car 0.0440 425 82 494 109
car 0.0421 453 85 499 107
car 0.0043 390 107 413 115
car 0.0032 320 101 382 120
bus 0.0757 425 84 499 109
bus 0.0154 453 86 499 107
bus 0.0021 342 93 499 251
train 0.9471 0 72 358 292
train 0.8309 320 89 499 253
train 0.1175 425 83 499 109
train 0.0139 321 82 498 120
train 0.0107 454 86 498 107
train 0.0054 320 102 381 121
train 0.0037 0 99 147 145
train 0.0023 0 131 8 140
train 0.0011 8 232 496 324
train 0.0010 0 214 367 299
chair 0.0031 485 174 499 185
chair 0.0011 401 176 415 184
