person 0.2782 119 261 141 283
person 0.0073 107 260 130 282
person 0.0071 166 266 178 284
person 0.0042 93 262 110 280
person 0.0042 142 273 164 285
person 0.0039 98 259 122 282
person 0.0017 127 259 148 283
person 0.0015 140 258 167 284
person 0.0013 132 259 158 283
person 0.0011 164 259 191 285
car 0.9293 63 250 236 365
car 0.8983 0 197 48 269
car 0.8918 251 266 321 316
car 0.8465 317 278 350 302
car 0.8040 0 171 63 186
car 0.7593 139 116 362 189
car 0.7541 226 275 258 302
car 0.5258 311 281 374 403
car 0.5250 344 278 360 298
car 0.3818 26 174 373 499
car 0.1924 354 277 374 296
car 0.0643 230 425 373 498
car 0.0292 218 268 245 283
car 0.0187 248 269 269 300
car 0.0081 310 278 323 301
car 0.0081 226 281 374 500
car 0.0043 315 286 326 301
car 0.0036 254 269 268 284
car 0.0025 27 425 375 500
car 0.0022 345 278 356 285
car 0.0020 355 277 374 287
car 0.0017 208 161 224 180
car 0.0016 346 285 359 298
car 0.0015 25 174 373 305
bottle 0.0045 208 161 224 181
