person 0.0051 70 111 80 129
bird 0.0524 298 136 346 169
bird 0.0365 327 137 346 156
bird 0.0197 298 152 331 170
bird 0.0084 44 110 53 117
bird 0.0030 316 152 332 168
bird 0.0026 113 126 120 141
cat 0.0014 167 139 182 174
dog 0.9206 13 143 67 210
dog 0.1681 167 138 182 173
dog 0.0027 168 157 181 173
dog 0.0017 17 135 172 268
chair 0.0031 447 2 499 305
pottedplant 0.7964 109 139 172 267
pottedplant 0.0435 117 208 171 267
pottedplant 0.0097 131 139 149 178
pottedplant 0.0060 272 10 339 113
pottedplant 0.0033 0 37 51 120
pottedplant 0.0026 227 127 260 154
pottedplant 0.0019 42 135 170 267
pottedplant 0.0012 125 120 166 209
