chair 0.8612 108 369 207 500
chair 0.2567 97 376 120 499
chair 0.1391 190 287 196 307
chair 0.1387 121 310 181 339
chair 0.0984 103 331 152 340
chair 0.0650 177 375 226 461
chair 0.0422 164 332 216 340
chair 0.0314 116 312 141 332
chair 0.0249 181 287 200 333
chair 0.0212 98 372 119 418
chair 0.0179 101 334 254 462
chair 0.0153 16 383 77 467
chair 0.0141 177 312 200 334
chair 0.0107 161 335 219 369
chair 0.0098 200 323 232 391
chair 0.0079 201 379 228 454
chair 0.0070 186 333 218 399
chair 0.0057 96 404 113 492
chair 0.0052 98 335 159 351
chair 0.0049 98 378 117 405
chair 0.0042 97 336 169 372
chair 0.0041 159 336 227 457
chair 0.0031 16 391 46 464
chair 0.0029 162 331 217 353
chair 0.0026 108 372 123 417
chair 0.0025 159 333 247 380
chair 0.0025 98 387 118 444
chair 0.0023 174 371 221 394
chair 0.0022 185 338 245 470
chair 0.0021 97 335 119 408
chair 0.0017 212 370 229 450
chair 0.0016 98 369 111 378
chair 0.0015 164 288 196 309
chair 0.0015 118 321 141 332
chair 0.0014 193 306 229 335
chair 0.0013 99 333 115 339
chair 0.0012 139 454 183 499
chair 0.0011 98 369 120 386
chair 0.0010 173 307 237 338
chair 0.0010 192 322 254 413
pottedplant 0.1148 301 367 321 394
pottedplant 0.0629 290 365 323 499
pottedplant 0.0019 195 302 236 332
pottedplant 0.0018 294 451 322 499
pottedplant 0.0011 182 204 238 334
pottedplant 0.0011 294 120 322 172
diningtable 0.7713 98 335 253 476
diningtable 0.3122 121 307 201 336
diningtable 0.1581 97 336 256 370
diningtable 0.0696 126 305 204 316
diningtable 0.0341 176 310 200 334
diningtable 0.0230 175 309 201 317
diningtable 0.0180 122 308 182 317
diningtable 0.0084 165 329 216 341
diningtable 0.0084 146 308 201 319
diningtable 0.0045 101 338 174 357
diningtable 0.0044 126 303 193 312
diningtable 0.0037 97 334 164 373
diningtable 0.0036 200 318 239 339
diningtable 0.0035 97 331 154 346
diningtable 0.0029 163 334 243 352
diningtable 0.0020 183 339 252 473
diningtable 0.0019 166 322 238 341
diningtable 0.0015 98 334 254 405
diningtable 0.0010 151 304 182 310
