person 0.0047 19 28 350 277
person 0.0044 362 264 399 297
bottle 0.0010 218 56 245 96
chair 0.8201 316 1 366 114
chair 0.7985 105 0 174 58
chair 0.7931 266 1 334 100
chair 0.3586 0 214 60 296
chair 0.2477 0 114 41 210
chair 0.1447 19 64 77 89
chair 0.0311 20 61 82 296
chair 0.0305 0 114 61 295
chair 0.0303 19 63 77 119
chair 0.0238 19 64 78 176
chair 0.0169 326 0 366 72
chair 0.0163 222 28 242 58
chair 0.0114 323 2 348 60
chair 0.0083 362 195 399 224
chair 0.0069 299 6 334 102
chair 0.0053 0 199 43 223
chair 0.0052 362 194 400 293
chair 0.0042 170 0 244 56
chair 0.0040 182 43 230 60
chair 0.0037 0 214 33 226
chair 0.0036 223 18 282 66
chair 0.0033 213 59 233 78
chair 0.0032 349 266 400 298
chair 0.0029 209 0 246 55
chair 0.0029 260 0 291 61
chair 0.0026 184 43 209 57
chair 0.0016 102 1 238 59
chair 0.0014 262 0 317 59
chair 0.0013 317 60 350 114
chair 0.0013 32 194 113 298
chair 0.0011 249 7 283 63
chair 0.0011 19 49 54 242
chair 0.0010 203 54 233 69
pottedplant 0.1656 142 45 218 135
pottedplant 0.0970 201 80 290 175
pottedplant 0.0086 201 79 251 145
pottedplant 0.0060 101 42 287 133
pottedplant 0.0034 144 82 209 137
pottedplant 0.0020 182 43 211 59
pottedplant 0.0015 181 44 231 72
pottedplant 0.0014 244 139 292 175
pottedplant 0.0014 67 50 372 246
pottedplant 0.0014 203 106 269 164
pottedplant 0.0013 114 45 233 192
diningtable 0.9251 28 51 399 295
diningtable 0.0178 12 43 401 118
diningtable 0.0034 232 38 399 260
diningtable 0.0026 16 1 397 82
diningtable 0.0017 21 70 113 119
diningtable 0.0014 20 58 147 296
diningtable 0.0014 97 55 155 86
diningtable 0.0012 361 195 399 225
diningtable 0.0012 19 179 401 296
