person 0.9050 135 51 498 366
person 0.0483 132 209 261 299
person 0.0304 119 104 278 214
person 0.0285 386 42 423 117
person 0.0018 119 206 364 322
person 0.0011 326 248 491 370
bottle 0.0079 399 93 410 118
bottle 0.0067 391 88 401 115
bottle 0.0027 408 85 421 122
bottle 0.0025 400 88 416 119
bottle 0.0018 360 69 391 106
bottle 0.0013 408 100 416 119
chair 0.9128 1 198 129 309
chair 0.0934 119 104 274 215
chair 0.0133 102 201 256 366
chair 0.0081 486 322 499 374
chair 0.0070 487 236 499 372
chair 0.0058 109 130 127 164
chair 0.0052 491 241 500 326
chair 0.0031 0 249 16 304
chair 0.0027 0 220 17 295
chair 0.0025 4 199 250 309
chair 0.0021 109 200 252 217
chair 0.0017 0 218 8 266
chair 0.0016 122 201 253 276
chair 0.0016 493 299 499 330
chair 0.0015 119 130 130 188
chair 0.0014 117 197 129 217
chair 0.0013 491 224 499 271
chair 0.0012 1 219 28 305
chair 0.0012 341 314 483 372
chair 0.0012 114 130 132 206
chair 0.0011 488 190 499 274
chair 0.0010 495 285 500 321
sofa 0.0301 119 105 276 214
pottedplant 0.5557 396 0 484 128
diningtable 0.3866 0 287 199 371
diningtable 0.0098 1 283 421 372
diningtable 0.0086 0 227 247 371
diningtable 0.0047 328 314 482 371
diningtable 0.0034 0 290 52 353
