person 0.9146 173 51 273 226
person 0.0097 285 55 319 93
person 0.0081 286 57 299 70
person 0.0053 300 62 318 86
person 0.0030 285 57 299 80
person 0.0011 176 66 357 246
person 0.0011 300 52 316 74
car 0.0152 356 193 423 222
car 0.0128 316 61 357 84
car 0.0113 324 47 354 63
car 0.0046 316 62 340 76
car 0.0031 316 60 386 97
car 0.0028 411 192 479 221
car 0.0023 286 57 299 70
car 0.0023 362 70 384 81
car 0.0023 474 59 479 67
car 0.0021 301 52 314 64
car 0.0019 413 62 443 73
car 0.0011 412 196 424 221
car 0.0010 256 42 274 55
car 0.0010 0 204 40 224
bus 0.0040 54 134 196 203
boat 0.0032 0 1 22 18
horse 0.7568 33 71 357 377
horse 0.0011 186 72 358 265
