person 0.5397 196 180 203 200
person 0.4600 218 323 227 334
person 0.4202 230 325 237 339
person 0.3406 239 333 246 347
person 0.1306 92 422 100 436
person 0.1229 187 233 195 250
person 0.0740 191 259 196 272
person 0.0647 175 144 182 155
person 0.0538 197 180 202 192
person 0.0525 198 190 203 200
person 0.0465 87 191 94 211
person 0.0370 253 374 259 389
person 0.0367 137 113 142 121
person 0.0259 74 263 79 277
person 0.0252 230 198 238 207
person 0.0231 108 424 115 444
person 0.0204 122 224 127 232
person 0.0188 107 192 111 202
person 0.0163 143 115 147 127
person 0.0140 178 144 183 154
person 0.0128 131 112 135 120
person 0.0124 241 332 246 343
person 0.0109 185 264 189 273
person 0.0105 190 226 198 241
person 0.0094 129 110 133 120
person 0.0088 193 226 199 235
person 0.0081 89 201 93 211
person 0.0076 143 111 147 122
person 0.0065 193 260 199 274
person 0.0063 190 180 196 191
person 0.0058 229 424 242 462
person 0.0054 232 326 237 335
person 0.0050 250 321 260 350
person 0.0050 133 111 141 121
person 0.0050 149 259 156 279
person 0.0047 231 329 238 341
person 0.0045 148 194 156 206
person 0.0030 208 251 212 264
person 0.0024 108 425 115 435
person 0.0024 106 198 111 204
person 0.0022 189 263 194 273
person 0.0022 184 231 201 246
person 0.0021 97 420 107 441
person 0.0018 249 264 253 274
person 0.0018 131 109 136 117
person 0.0014 206 326 212 347
person 0.0014 183 264 190 274
person 0.0013 197 257 201 268
person 0.0012 150 122 154 129
person 0.0012 145 118 149 127
person 0.0012 211 224 219 236
person 0.0011 147 117 152 128
person 0.0011 208 251 212 274
person 0.0010 118 102 122 111
person 0.0010 123 96 127 106
car 0.8576 78 295 111 319
car 0.7348 166 244 202 263
car 0.5851 67 255 79 271
car 0.4854 234 241 265 259
car 0.2146 108 236 125 244
car 0.0909 256 242 270 257
car 0.0765 88 370 100 379
car 0.0483 251 320 261 350
car 0.0203 147 220 155 227
car 0.0133 260 263 267 270
car 0.0113 164 326 171 333
car 0.0098 246 308 255 314
car 0.0089 160 167 165 172
car 0.0089 79 114 87 121
car 0.0087 224 371 229 387
car 0.0069 78 317 86 323
car 0.0060 57 255 79 271
car 0.0055 133 112 144 121
car 0.0037 218 251 230 272
car 0.0032 157 168 164 175
car 0.0030 77 295 93 309
car 0.0026 149 259 157 267
car 0.0026 82 252 91 264
car 0.0024 140 304 155 313
car 0.0022 164 162 170 167
car 0.0018 105 395 113 399
car 0.0017 166 183 179 191
car 0.0015 89 335 96 342
car 0.0015 173 304 196 312
car 0.0013 165 160 175 167
car 0.0013 182 305 195 311
car 0.0013 207 196 217 203
car 0.0012 175 182 182 190
car 0.0012 113 342 121 349
car 0.0010 151 232 161 245
car 0.0010 148 296 160 300
motorbike 0.0070 174 144 184 155
bus 0.9273 155 206 234 244
bus 0.0019 151 154 198 215
bus 0.0016 251 103 374 495
train 0.0026 240 114 378 499
train 0.0013 224 367 238 387
