person 0.9492 53 81 383 327
person 0.5667 0 70 45 231
person 0.0823 0 72 105 315
person 0.0191 189 236 382 329
person 0.0049 -13 34 193 362
person 0.0025 -61 -41 326 379
person 0.0021 20 191 345 329
dog 0.9300 371 158 499 329
dog 0.7567 62 169 299 329
dog 0.0082 138 169 299 253
dog 0.0015 0 178 201 330
bottle 0.0065 455 48 476 79
chair 0.5162 0 190 105 330
chair 0.0323 380 218 498 321
chair 0.0174 0 73 45 231
chair 0.0131 0 253 77 330
chair 0.0039 374 226 407 308
chair 0.0024 382 224 436 309
chair 0.0018 49 193 107 326
chair 0.0018 1 64 89 306
chair 0.0016 0 298 44 331
chair 0.0011 -3 144 298 333
chair 0.0010 0 265 48 327
sofa 0.0882 0 190 105 330
pottedplant 0.8894 42 129 141 198
pottedplant 0.0036 394 21 450 79
pottedplant 0.0010 20 80 148 314
tvmonitor 0.0064 493 135 499 178
tvmonitor 0.0062 214 85 484 111
tvmonitor 0.0050 221 92 499 177
