person 0.6837 333 55 361 89
person 0.5925 288 65 312 89
person 0.5888 253 56 274 89
person 0.5526 446 60 461 93
person 0.4993 191 78 211 97
person 0.4975 273 64 289 88
person 0.4876 16 64 32 80
person 0.4341 320 59 334 85
person 0.3527 305 60 316 83
person 0.2644 231 58 243 77
person 0.2551 315 59 324 82
person 0.1887 433 60 444 81
person 0.1730 422 59 435 77
person 0.1251 279 79 292 89
person 0.1065 288 62 297 81
person 0.1057 356 65 389 92
person 0.1017 419 58 429 73
person 0.0785 37 67 45 77
person 0.0601 6 67 18 79
person 0.0348 30 67 42 77
person 0.0232 283 67 313 143
person 0.0197 161 89 178 110
person 0.0196 206 64 226 80
person 0.0191 242 62 253 74
person 0.0181 227 82 241 92
person 0.0116 46 69 53 78
person 0.0100 350 60 375 90
person 0.0099 432 58 450 91
person 0.0088 154 88 179 124
person 0.0088 357 67 374 90
person 0.0085 333 57 342 73
person 0.0056 289 61 297 73
person 0.0050 471 67 484 77
person 0.0048 207 59 214 66
person 0.0045 277 62 287 75
person 0.0045 267 72 276 89
person 0.0038 490 92 499 107
person 0.0037 294 55 306 71
person 0.0035 292 53 302 66
person 0.0034 296 54 305 66
person 0.0033 252 55 265 67
person 0.0033 190 59 202 70
person 0.0030 222 62 233 78
person 0.0029 252 56 271 75
person 0.0029 420 58 428 67
person 0.0028 354 61 362 86
person 0.0028 330 55 389 92
person 0.0028 277 116 289 140
person 0.0027 249 57 260 74
person 0.0025 272 71 294 139
person 0.0024 281 58 287 66
person 0.0023 323 76 334 88
person 0.0022 225 59 247 89
person 0.0021 307 60 316 74
person 0.0020 372 79 394 92
person 0.0020 315 59 324 70
person 0.0020 493 86 499 95
person 0.0019 253 74 271 90
person 0.0019 230 58 239 66
person 0.0018 446 61 460 76
person 0.0018 265 53 277 63
person 0.0017 187 60 204 73
person 0.0017 305 60 313 68
person 0.0016 193 59 200 66
person 0.0015 286 72 295 82
person 0.0013 158 125 185 143
person 0.0013 444 64 451 74
person 0.0012 210 80 221 93
person 0.0012 240 84 249 90
person 0.0012 200 59 215 68
person 0.0011 184 65 228 92
person 0.0011 21 67 48 78
person 0.0011 435 60 442 67
person 0.0010 275 79 314 178
person 0.0010 0 69 15 89
person 0.0010 211 85 218 93
person 0.0010 206 64 230 92
bicycle 0.0011 0 183 16 198
car 0.9219 0 77 51 115
car 0.7314 445 76 499 124
car 0.6727 1 29 500 373
car 0.6082 0 74 15 90
car 0.4570 173 65 255 100
car 0.0952 226 73 254 92
car 0.0700 227 61 278 91
car 0.0686 458 68 475 85
car 0.0625 459 76 499 89
car 0.0584 173 70 218 99
car 0.0334 458 51 499 85
car 0.0277 459 66 484 82
car 0.0247 2 68 17 80
car 0.0213 0 77 48 93
car 0.0151 483 93 499 116
car 0.0129 181 67 224 86
car 0.0118 242 62 253 74
car 0.0109 194 71 254 93
car 0.0098 0 81 12 90
car 0.0098 35 78 52 89
car 0.0098 267 74 276 89
car 0.0083 0 71 10 78
car 0.0077 181 72 211 85
car 0.0067 267 60 287 74
car 0.0062 210 78 229 93
car 0.0060 1 236 498 368
car 0.0058 225 80 248 92
car 0.0057 253 75 274 90
car 0.0056 240 74 254 85
car 0.0050 173 79 198 100
car 0.0050 183 67 212 78
car 0.0049 490 93 499 109
car 0.0043 477 94 500 127
car 0.0035 6 67 22 79
car 0.0033 47 72 53 79
car 0.0032 189 66 213 74
car 0.0028 188 60 216 71
car 0.0028 0 33 204 264
car 0.0027 237 73 268 90
car 0.0024 491 99 499 115
car 0.0023 333 41 499 109
car 0.0021 222 62 233 79
car 0.0019 3 78 29 91
car 0.0018 442 64 452 83
car 0.0017 193 62 212 69
car 0.0017 198 65 226 80
car 0.0017 466 92 499 116
car 0.0016 166 45 474 96
car 0.0014 459 59 475 74
car 0.0014 212 77 244 92
car 0.0014 268 83 275 89
car 0.0014 196 59 268 91
car 0.0013 178 74 309 98
car 0.0012 308 82 328 89
car 0.0012 197 60 215 68
car 0.0012 219 72 288 93
car 0.0011 8 59 499 198
car 0.0010 265 63 282 72
car 0.0010 218 65 252 93
motorbike 0.0014 434 64 445 82
bus 0.0015 208 4 238 25
tvmonitor 0.0015 29 32 201 147
