person 0.0032 263 11 324 107
bicycle 0.8352 2 17 498 368
bicycle 0.0047 490 179 499 253
bicycle 0.0034 22 0 468 149
bicycle 0.0020 -4 247 502 368
bicycle 0.0016 259 1 425 89
bicycle 0.0010 316 1 430 198
car 0.0419 318 0 430 87
car 0.0232 389 1 431 86
car 0.0058 418 35 500 86
car 0.0024 417 31 435 85
car 0.0022 371 0 411 34
car 0.0022 370 1 417 69
car 0.0015 391 0 411 29
car 0.0013 417 54 431 86
car 0.0012 259 0 421 115
car 0.0011 492 174 499 256
dog 0.0464 260 16 325 73
sheep 0.0100 259 21 321 65
sheep 0.0085 492 179 499 205
