person 0.9343 336 28 431 147
person 0.8783 225 58 348 157
person 0.4967 152 62 165 80
person 0.4127 215 64 235 77
person 0.4072 170 63 187 82
person 0.3056 107 59 118 72
person 0.2991 8 57 37 78
person 0.1924 83 68 95 78
person 0.1225 59 60 83 77
person 0.1064 105 59 129 75
person 0.0738 58 68 72 78
person 0.0733 63 60 82 69
person 0.0586 71 60 82 68
person 0.0393 180 64 187 79
person 0.0349 8 57 25 75
person 0.0337 221 124 237 144
person 0.0171 83 65 109 78
person 0.0137 224 64 241 78
person 0.0096 178 64 197 79
person 0.0089 179 64 187 71
person 0.0084 219 124 250 146
person 0.0073 50 59 72 81
person 0.0047 215 102 252 143
person 0.0047 222 64 235 75
person 0.0045 8 62 19 76
person 0.0044 1 57 22 79
person 0.0040 20 65 33 76
person 0.0036 10 57 24 66
person 0.0030 84 60 122 78
person 0.0024 108 58 138 80
person 0.0022 83 60 98 77
person 0.0021 131 61 166 81
person 0.0018 22 63 38 77
person 0.0018 66 59 97 73
person 0.0017 96 60 118 72
person 0.0015 153 61 160 69
person 0.0015 121 60 135 78
person 0.0014 158 71 166 81
person 0.0013 22 45 466 184
person 0.0013 100 59 133 98
person 0.0013 125 62 137 79
person 0.0012 456 41 461 45
person 0.0011 176 64 236 79
person 0.0010 213 63 241 137
person 0.0010 0 57 41 100
person 0.0010 214 62 238 95
person 0.0010 221 115 259 149
boat 0.7456 23 99 453 212
boat 0.0247 390 116 463 199
boat 0.0099 313 112 339 135
boat 0.0086 298 115 464 199
boat 0.0046 160 31 193 41
boat 0.0042 448 33 483 44
boat 0.0032 316 151 396 196
boat 0.0015 395 151 443 199
boat 0.0014 483 38 500 44
boat 0.0014 186 136 396 210
boat 0.0011 23 100 254 194
bird 0.1751 215 64 235 78
bird 0.1072 59 67 72 77
bird 0.0681 62 60 82 69
bird 0.0569 153 62 166 81
bird 0.0335 215 70 224 79
bird 0.0175 58 60 82 77
bird 0.0128 115 170 131 191
bird 0.0088 305 73 320 84
bird 0.0041 7 57 37 77
bird 0.0021 178 64 187 82
bird 0.0018 56 62 123 78
bird 0.0017 54 57 62 64
bird 0.0016 83 68 95 78
bird 0.0015 170 64 188 83
bird 0.0013 153 63 162 71
bird 0.0012 96 59 121 74
