person 0.9306 0 21 328 500
person 0.0064 273 191 291 216
person 0.0055 276 190 289 204
person 0.0052 185 23 327 500
person 0.0042 285 187 294 199
person 0.0039 267 191 276 205
person 0.0038 192 246 324 500
person 0.0036 -7 88 188 500
person 0.0029 280 207 290 220
person 0.0029 33 188 277 497
person 0.0024 309 194 316 207
person 0.0021 281 188 292 202
person 0.0018 269 180 294 202
person 0.0017 297 186 306 200
person 0.0017 297 183 320 220
person 0.0017 265 191 276 217
person 0.0016 0 317 66 437
person 0.0016 0 4 107 499
person 0.0014 312 194 320 209
person 0.0013 302 184 311 200
person 0.0012 309 377 332 500
person 0.0011 297 108 321 134
person 0.0011 324 364 332 378
person 0.0011 285 187 304 218
person 0.0010 315 193 321 206
bottle 0.0091 181 76 297 131
chair 0.0030 310 374 332 498
tvmonitor 0.0194 268 104 325 150
tvmonitor 0.0034 262 172 332 237
tvmonitor 0.0014 298 107 323 148
