person 0.2912 488 221 499 266
person 0.2327 488 223 499 372
person 0.0481 492 350 500 374
person 0.0095 496 220 500 242
person 0.0093 488 243 499 266
person 0.0087 492 221 499 243
person 0.0066 478 350 499 375
person 0.0062 491 192 500 216
person 0.0049 484 194 494 216
person 0.0039 487 235 499 293
person 0.0025 303 198 315 213
person 0.0025 48 198 83 218
person 0.0024 38 200 43 214
person 0.0021 48 199 60 217
person 0.0021 466 219 499 372
person 0.0019 493 192 500 201
person 0.0019 419 160 439 209
person 0.0019 69 200 86 218
person 0.0018 494 198 500 247
person 0.0017 484 184 500 265
person 0.0016 489 156 499 259
person 0.0013 472 186 483 215
person 0.0012 478 210 485 216
person 0.0011 92 160 107 183
person 0.0010 463 174 475 214
bicycle 0.3301 17 217 97 323
car 0.7885 17 183 159 273
car 0.0045 16 199 42 226
car 0.0016 0 140 35 317
motorbike 0.9027 209 187 316 280
motorbike 0.6339 275 191 340 256
motorbike 0.1801 16 216 97 322
motorbike 0.0355 298 207 341 255
motorbike 0.0047 301 199 341 229
motorbike 0.0020 303 199 315 213
motorbike 0.0010 300 199 319 229
pottedplant 0.0023 132 89 209 221
pottedplant 0.0012 30 154 47 184
