person 0.4330 451 84 497 143
person 0.0450 38 47 64 96
person 0.0124 489 90 500 132
person 0.0066 0 335 30 431
person 0.0023 489 88 499 114
person 0.0022 0 263 35 433
person 0.0020 482 58 500 112
person 0.0020 0 154 12 256
person 0.0015 432 113 448 139
person 0.0012 0 159 146 436
person 0.0012 457 67 499 113
bottle 0.8414 168 44 190 103
bottle 0.4039 146 44 161 97
bottle 0.1896 323 127 348 196
bottle 0.1455 367 132 378 194
bottle 0.1128 354 135 365 198
bottle 0.0521 160 47 171 96
bottle 0.0462 328 154 339 195
bottle 0.0271 187 51 220 98
bottle 0.0157 354 134 365 166
bottle 0.0155 338 146 350 200
bottle 0.0141 397 94 406 126
bottle 0.0115 356 131 375 197
bottle 0.0078 360 117 382 195
bottle 0.0077 336 151 351 228
bottle 0.0057 367 131 380 163
bottle 0.0034 344 115 371 197
bottle 0.0030 417 102 436 138
bottle 0.0028 432 106 447 140
bottle 0.0014 344 116 362 175
bottle 0.0014 170 46 188 68
bottle 0.0013 160 69 170 97
bottle 0.0011 336 155 346 198
bottle 0.0010 431 106 440 119
chair 0.9263 137 116 232 210
chair 0.9060 0 151 59 259
chair 0.8865 230 98 310 174
chair 0.8824 300 94 343 151
chair 0.6372 401 349 499 434
chair 0.5619 0 339 75 435
chair 0.4682 358 250 500 393
chair 0.3211 444 244 500 311
chair 0.2993 0 338 32 433
chair 0.1788 99 147 145 223
chair 0.1131 478 273 500 377
chair 0.0353 452 109 493 143
chair 0.0129 439 108 460 121
chair 0.0101 490 115 499 146
chair 0.0094 419 106 498 142
chair 0.0088 491 241 499 250
chair 0.0081 28 416 77 436
chair 0.0072 101 126 259 225
chair 0.0066 485 268 499 351
chair 0.0064 0 182 11 261
chair 0.0056 417 103 459 141
chair 0.0055 451 111 466 143
chair 0.0055 0 159 60 431
chair 0.0055 489 99 497 109
chair 0.0053 454 84 497 141
chair 0.0053 488 241 500 311
chair 0.0050 99 110 161 223
chair 0.0049 445 157 500 309
chair 0.0049 488 100 499 128
chair 0.0047 0 78 13 99
chair 0.0040 439 245 500 387
chair 0.0038 0 245 3 261
chair 0.0037 438 349 500 398
chair 0.0033 0 207 8 260
chair 0.0025 436 107 463 141
chair 0.0024 490 233 499 250
chair 0.0024 214 99 359 183
chair 0.0022 478 347 499 381
chair 0.0022 491 239 499 280
chair 0.0020 48 205 61 241
chair 0.0019 0 393 75 438
chair 0.0019 493 87 499 106
chair 0.0019 490 86 499 109
chair 0.0018 432 114 452 140
chair 0.0014 457 277 499 432
chair 0.0014 466 125 499 150
chair 0.0013 224 120 235 174
chair 0.0012 0 246 43 431
chair 0.0011 297 338 498 436
chair 0.0011 132 149 147 210
sofa 0.0879 401 349 500 433
pottedplant 0.5995 41 4 135 119
pottedplant 0.0511 382 118 425 184
pottedplant 0.0324 277 137 331 192
pottedplant 0.0300 265 135 327 246
pottedplant 0.0136 378 103 398 124
pottedplant 0.0036 294 146 326 181
pottedplant 0.0022 376 95 406 123
pottedplant 0.0018 375 100 392 122
pottedplant 0.0014 357 98 432 188
pottedplant 0.0014 327 32 357 69
pottedplant 0.0013 352 42 390 78
pottedplant 0.0010 265 154 307 195
diningtable 0.8158 2 132 492 432
diningtable 0.1240 0 85 253 176
diningtable 0.0635 14 110 492 236
diningtable 0.0067 0 341 76 434
diningtable 0.0045 0 246 41 425
diningtable 0.0042 -16 267 507 451
diningtable 0.0034 -13 97 279 325
diningtable 0.0032 0 5 258 172
diningtable 0.0027 256 118 497 425
diningtable 0.0027 266 252 399 303
diningtable 0.0026 102 127 249 223
diningtable 0.0025 171 104 506 185
diningtable 0.0019 0 101 153 247
diningtable 0.0016 1 96 150 172
diningtable 0.0013 0 209 313 433
diningtable 0.0013 365 126 494 182
diningtable 0.0013 444 226 499 313
diningtable 0.0012 356 117 423 142
diningtable 0.0011 0 160 281 270
tvmonitor 0.0279 117 39 149 97
