bird 0.0013 351 162 367 173
bottle 0.0032 401 175 407 187
chair 0.8425 283 175 339 240
chair 0.6125 0 265 142 330
chair 0.0010 495 263 499 294
chair 0.0010 346 151 356 161
sofa 0.9601 0 167 204 301
sofa 0.6532 0 266 142 330
sofa 0.0046 280 175 342 240
sofa 0.0024 0 253 272 334
pottedplant 0.3351 447 261 500 332
pottedplant 0.1535 447 296 499 332
pottedplant 0.0987 177 59 276 232
pottedplant 0.0506 489 305 500 330
pottedplant 0.0435 479 306 499 331
pottedplant 0.0221 447 317 498 332
pottedplant 0.0081 479 294 499 323
pottedplant 0.0042 446 319 475 332
pottedplant 0.0026 490 305 499 319
pottedplant 0.0017 444 186 499 331
pottedplant 0.0014 234 207 274 231
pottedplant 0.0013 482 265 499 329
diningtable 0.2430 113 224 278 330
diningtable 0.0014 296 165 367 180
tvmonitor 0.9002 386 186 438 229
tvmonitor 0.0014 359 199 388 215
