bottle 0.4519 458 184 483 246
bottle 0.0013 477 155 500 242
chair 0.0181 270 117 471 246
chair 0.0013 203 178 373 264
sofa 0.8894 6 114 482 258
sofa 0.1045 268 117 472 246
sofa 0.0013 166 113 398 230
sofa 0.0012 3 195 497 321
pottedplant 0.8646 432 54 499 243
pottedplant 0.1050 297 110 329 182
pottedplant 0.0041 289 174 325 187
pottedplant 0.0030 491 71 499 113
pottedplant 0.0030 489 70 500 144
pottedplant 0.0023 432 55 499 150
pottedplant 0.0022 244 110 372 228
pottedplant 0.0016 455 184 487 247
diningtable 0.0108 202 176 374 264
diningtable 0.0069 2 228 497 323
