person 0.0627 289 0 323 26
person 0.0315 227 121 242 136
person 0.0142 33 81 54 97
person 0.0127 306 0 321 27
person 0.0066 289 0 320 11
person 0.0064 55 79 64 85
person 0.0050 202 120 218 135
person 0.0049 32 85 40 96
person 0.0041 43 81 55 95
person 0.0035 289 0 308 8
person 0.0032 306 0 321 13
person 0.0021 289 0 297 7
person 0.0021 43 87 51 99
person 0.0018 32 86 47 97
car 0.9593 149 113 336 184
car 0.0138 22 77 77 118
car 0.0017 29 74 72 94
boat 0.5043 20 74 78 119
boat 0.5003 1 97 136 148
boat 0.0387 20 1 79 118
boat 0.0084 5 4 134 150
boat 0.0078 32 80 57 95
boat 0.0042 25 74 70 85
boat 0.0015 138 77 155 98
