person 0.0272 22 10 492 369
person 0.0045 3 132 354 371
person 0.0039 0 4 32 81
person 0.0037 245 137 497 369
person 0.0020 130 168 389 368
person 0.0013 260 175 410 370
cat 0.0016 424 134 499 194
dog 0.6988 135 12 433 260
dog 0.0083 135 127 313 270
dog 0.0059 420 132 499 194
dog 0.0052 48 28 407 357
dog 0.0014 127 31 322 312
dog 0.0010 239 37 500 352
sofa 0.0657 -3 127 500 368
sofa 0.0435 392 136 499 368
sofa 0.0052 267 136 499 368
sofa 0.0052 119 132 354 366
sofa 0.0019 -2 4 477 305
sofa 0.0017 0 2 338 184
sofa 0.0012 0 132 156 372
