person 0.9554 119 26 215 283
person 0.6577 478 130 499 186
person 0.2343 488 130 499 177
person 0.1677 19 55 25 65
person 0.0377 487 130 500 151
person 0.0033 34 53 38 63
person 0.0026 492 130 500 144
person 0.0019 144 40 149 47
bicycle 0.9193 345 120 410 174
bicycle 0.8471 408 106 440 173
bicycle 0.8346 44 42 126 94
bicycle 0.7846 199 204 367 307
bicycle 0.5596 230 293 394 373
bicycle 0.1623 217 213 393 370
bicycle 0.0244 200 205 334 262
bicycle 0.0182 386 147 410 173
bicycle 0.0148 91 41 125 92
bicycle 0.0114 43 58 74 94
bicycle 0.0079 275 318 393 372
bicycle 0.0048 50 48 81 84
bicycle 0.0046 409 133 426 173
bicycle 0.0044 199 221 280 261
bicycle 0.0027 357 120 389 144
bicycle 0.0019 240 224 347 255
bicycle 0.0015 373 130 398 146
bicycle 0.0014 52 57 65 89
bicycle 0.0014 409 127 450 185
bicycle 0.0013 271 205 341 250
bicycle 0.0012 376 133 410 173
bicycle 0.0012 292 207 375 308
bicycle 0.0010 63 40 127 65
bicycle 0.0010 313 205 344 240
bicycle 0.0010 96 61 124 91
car 0.7681 53 38 148 115
car 0.6869 145 40 174 65
car 0.5785 35 48 63 70
car 0.1590 113 39 148 88
car 0.1166 135 44 148 58
car 0.0271 0 48 7 60
car 0.0163 53 48 63 59
car 0.0156 139 43 149 52
car 0.0140 59 38 125 55
car 0.0132 0 47 16 62
car 0.0111 51 88 122 115
car 0.0100 16 56 24 64
car 0.0091 18 54 25 62
car 0.0090 52 66 128 116
car 0.0070 132 43 140 51
car 0.0053 136 49 147 64
car 0.0049 128 43 145 63
car 0.0040 20 50 35 61
car 0.0039 129 43 141 55
car 0.0021 62 40 115 64
car 0.0021 141 53 149 65
car 0.0019 29 51 37 62
car 0.0019 49 49 64 68
car 0.0019 251 40 272 49
car 0.0018 144 39 174 89
car 0.0015 137 40 201 65
car 0.0015 231 42 244 49
car 0.0015 56 48 66 60
car 0.0010 37 45 80 81
car 0.0010 31 40 104 76
bottle 0.0064 121 134 133 140
bottle 0.0044 276 230 309 251
bottle 0.0014 300 223 322 245
chair 0.7838 429 135 472 185
chair 0.1074 480 158 499 187
chair 0.1012 81 164 152 272
chair 0.0267 405 135 471 207
chair 0.0235 478 131 500 185
chair 0.0126 403 171 453 209
chair 0.0042 482 157 500 220
chair 0.0026 490 147 499 175
diningtable 0.0407 428 183 500 224
diningtable 0.0014 479 159 499 188
diningtable 0.0011 477 183 500 222
