person 0.8874 90 59 132 152
person 0.8857 430 85 468 160
person 0.8715 399 94 434 158
person 0.8487 52 132 91 174
person 0.8335 348 65 390 122
person 0.8293 284 78 312 113
person 0.8102 90 131 120 161
person 0.8044 0 131 28 203
person 0.7688 363 95 399 156
person 0.7648 136 61 170 118
person 0.7506 419 65 449 118
person 0.7154 0 74 16 134
person 0.7098 31 102 69 173
person 0.6978 137 99 165 143
person 0.6627 331 131 351 156
person 0.6520 349 95 378 155
person 0.4501 222 133 243 153
person 0.2405 215 133 246 212
person 0.2399 273 140 288 153
person 0.1559 240 127 269 154
person 0.1452 273 134 304 168
person 0.1187 222 131 266 154
person 0.1114 0 139 10 207
person 0.0822 218 132 242 166
person 0.0555 165 138 199 167
person 0.0526 291 131 304 155
person 0.0484 161 135 199 210
person 0.0483 273 131 306 214
person 0.0431 139 92 153 119
person 0.0318 241 126 293 154
person 0.0309 0 168 9 209
person 0.0284 269 127 289 153
person 0.0282 273 139 289 167
person 0.0195 0 75 13 206
person 0.0188 254 127 286 216
person 0.0188 263 127 304 157
person 0.0169 281 78 313 149
person 0.0121 318 129 348 213
person 0.0109 0 124 6 138
person 0.0108 495 95 500 116
person 0.0096 218 130 271 170
person 0.0085 275 130 332 174
person 0.0058 0 131 7 192
person 0.0053 291 132 317 168
person 0.0047 330 132 352 181
person 0.0042 277 98 333 190
person 0.0033 370 121 396 156
person 0.0030 301 125 342 213
person 0.0029 219 127 283 213
person 0.0028 272 127 288 142
person 0.0027 171 137 197 157
person 0.0027 0 129 9 151
person 0.0026 239 135 258 153
person 0.0025 164 128 243 180
person 0.0022 30 130 82 172
person 0.0021 134 101 170 173
person 0.0021 486 100 498 115
person 0.0019 396 99 410 157
person 0.0018 226 127 303 172
person 0.0016 419 64 455 156
person 0.0015 277 140 331 213
person 0.0014 0 132 29 163
person 0.0013 336 93 416 155
person 0.0013 0 132 5 150
person 0.0012 249 127 267 145
person 0.0012 0 77 25 185
person 0.0011 257 189 284 217
person 0.0010 0 183 9 219
person 0.0010 0 154 7 187
car 0.8673 1 98 498 334
car 0.2640 470 93 499 115
car 0.0422 456 95 479 114
car 0.0204 3 263 497 334
car 0.0203 5 98 494 204
car 0.0135 495 93 500 115
car 0.0099 311 112 335 119
car 0.0040 469 97 487 114
car 0.0032 247 89 503 224
car 0.0031 486 100 499 115
car 0.0029 451 84 481 98
car 0.0025 453 90 479 108
car 0.0021 496 92 500 105
car 0.0011 72 -10 495 234
car 0.0011 456 98 466 109
dog 0.0013 258 190 282 217
chair 0.7979 13 124 40 166
chair 0.1298 67 124 77 135
chair 0.0443 30 118 76 165
chair 0.0224 51 132 89 174
chair 0.0140 55 124 77 145
chair 0.0095 51 124 79 158
chair 0.0047 105 125 126 153
chair 0.0045 0 181 9 209
chair 0.0036 53 140 68 159
chair 0.0026 41 121 69 145
chair 0.0024 91 127 132 155
chair 0.0022 134 93 152 121
chair 0.0018 31 138 65 172
chair 0.0016 47 135 68 149
chair 0.0012 0 122 14 141
