person 0.9119 72 97 394 371
person 0.8881 0 64 214 371
person 0.0261 0 183 52 230
person 0.0092 489 83 499 128
person 0.0061 490 105 499 130
person 0.0021 151 99 361 283
person 0.0017 72 201 213 261
person 0.0011 124 97 263 383
car 0.0059 489 101 499 130
car 0.0035 457 123 500 152
car 0.0022 457 96 499 173
car 0.0017 456 131 499 179
car 0.0015 487 104 500 154
bottle 0.0017 0 183 47 228
chair 0.1363 455 134 497 179
chair 0.0342 165 73 499 364
chair 0.0235 313 101 500 369
chair 0.0152 210 356 349 374
chair 0.0147 216 330 374 374
chair 0.0056 148 181 214 225
chair 0.0052 441 132 499 202
chair 0.0036 493 151 499 179
chair 0.0023 294 330 393 372
chair 0.0015 485 133 499 178
chair 0.0015 422 114 499 180
chair 0.0014 162 112 225 188
chair 0.0011 455 130 499 154
chair 0.0010 490 78 499 125
chair 0.0010 321 109 499 189
sofa 0.1614 69 81 495 373
sofa 0.0293 322 105 499 370
sofa 0.0134 25 197 431 372
sofa 0.0107 0 173 212 370
sofa 0.0022 0 180 50 370
sofa 0.0017 0 124 69 229
sofa 0.0013 456 134 499 180
diningtable 0.0018 457 125 499 174
