person 0.9489 53 119 195 370
person 0.9390 186 3 450 371
person 0.7529 419 56 499 369
person 0.6721 302 99 384 154
person 0.6389 301 98 432 228
person 0.0818 438 221 499 373
person 0.0797 0 246 45 360
person 0.0745 0 314 45 345
person 0.0313 0 308 44 374
person 0.0054 303 73 476 366
person 0.0034 0 247 18 369
person 0.0011 0 247 11 335
bottle 0.7346 167 237 181 283
bottle 0.0455 0 329 19 373
bottle 0.0142 176 235 191 278
bottle 0.0095 0 315 45 348
bottle 0.0080 0 329 16 348
bottle 0.0044 168 236 182 261
bottle 0.0010 184 304 196 322
chair 0.0072 0 248 6 319
chair 0.0032 412 186 430 229
sofa 0.0018 183 231 500 370
