person 0.9732 145 130 351 370
person 0.0865 138 202 155 221
person 0.0036 158 129 175 157
person 0.0020 291 51 300 76
person 0.0018 216 123 223 141
person 0.0017 142 156 149 168
person 0.0014 127 124 152 163
person 0.0014 165 128 174 140
person 0.0013 137 2 163 24
person 0.0013 0 166 16 336
horse 0.0011 158 131 175 158
bottle 0.0881 492 152 499 178
bottle 0.0507 486 152 493 177
bottle 0.0185 479 150 486 177
bottle 0.0179 473 149 480 176
bottle 0.0023 441 163 450 195
bottle 0.0022 480 162 485 176
bottle 0.0020 474 161 480 176
bottle 0.0013 449 133 460 183
chair 0.8922 349 209 435 320
chair 0.7641 319 309 397 374
chair 0.6860 383 254 492 373
chair 0.5185 419 195 481 285
chair 0.2310 461 193 499 260
chair 0.0669 373 210 455 251
chair 0.0395 446 196 499 308
chair 0.0305 480 193 500 229
chair 0.0113 482 214 500 262
chair 0.0076 332 231 470 373
chair 0.0064 390 208 436 309
chair 0.0059 482 241 499 258
chair 0.0045 429 194 494 250
chair 0.0043 427 214 474 267
chair 0.0042 349 286 374 321
chair 0.0033 331 285 351 347
chair 0.0032 319 341 362 374
chair 0.0027 454 253 491 306
chair 0.0020 323 308 470 373
chair 0.0020 319 341 341 374
chair 0.0018 368 312 397 373
chair 0.0018 346 309 393 345
chair 0.0015 488 206 500 246
chair 0.0014 405 210 457 296
chair 0.0014 456 233 499 320
chair 0.0014 425 236 468 282
chair 0.0013 490 227 499 243
chair 0.0013 212 344 224 362
chair 0.0013 212 285 359 374
chair 0.0013 446 193 489 223
chair 0.0013 466 192 487 216
chair 0.0010 318 289 351 372
chair 0.0010 492 205 500 227
diningtable 0.0011 426 181 484 207
tvmonitor 0.8916 71 174 200 270
tvmonitor 0.4182 361 156 396 210
tvmonitor 0.0442 166 157 225 222
tvmonitor 0.0097 416 144 446 199
tvmonitor 0.0078 382 148 419 210
tvmonitor 0.0041 331 163 348 226
tvmonitor 0.0035 348 146 406 214
tvmonitor 0.0026 347 149 374 216
tvmonitor 0.0013 434 3 500 127
tvmonitor 0.0011 208 169 224 219
