person 0.0817 32 316 40 341
person 0.0083 333 333 339 343
person 0.0053 14 307 25 319
person 0.0051 14 307 27 338
person 0.0032 42 327 47 337
person 0.0031 37 327 46 340
person 0.0030 34 315 40 327
person 0.0027 44 323 53 336
person 0.0021 32 329 39 342
person 0.0019 355 176 361 184
person 0.0019 48 326 53 336
person 0.0015 2 318 11 340
person 0.0012 120 284 132 297
person 0.0011 9 319 19 340
person 0.0011 175 188 182 193
person 0.0010 34 315 38 324
person 0.0010 54 321 61 333
car 0.2274 0 270 42 294
car 0.0976 125 258 155 270
car 0.0658 25 256 37 264
car 0.0476 36 264 52 276
car 0.0303 21 272 42 292
car 0.0207 50 286 79 297
car 0.0145 18 270 33 280
car 0.0075 428 174 446 183
car 0.0074 0 288 7 295
car 0.0052 133 270 152 287
car 0.0051 86 261 110 272
car 0.0043 25 245 38 265
car 0.0041 33 279 42 287
car 0.0039 0 288 16 295
car 0.0028 164 350 194 368
car 0.0022 0 257 16 270
car 0.0021 60 293 79 309
car 0.0021 -1 251 39 269
car 0.0019 49 286 79 310
car 0.0019 0 339 4 345
car 0.0018 171 264 193 275
car 0.0017 44 323 54 336
car 0.0017 0 296 9 321
car 0.0017 230 229 255 244
car 0.0016 168 265 179 276
car 0.0016 83 281 133 307
car 0.0015 332 180 338 185
car 0.0015 126 252 134 264
car 0.0014 0 271 17 295
car 0.0014 0 329 11 341
car 0.0014 16 328 26 339
car 0.0013 0 331 6 340
aeroplane 0.8734 437 147 499 187
aeroplane 0.8305 358 153 446 187
aeroplane 0.7645 105 177 271 246
aeroplane 0.6953 168 236 498 331
aeroplane 0.5108 147 175 224 200
aeroplane 0.4602 146 174 173 194
aeroplane 0.4116 244 162 275 174
aeroplane 0.3074 257 174 289 209
aeroplane 0.2429 145 175 160 192
aeroplane 0.2331 152 177 263 214
aeroplane 0.1005 358 153 411 169
aeroplane 0.0937 159 174 172 187
aeroplane 0.0850 244 158 323 173
aeroplane 0.0568 221 162 247 176
aeroplane 0.0492 31 161 76 184
aeroplane 0.0397 480 185 499 194
aeroplane 0.0289 8 191 498 330
aeroplane 0.0235 148 174 163 186
aeroplane 0.0232 376 158 443 170
aeroplane 0.0231 247 160 291 173
aeroplane 0.0215 220 159 274 175
aeroplane 0.0192 204 175 223 197
aeroplane 0.0177 1 179 264 258
aeroplane 0.0168 458 152 499 169
aeroplane 0.0166 156 174 181 193
aeroplane 0.0164 182 160 246 175
aeroplane 0.0153 40 172 159 198
aeroplane 0.0133 31 172 58 183
aeroplane 0.0117 119 174 164 193
aeroplane 0.0114 427 174 446 183
aeroplane 0.0107 145 197 246 213
aeroplane 0.0099 255 153 264 158
aeroplane 0.0094 358 153 383 168
aeroplane 0.0086 372 147 503 188
aeroplane 0.0077 192 175 288 211
aeroplane 0.0077 383 156 409 168
aeroplane 0.0076 246 168 275 174
aeroplane 0.0071 255 156 312 168
aeroplane 0.0070 259 160 309 172
aeroplane 0.0069 287 159 323 172
aeroplane 0.0064 161 174 293 233
aeroplane 0.0051 351 159 366 172
aeroplane 0.0045 155 172 280 200
aeroplane 0.0038 264 161 289 168
aeroplane 0.0037 358 166 379 176
aeroplane 0.0036 33 177 57 186
aeroplane 0.0036 151 166 188 176
aeroplane 0.0034 76 175 205 195
aeroplane 0.0031 2 263 496 368
aeroplane 0.0027 108 209 265 248
aeroplane 0.0026 285 157 350 173
aeroplane 0.0025 154 174 203 194
aeroplane 0.0024 372 168 450 187
aeroplane 0.0023 227 169 246 176
aeroplane 0.0023 321 239 360 254
aeroplane 0.0023 169 168 188 175
aeroplane 0.0022 263 160 288 165
aeroplane 0.0021 223 174 290 242
aeroplane 0.0020 389 162 410 169
aeroplane 0.0020 55 176 74 182
aeroplane 0.0019 32 160 51 182
aeroplane 0.0019 350 165 366 174
aeroplane 0.0019 358 158 377 169
aeroplane 0.0018 253 155 265 161
aeroplane 0.0017 347 153 396 177
aeroplane 0.0016 287 159 307 166
aeroplane 0.0016 162 187 181 194
aeroplane 0.0015 264 168 275 173
aeroplane 0.0015 464 157 500 185
aeroplane 0.0015 358 154 370 167
aeroplane 0.0013 145 176 227 240
aeroplane 0.0013 424 170 447 182
aeroplane 0.0013 319 161 336 172
aeroplane 0.0012 397 161 417 169
aeroplane 0.0012 205 192 224 199
aeroplane 0.0012 479 175 500 188
aeroplane 0.0012 293 164 325 173
aeroplane 0.0012 244 164 275 193
aeroplane 0.0012 206 178 260 201
aeroplane 0.0011 297 239 341 256
aeroplane 0.0011 246 161 258 167
aeroplane 0.0011 469 169 500 186
aeroplane 0.0011 344 166 366 180
aeroplane 0.0011 249 152 270 163
aeroplane 0.0010 248 155 285 167
train 0.0498 1 268 234 373
train 0.0021 6 214 103 254
train 0.0017 4 239 381 347
train 0.0010 0 212 160 266
