cat 0.0029 93 218 144 241
bottle 0.3803 114 189 126 213
bottle 0.0607 261 198 277 219
bottle 0.0189 282 198 294 219
bottle 0.0079 126 175 142 212
bottle 0.0038 204 213 219 243
bottle 0.0024 89 228 103 256
bottle 0.0024 136 206 144 220
bottle 0.0022 99 290 112 311
chair 0.9459 174 241 327 452
chair 0.9433 12 243 170 457
chair 0.1482 77 228 94 254
chair 0.0207 71 228 96 312
chair 0.0128 72 225 136 311
chair 0.0108 109 290 200 316
chair 0.0100 76 226 111 253
chair 0.0072 72 223 177 336
chair 0.0069 199 291 263 312
chair 0.0063 186 241 292 320
chair 0.0061 263 226 312 250
chair 0.0043 201 247 252 312
chair 0.0041 109 291 200 352
chair 0.0030 10 242 82 357
chair 0.0027 99 286 217 328
chair 0.0025 85 220 142 253
chair 0.0020 203 243 252 277
chair 0.0019 198 267 234 314
chair 0.0019 253 237 282 305
chair 0.0017 71 245 222 315
chair 0.0010 11 242 94 442
pottedplant 0.1002 238 178 260 218
pottedplant 0.0498 222 178 238 218
pottedplant 0.0038 199 180 254 219
diningtable 0.4783 71 239 282 309
diningtable 0.2388 71 234 283 436
diningtable 0.0200 70 191 310 306
diningtable 0.0169 146 215 314 250
diningtable 0.0077 88 237 288 278
diningtable 0.0053 101 289 214 317
diningtable 0.0038 120 245 232 267
diningtable 0.0031 79 283 274 323
diningtable 0.0022 79 259 273 354
diningtable 0.0018 172 221 312 312
diningtable 0.0014 187 255 286 273
diningtable 0.0010 70 251 253 289
