person 0.9724 142 18 431 329
person 0.3230 7 0 89 94
person 0.1340 438 33 499 123
person 0.0880 470 29 500 72
person 0.0476 0 1 26 87
person 0.0201 470 29 500 119
person 0.0198 92 0 183 101
person 0.0134 264 1 374 116
person 0.0130 0 1 18 50
person 0.0105 421 24 492 70
person 0.0083 403 30 451 122
person 0.0080 439 34 478 88
person 0.0067 153 3 209 106
person 0.0050 35 40 75 94
person 0.0048 331 15 377 62
person 0.0043 23 0 88 52
person 0.0041 0 7 12 82
person 0.0039 0 0 43 47
person 0.0038 104 0 182 38
person 0.0037 0 0 51 85
person 0.0036 267 0 370 61
person 0.0035 479 49 499 73
person 0.0032 0 53 14 86
person 0.0031 368 37 415 119
person 0.0025 489 42 499 73
person 0.0025 86 0 140 97
person 0.0023 29 0 128 94
person 0.0020 328 9 381 116
person 0.0019 492 51 500 73
person 0.0018 97 0 150 35
person 0.0018 105 3 217 59
person 0.0016 263 2 325 57
person 0.0015 148 0 219 42
person 0.0014 409 28 454 69
person 0.0014 348 6 416 118
person 0.0014 9 33 54 90
person 0.0013 443 45 474 76
person 0.0013 400 42 442 79
person 0.0012 149 2 191 65
person 0.0011 119 0 246 105
person 0.0011 0 0 45 22
person 0.0011 374 24 499 120
person 0.0010 358 0 499 70
chair 0.0015 0 54 13 86
