dog 0.9576 107 34 340 184
dog 0.8232 226 29 272 78
dog 0.0015 222 27 307 83
chair 0.9164 141 14 206 78
chair 0.9026 61 10 123 93
chair 0.8802 275 12 343 97
chair 0.8021 374 6 449 99
chair 0.0995 199 32 233 78
chair 0.0963 333 30 375 75
chair 0.0338 188 26 210 76
chair 0.0285 144 80 454 326
chair 0.0244 198 29 278 77
chair 0.0164 103 19 122 81
chair 0.0157 391 79 454 328
chair 0.0113 198 32 232 52
chair 0.0110 275 30 292 62
chair 0.0096 333 29 375 51
chair 0.0092 429 23 448 93
chair 0.0090 332 7 385 85
chair 0.0071 261 31 281 55
chair 0.0067 418 6 450 93
chair 0.0064 28 41 52 72
chair 0.0058 327 22 343 91
chair 0.0047 430 27 499 86
chair 0.0044 199 29 284 54
chair 0.0035 63 50 106 93
chair 0.0034 190 49 203 75
chair 0.0030 275 23 307 59
chair 0.0027 197 50 210 73
chair 0.0020 106 51 122 80
chair 0.0019 303 55 323 96
chair 0.0014 335 10 426 95
chair 0.0011 328 18 375 58
sofa 0.0012 203 29 287 51
diningtable 0.6173 0 25 74 85
diningtable 0.2062 430 27 499 86
diningtable 0.1739 0 25 74 40
diningtable 0.1311 198 29 284 76
diningtable 0.1057 331 28 376 92
diningtable 0.0333 331 14 452 97
diningtable 0.0123 199 26 374 91
diningtable 0.0087 284 23 395 93
diningtable 0.0045 275 13 343 96
diningtable 0.0044 351 26 495 87
diningtable 0.0043 199 28 281 52
diningtable 0.0040 189 29 211 75
diningtable 0.0036 3 51 481 349
diningtable 0.0033 228 9 434 95
diningtable 0.0026 261 31 282 50
diningtable 0.0022 199 31 235 52
diningtable 0.0018 276 -13 553 116
