bottle 0.0042 165 142 176 156
bottle 0.0024 161 143 167 155
bottle 0.0021 168 137 176 147
bottle 0.0012 203 137 209 148
chair 0.9431 250 181 338 294
chair 0.8212 274 165 310 180
chair 0.7214 360 210 427 294
chair 0.2843 0 200 44 294
chair 0.0748 355 165 403 214
chair 0.0132 357 158 428 279
chair 0.0070 323 165 406 293
chair 0.0061 263 174 332 202
chair 0.0047 354 195 393 213
chair 0.0042 321 161 410 213
chair 0.0041 350 169 385 220
chair 0.0039 388 169 410 213
chair 0.0033 311 197 333 216
chair 0.0023 353 202 385 212
chair 0.0022 352 167 398 176
chair 0.0021 369 169 398 176
chair 0.0011 363 209 427 253
sofa 0.2669 0 200 44 294
sofa 0.0622 361 209 429 294
pottedplant 0.6521 95 100 146 242
pottedplant 0.5449 310 114 341 174
pottedplant 0.0013 109 194 132 204
diningtable 0.8571 258 163 405 294
diningtable 0.1307 261 162 405 203
diningtable 0.0027 259 177 306 190
diningtable 0.0010 342 199 432 293
