person 0.2347 53 125 64 146
person 0.1019 53 125 65 168
person 0.0073 485 170 496 180
person 0.0060 493 169 500 180
person 0.0060 229 138 265 170
person 0.0046 56 143 70 173
person 0.0042 37 120 50 150
person 0.0041 278 141 305 175
person 0.0036 208 138 236 166
person 0.0028 0 125 5 149
person 0.0024 215 147 237 167
person 0.0021 162 160 173 173
person 0.0020 272 144 296 173
person 0.0020 205 147 230 168
person 0.0018 26 121 36 149
person 0.0017 489 169 499 181
person 0.0015 243 142 269 171
person 0.0013 482 167 499 180
person 0.0013 253 137 290 170
person 0.0012 41 144 50 151
person 0.0011 493 171 499 198
person 0.0010 477 169 493 181
person 0.0010 213 137 255 167
car 0.9012 448 164 499 223
car 0.8665 389 168 421 209
car 0.7778 406 167 459 206
car 0.4324 134 102 393 269
car 0.2066 455 166 477 185
car 0.0995 406 168 427 186
car 0.0468 406 167 453 187
car 0.0143 142 175 163 187
car 0.0106 453 150 490 175
car 0.0088 403 149 427 167
car 0.0046 431 171 459 207
car 0.0045 401 163 419 170
car 0.0044 495 190 499 198
car 0.0033 444 158 458 170
car 0.0032 455 163 497 180
car 0.0032 389 168 404 183
car 0.0031 141 165 174 187
car 0.0028 407 173 421 185
car 0.0028 448 167 476 203
car 0.0027 410 167 428 178
car 0.0021 494 183 499 199
car 0.0015 454 166 470 176
car 0.0014 402 163 419 176
car 0.0014 408 168 428 201
car 0.0014 0 116 101 211
car 0.0011 136 155 176 172
car 0.0011 385 166 446 210
car 0.0010 435 166 457 176
boat 0.0012 134 151 148 165
