person 0.9552 53 145 187 330
person 0.9451 159 133 260 330
person 0.9136 361 166 424 330
person 0.8962 240 146 291 332
person 0.8894 399 151 499 329
person 0.8484 329 167 381 330
person 0.8452 286 171 360 330
person 0.4448 307 155 333 193
person 0.0471 296 155 336 208
person 0.0156 310 156 347 232
person 0.0115 359 171 369 193
person 0.0084 320 168 343 209
person 0.0069 331 167 382 249
person 0.0034 310 163 370 210
person 0.0031 358 171 379 195
person 0.0027 321 168 360 225
person 0.0024 376 165 408 198
person 0.0024 308 155 332 175
person 0.0018 200 151 410 329
person 0.0012 329 171 338 187
person 0.0011 304 164 341 260
boat 0.2895 0 266 100 330
boat 0.0599 1 259 494 333
boat 0.0546 477 194 500 208
boat 0.0508 0 307 97 331
boat 0.0306 472 187 499 211
boat 0.0245 1 265 214 330
boat 0.0199 487 269 499 331
boat 0.0116 78 196 92 202
boat 0.0101 487 194 500 208
boat 0.0090 487 309 500 332
boat 0.0087 492 206 500 218
boat 0.0086 82 196 98 201
boat 0.0055 490 196 500 217
boat 0.0055 1 306 186 331
boat 0.0045 77 195 101 202
boat 0.0043 91 196 103 201
boat 0.0043 491 204 499 214
boat 0.0026 404 181 500 218
boat 0.0021 484 205 500 218
boat 0.0019 432 188 499 212
boat 0.0015 279 242 492 328
boat 0.0014 466 210 500 331
boat 0.0013 30 167 453 331
boat 0.0012 471 185 499 201
boat 0.0011 492 194 500 201
boat 0.0010 463 268 499 331
boat 0.0010 0 264 88 283
bird 0.0011 185 0 195 8
chair 0.0194 488 310 499 332
chair 0.0050 487 267 499 333
