person 0.8140 256 279 264 302
person 0.7068 445 292 458 314
person 0.6935 422 291 435 312
person 0.4542 372 286 383 300
person 0.4103 168 283 180 302
person 0.3967 24 285 31 302
person 0.3812 104 283 114 302
person 0.3751 1 282 10 305
person 0.3548 274 278 278 289
person 0.2440 265 276 270 288
person 0.2111 372 292 383 311
person 0.2106 276 278 282 289
person 0.1669 0 283 3 305
person 0.1140 260 276 265 289
person 0.1080 16 285 25 302
person 0.1055 162 285 183 304
person 0.0769 120 289 128 301
person 0.0455 94 285 102 302
person 0.0357 423 291 434 301
person 0.0320 0 283 4 294
person 0.0266 109 286 116 301
person 0.0256 445 291 457 303
person 0.0237 279 281 282 289
person 0.0234 3 289 11 306
person 0.0230 92 291 97 303
person 0.0218 376 291 382 299
person 0.0187 257 280 264 290
person 0.0148 2 283 9 295
person 0.0138 1 282 8 291
person 0.0136 418 295 431 312
person 0.0136 103 282 109 300
person 0.0135 155 276 162 283
person 0.0130 27 169 31 183
person 0.0125 325 297 339 304
person 0.0110 322 294 334 303
person 0.0087 75 293 80 303
person 0.0085 266 276 270 284
person 0.0078 316 294 327 305
person 0.0073 372 285 377 296
person 0.0068 8 170 12 182
person 0.0067 269 278 275 289
person 0.0061 310 292 354 321
person 0.0054 105 282 110 290
person 0.0051 258 277 263 284
person 0.0050 92 280 99 288
person 0.0049 20 170 27 183
person 0.0047 77 293 89 303
person 0.0046 398 285 404 299
person 0.0040 120 288 125 297
person 0.0034 422 293 428 300
person 0.0033 362 292 370 299
person 0.0032 330 295 337 302
person 0.0031 152 270 182 284
person 0.0028 5 169 14 182
person 0.0023 111 287 117 297
person 0.0022 17 285 34 303
person 0.0022 125 287 130 294
person 0.0021 0 297 5 306
person 0.0020 256 281 260 289
person 0.0018 26 281 31 287
person 0.0012 9 169 13 177
person 0.0012 320 293 336 309
person 0.0012 146 278 156 296
person 0.0011 495 302 499 329
person 0.0011 101 283 108 290
person 0.0010 152 272 169 283
person 0.0010 276 277 280 285
person 0.0010 317 295 325 302
person 0.0010 141 285 147 296
bicycle 0.4136 161 294 184 306
bicycle 0.3977 443 301 466 314
bicycle 0.2537 418 298 436 313
bicycle 0.0343 422 299 468 314
bicycle 0.0223 257 289 264 301
bicycle 0.0175 0 292 4 305
bicycle 0.0163 103 289 114 302
bicycle 0.0162 118 290 128 302
bicycle 0.0159 428 301 436 313
bicycle 0.0135 169 298 184 306
bicycle 0.0099 373 292 383 311
bicycle 0.0074 116 291 123 301
bicycle 0.0068 268 281 273 289
bicycle 0.0066 112 290 119 301
bicycle 0.0058 108 289 122 302
bicycle 0.0054 110 291 117 302
bicycle 0.0044 417 299 424 312
bicycle 0.0033 431 300 445 313
bicycle 0.0030 161 293 175 302
bicycle 0.0027 416 300 428 314
bicycle 0.0027 445 295 457 306
bicycle 0.0026 0 291 10 305
bicycle 0.0026 100 292 107 302
bicycle 0.0026 76 292 91 303
bicycle 0.0018 455 302 467 314
bicycle 0.0016 173 295 185 304
bicycle 0.0013 95 291 112 302
bicycle 0.0012 175 300 185 307
car 0.8444 187 284 211 301
car 0.8444 345 289 375 317
car 0.7939 308 289 357 324
car 0.7294 35 285 70 302
car 0.6160 75 284 102 301
car 0.2700 348 275 356 281
car 0.2054 146 270 183 301
car 0.1862 0 285 29 304
car 0.1268 338 275 349 280
car 0.0902 372 294 382 312
car 0.0734 371 287 382 300
car 0.0462 5 283 27 299
car 0.0336 146 283 171 301
car 0.0243 54 276 62 281
car 0.0214 29 273 40 282
car 0.0129 68 290 80 302
car 0.0113 45 276 59 281
car 0.0107 329 275 340 280
car 0.0089 102 286 120 301
car 0.0076 25 290 32 302
car 0.0071 369 292 386 314
car 0.0069 141 288 148 295
car 0.0051 24 286 34 302
car 0.0047 75 292 94 303
car 0.0041 370 300 381 314
car 0.0041 16 288 29 303
car 0.0040 338 275 357 281
car 0.0034 353 275 360 281
car 0.0031 74 287 85 303
car 0.0028 80 282 99 289
car 0.0023 141 287 153 296
car 0.0021 45 278 59 283
car 0.0020 339 270 351 278
car 0.0018 145 273 166 298
car 0.0016 34 291 53 303
car 0.0015 17 282 28 290
car 0.0011 34 289 43 301
car 0.0011 289 274 295 280
car 0.0011 27 292 42 302
car 0.0010 44 278 52 283
car 0.0010 61 287 70 301
car 0.0010 311 273 317 278
car 0.0010 53 286 71 301
motorbike 0.0245 169 288 180 302
motorbike 0.0126 0 291 5 305
motorbike 0.0088 1 288 11 305
motorbike 0.0033 24 288 31 302
aeroplane 0.0048 339 119 355 124
aeroplane 0.0028 3 160 32 183
aeroplane 0.0012 17 169 30 183
bus 0.8033 145 268 185 301
bus 0.1780 141 273 155 295
bus 0.0043 149 269 184 287
bird 0.0383 152 135 155 138
bird 0.0268 140 130 143 133
bird 0.0199 188 128 191 131
bird 0.0118 322 21 328 26
bird 0.0102 345 119 354 123
bird 0.0031 191 132 195 136
bird 0.0020 191 133 195 136
bird 0.0013 304 147 309 161
