person 0.0094 0 326 23 372
person 0.0028 0 272 23 372
car 0.0057 0 330 23 373
dog 0.0011 0 311 23 371
sheep 0.0163 0 140 51 282
sheep 0.0048 252 123 300 169
cow 0.9589 82 107 245 221
cow 0.8660 312 100 496 158
cow 0.8436 328 120 499 276
cow 0.8138 0 139 51 293
cow 0.7765 141 146 399 370
cow 0.6087 251 123 303 168
cow 0.2864 291 205 392 270
cow 0.0613 485 262 500 287
cow 0.0419 467 107 499 125
cow 0.0386 291 205 426 323
cow 0.0279 293 204 498 285
cow 0.0201 0 138 20 153
cow 0.0191 248 123 388 266
cow 0.0148 465 117 499 274
cow 0.0134 474 113 500 125
cow 0.0131 485 239 499 287
cow 0.0090 293 132 321 160
cow 0.0084 277 253 425 365
cow 0.0069 0 329 23 374
cow 0.0063 466 200 499 273
cow 0.0057 251 121 331 232
cow 0.0042 312 123 359 157
cow 0.0037 491 114 499 124
cow 0.0031 436 103 499 125
cow 0.0030 138 250 428 371
cow 0.0023 271 131 323 161
cow 0.0022 373 100 480 130
cow 0.0022 292 131 340 171
cow 0.0016 291 203 498 368
cow 0.0014 21 184 51 256
cow 0.0013 0 174 26 284
cow 0.0012 0 224 24 287
cow 0.0010 0 141 9 153
cow 0.0010 0 161 33 364
chair 0.0034 0 330 23 374
