person 0.0048 0 2 24 152
person 0.0031 86 0 113 32
person 0.0015 235 0 261 29
person 0.0011 240 0 315 15
bottle 0.8931 12 170 90 402
bottle 0.8369 255 0 291 95
bottle 0.8080 222 32 245 110
bottle 0.7958 103 45 132 116
bottle 0.6121 102 13 132 74
bottle 0.1446 223 25 242 55
bottle 0.1427 236 23 251 54
bottle 0.1389 60 217 88 288
bottle 0.1282 256 0 266 12
bottle 0.1154 235 22 254 87
bottle 0.1136 157 17 178 43
bottle 0.1009 193 19 223 62
bottle 0.0878 103 12 126 54
bottle 0.0752 205 38 224 63
bottle 0.0742 59 217 81 256
bottle 0.0686 254 0 266 45
bottle 0.0534 137 33 157 50
bottle 0.0510 194 19 213 41
bottle 0.0457 71 204 92 255
bottle 0.0350 152 18 198 59
bottle 0.0305 286 0 308 7
bottle 0.0241 237 25 249 77
bottle 0.0229 132 32 159 66
bottle 0.0223 307 0 333 13
bottle 0.0204 92 0 113 31
bottle 0.0112 71 234 92 265
bottle 0.0100 212 30 223 45
bottle 0.0099 12 170 49 254
bottle 0.0078 244 28 255 77
bottle 0.0067 126 41 142 70
bottle 0.0048 103 45 128 77
bottle 0.0035 87 0 113 52
bottle 0.0033 85 0 96 32
bottle 0.0026 239 39 252 99
bottle 0.0026 62 228 88 346
bottle 0.0022 123 45 132 72
bottle 0.0021 234 1 266 42
bottle 0.0021 319 0 332 7
bottle 0.0020 235 23 250 36
bottle 0.0020 202 27 223 59
bottle 0.0020 300 0 309 7
bottle 0.0018 11 170 69 296
bottle 0.0018 124 17 221 80
bottle 0.0017 192 40 211 60
bottle 0.0015 223 25 240 37
bottle 0.0015 284 0 332 12
bottle 0.0015 13 172 40 227
bottle 0.0012 251 131 271 185
bottle 0.0011 245 45 255 69
bottle 0.0011 239 47 250 80
bottle 0.0010 25 242 87 295
bottle 0.0010 188 28 229 110
bottle 0.0010 208 49 223 63
chair 0.8421 112 0 236 42
chair 0.0174 117 0 233 9
chair 0.0145 88 0 113 32
chair 0.0100 0 51 25 138
chair 0.0049 85 0 95 33
chair 0.0022 234 0 333 38
chair 0.0020 235 0 264 35
chair 0.0018 0 140 18 179
chair 0.0016 122 0 236 18
chair 0.0016 0 0 16 60
chair 0.0012 110 0 140 42
chair 0.0012 0 234 25 278
chair 0.0010 7 22 117 147
pottedplant 0.0146 148 18 209 61
pottedplant 0.0027 172 23 200 56
pottedplant 0.0020 129 32 182 67
diningtable 0.8272 0 17 329 501
diningtable 0.0180 7 10 333 223
diningtable 0.0067 7 257 332 498
diningtable 0.0022 42 7 305 125
diningtable 0.0013 3 48 117 193
diningtable 0.0012 248 0 333 67
diningtable 0.0012 11 29 134 142
