person 0.9189 343 56 499 369
person 0.8855 43 38 268 369
person 0.0236 473 0 500 59
person 0.0155 0 179 14 285
person 0.0037 0 177 44 287
person 0.0024 412 8 476 75
person 0.0019 0 176 3 194
person 0.0012 0 182 9 250
person 0.0011 0 177 5 215
person 0.0011 0 177 16 216
car 0.0021 414 10 473 74
motorbike 0.0087 92 0 252 85
bottle 0.0096 299 219 322 266
bottle 0.0082 473 0 500 58
bottle 0.0025 299 221 312 243
bottle 0.0017 415 12 468 69
chair 0.0213 0 216 56 285
chair 0.0047 260 240 353 371
chair 0.0032 261 239 317 270
chair 0.0022 261 239 321 320
chair 0.0017 203 290 225 372
chair 0.0016 261 227 305 243
chair 0.0012 474 348 499 374
sofa 0.0115 0 215 54 283
sofa 0.0059 223 235 353 371
sofa 0.0021 81 230 451 371
pottedplant 0.0011 364 1 420 55
diningtable 0.0702 0 281 75 357
diningtable 0.0076 0 274 73 293
diningtable 0.0071 1 215 77 368
diningtable 0.0056 261 230 354 271
diningtable 0.0046 6 233 355 370
diningtable 0.0024 261 228 353 333
diningtable 0.0024 0 281 237 370
diningtable 0.0022 0 217 50 286
diningtable 0.0021 0 273 74 321
diningtable 0.0010 0 313 72 373
diningtable 0.0010 260 224 321 243
