person 0.8913 401 7 435 112
person 0.8010 374 13 397 85
person 0.7323 387 13 405 78
person 0.6523 26 13 39 68
person 0.6098 361 18 377 42
person 0.5687 0 34 13 71
person 0.3408 51 4 66 65
person 0.2322 434 24 447 49
person 0.1259 24 22 31 63
person 0.1185 342 15 351 29
person 0.1131 0 52 10 72
person 0.1037 51 4 64 38
person 0.0737 65 26 84 66
person 0.0645 434 24 445 37
person 0.0541 361 18 377 75
person 0.0418 80 82 122 110
person 0.0349 432 23 450 59
person 0.0237 398 18 407 32
person 0.0151 333 11 344 23
person 0.0149 270 0 308 14
person 0.0148 28 12 37 34
person 0.0130 386 12 392 27
person 0.0113 387 11 394 23
person 0.0108 102 7 115 16
person 0.0093 389 14 406 33
person 0.0087 67 26 76 45
person 0.0072 384 11 396 25
person 0.0071 180 24 195 34
person 0.0068 370 12 382 26
person 0.0068 86 55 125 107
person 0.0068 75 34 83 50
person 0.0065 267 0 323 19
person 0.0062 56 23 67 66
person 0.0051 28 11 36 23
person 0.0049 332 4 339 15
person 0.0045 236 0 320 15
person 0.0044 96 59 124 94
person 0.0039 374 12 390 30
person 0.0037 332 8 342 17
person 0.0031 366 18 376 28
person 0.0026 488 38 499 51
person 0.0025 399 18 408 47
person 0.0025 400 14 416 59
person 0.0024 182 6 201 34
person 0.0023 171 11 196 35
person 0.0021 375 14 390 46
person 0.0018 50 4 64 15
person 0.0018 24 25 29 45
person 0.0015 441 32 461 48
person 0.0014 433 28 443 62
person 0.0013 369 47 375 54
person 0.0013 349 16 360 22
person 0.0013 67 26 75 36
person 0.0013 454 49 462 60
person 0.0013 400 8 437 32
person 0.0012 156 21 169 35
person 0.0011 385 12 406 49
person 0.0011 229 0 330 27
person 0.0011 437 29 471 49
person 0.0011 101 8 117 48
person 0.0010 287 0 306 12
person 0.0010 224 0 269 20
car 0.9640 52 34 470 326
car 0.8634 432 30 499 93
car 0.7268 222 0 378 112
car 0.5813 465 47 499 116
car 0.3017 442 23 494 48
car 0.2584 424 16 443 32
car 0.2352 477 14 499 30
car 0.2012 0 34 14 54
car 0.1958 348 17 366 34
car 0.1538 398 15 416 30
car 0.1267 364 11 391 25
car 0.1253 365 11 416 29
car 0.1172 442 22 463 31
car 0.1087 397 12 440 31
car 0.0880 141 20 171 36
car 0.0863 425 15 461 31
car 0.0496 442 23 491 35
car 0.0348 426 16 452 46
car 0.0335 403 15 452 36
car 0.0318 434 26 455 50
car 0.0301 366 11 440 39
car 0.0282 334 14 360 32
car 0.0233 0 20 25 56
car 0.0190 391 10 417 27
car 0.0167 334 14 351 26
car 0.0160 367 11 407 62
car 0.0134 200 10 222 35
car 0.0132 469 30 499 45
car 0.0127 397 18 407 32
car 0.0110 438 15 461 27
car 0.0098 399 11 440 56
car 0.0097 398 11 417 21
car 0.0086 487 93 500 116
car 0.0086 434 23 473 44
car 0.0073 491 13 499 22
car 0.0069 491 36 500 50
car 0.0067 457 30 499 54
car 0.0063 55 0 378 113
car 0.0059 451 28 499 42
car 0.0052 490 13 500 30
car 0.0049 493 92 500 114
car 0.0045 0 37 28 56
car 0.0042 468 46 499 73
car 0.0041 400 9 418 18
car 0.0041 441 20 479 31
car 0.0038 224 0 335 29
car 0.0032 399 8 433 25
car 0.0031 333 20 352 30
car 0.0028 411 17 447 63
car 0.0026 351 16 365 21
car 0.0024 490 48 499 119
car 0.0023 394 9 412 15
car 0.0023 139 19 218 38
car 0.0023 392 9 402 15
car 0.0023 336 23 376 56
car 0.0023 381 10 412 23
car 0.0022 0 34 9 43
car 0.0022 439 28 500 61
car 0.0020 202 10 218 25
car 0.0019 169 23 182 35
car 0.0019 492 20 500 31
car 0.0018 436 38 456 48
car 0.0017 425 15 443 25
car 0.0017 466 24 500 93
car 0.0015 59 7 72 14
car 0.0015 383 13 408 43
car 0.0014 361 17 376 29
car 0.0014 392 10 401 18
car 0.0012 20 35 31 57
car 0.0012 333 26 364 40
car 0.0012 398 17 409 47
car 0.0011 427 12 454 25
car 0.0011 451 15 499 31
car 0.0011 360 28 377 60
car 0.0011 177 25 194 35
car 0.0010 227 25 271 44
car 0.0010 365 10 390 19
car 0.0010 131 20 257 42
motorbike 0.0453 0 51 11 72
motorbike 0.0018 0 33 16 71
