person 0.0015 189 184 193 195
car 0.0148 209 187 223 193
car 0.0017 151 185 177 193
car 0.0012 318 182 346 192
car 0.0010 285 187 296 192
aeroplane 0.9055 204 112 432 192
aeroplane 0.6699 0 165 83 195
aeroplane 0.0250 81 165 132 193
aeroplane 0.0161 363 168 433 187
aeroplane 0.0155 323 170 432 191
aeroplane 0.0131 457 116 499 191
aeroplane 0.0115 5 160 139 194
aeroplane 0.0084 459 179 499 192
aeroplane 0.0058 0 163 3 177
aeroplane 0.0047 0 133 82 195
aeroplane 0.0047 363 165 432 179
aeroplane 0.0038 427 168 433 175
aeroplane 0.0029 203 172 227 193
aeroplane 0.0024 18 110 473 193
aeroplane 0.0022 361 173 422 183
aeroplane 0.0020 459 181 483 192
aeroplane 0.0020 459 184 475 191
aeroplane 0.0020 78 181 103 194
aeroplane 0.0019 112 163 129 172
aeroplane 0.0018 0 163 6 186
aeroplane 0.0018 67 179 83 194
aeroplane 0.0018 318 180 346 192
aeroplane 0.0016 424 176 500 192
aeroplane 0.0015 0 186 26 197
aeroplane 0.0015 98 167 130 185
aeroplane 0.0011 408 168 433 175
aeroplane 0.0011 113 163 131 183
bus 0.0036 372 177 423 190
bus 0.0026 386 181 418 191
