person 0.9432 388 235 489 333
person 0.7977 259 128 281 163
person 0.5817 445 212 465 232
person 0.1656 170 164 182 212
person 0.1273 445 163 456 188
person 0.0706 242 143 253 162
person 0.0394 33 183 41 209
person 0.0287 493 208 500 234
person 0.0188 423 190 495 256
person 0.0181 31 182 42 220
person 0.0122 437 201 493 229
person 0.0111 495 208 499 214
person 0.0093 457 213 474 229
person 0.0082 495 168 500 189
person 0.0079 275 140 289 162
person 0.0073 433 207 464 234
person 0.0067 177 168 186 210
person 0.0065 33 184 40 197
person 0.0046 383 178 390 199
person 0.0043 408 189 422 200
person 0.0037 456 168 466 188
person 0.0036 170 163 178 188
person 0.0028 424 175 433 184
person 0.0027 388 257 419 315
person 0.0027 270 150 283 163
person 0.0026 162 162 173 213
person 0.0026 494 206 499 216
person 0.0023 447 212 460 222
person 0.0022 493 227 499 235
person 0.0020 410 175 415 182
person 0.0018 470 211 498 230
person 0.0018 154 154 167 214
person 0.0017 209 147 224 164
person 0.0017 464 177 477 188
person 0.0017 210 140 235 164
person 0.0016 493 170 499 201
person 0.0016 132 176 140 215
person 0.0016 455 207 474 224
person 0.0015 394 182 419 204
person 0.0014 283 144 289 159
person 0.0013 423 202 459 239
person 0.0013 192 140 214 165
person 0.0013 446 213 481 232
person 0.0013 46 184 52 199
person 0.0012 493 220 499 234
person 0.0011 203 141 226 164
person 0.0011 277 127 290 158
person 0.0011 400 186 416 200
person 0.0010 277 149 289 161
person 0.0010 403 187 425 202
bicycle 0.5577 31 199 49 224
bicycle 0.0088 30 210 42 223
bicycle 0.0020 480 185 497 198
bicycle 0.0013 31 187 42 218
car 0.8759 422 199 499 301
car 0.8469 393 184 451 239
car 0.7179 421 188 486 240
car 0.6489 389 186 401 203
car 0.2350 399 180 414 193
car 0.1154 423 175 433 184
car 0.1139 432 179 444 185
car 0.0701 411 179 427 185
car 0.0648 428 188 488 217
car 0.0408 354 173 377 193
car 0.0401 439 184 454 190
car 0.0265 431 184 453 192
car 0.0262 354 181 371 193
car 0.0234 388 181 414 204
car 0.0192 399 180 428 195
car 0.0064 404 183 452 198
car 0.0044 427 184 453 200
car 0.0037 493 191 499 199
car 0.0023 470 228 499 295
car 0.0021 326 182 341 201
car 0.0021 439 187 500 205
car 0.0017 421 190 445 241
car 0.0017 470 211 498 230
car 0.0016 424 208 469 258
car 0.0012 409 176 414 182
car 0.0011 423 202 459 239
bus 0.0493 183 80 326 249
bus 0.0074 354 170 379 193
train 0.9396 181 76 327 252
train 0.0017 321 122 386 195
