boat 0.0145 0 204 71 349
boat 0.0089 132 160 169 185
boat 0.0079 0 175 168 346
boat 0.0021 138 170 168 184
boat 0.0019 60 213 128 334
boat 0.0015 61 217 127 277
bird 0.0919 281 159 408 347
bottle 0.5338 237 208 275 296
bottle 0.1015 235 152 250 184
bottle 0.0022 246 147 258 183
bottle 0.0020 275 188 292 254
bottle 0.0014 277 129 291 160
bottle 0.0013 207 202 306 305
bottle 0.0011 282 135 296 160
bottle 0.0011 237 140 247 164
bottle 0.0010 238 148 246 171
chair 0.5682 280 159 409 352
chair 0.0014 61 222 126 334
pottedplant 0.0103 103 201 174 280
pottedplant 0.0070 37 102 135 188
pottedplant 0.0026 414 32 499 182
pottedplant 0.0021 105 188 225 278
diningtable 0.0221 419 185 499 240
diningtable 0.0206 407 185 499 308
diningtable 0.0040 153 166 284 198
diningtable 0.0036 -5 144 474 374
diningtable 0.0019 145 156 285 272
diningtable 0.0013 275 159 495 353
diningtable 0.0012 392 151 500 250
tvmonitor 0.8572 341 94 428 170
tvmonitor 0.0043 437 108 499 181
tvmonitor 0.0039 416 64 499 184
tvmonitor 0.0014 392 0 500 32
tvmonitor 0.0012 331 88 497 199
