person 0.9174 460 103 480 198
person 0.8957 213 91 257 198
person 0.8857 81 84 120 206
person 0.8366 128 102 152 137
person 0.7176 303 101 325 151
person 0.6802 346 111 365 137
person 0.2135 292 109 317 152
person 0.0509 280 108 316 200
person 0.0423 127 101 154 175
person 0.0332 264 194 290 249
person 0.0249 293 109 310 133
person 0.0136 431 187 457 240
person 0.0128 293 109 309 122
person 0.0091 165 208 181 250
person 0.0085 340 111 370 169
person 0.0058 127 110 177 180
person 0.0053 367 199 387 245
person 0.0037 0 270 24 282
person 0.0026 0 107 12 120
person 0.0026 78 87 164 202
person 0.0025 86 208 104 258
person 0.0022 433 103 480 202
person 0.0019 290 202 305 245
person 0.0017 471 104 480 137
person 0.0015 100 86 119 149
person 0.0013 473 174 480 195
person 0.0013 263 159 295 249
person 0.0013 273 88 287 98
person 0.0012 143 114 156 126
person 0.0012 213 99 318 197
person 0.0012 314 73 321 79
person 0.0010 303 103 319 118
car 0.7614 316 103 387 125
car 0.0202 168 104 188 118
car 0.0140 362 112 387 125
car 0.0104 318 103 365 113
car 0.0082 341 63 360 83
car 0.0056 273 89 290 99
car 0.0030 342 71 364 84
car 0.0019 342 63 357 74
car 0.0016 330 64 338 71
car 0.0016 344 110 386 126
car 0.0015 325 104 352 113
car 0.0013 247 82 259 93
car 0.0012 345 77 357 83
car 0.0011 314 78 326 83
car 0.0011 356 58 369 68
car 0.0010 344 104 361 113
boat 0.0045 340 62 366 84
horse 0.9517 40 117 179 263
horse 0.9042 431 152 480 241
horse 0.8819 264 133 343 251
horse 0.8791 168 117 315 253
horse 0.8072 323 131 425 247
horse 0.7810 89 142 219 262
horse 0.6436 319 131 373 248
horse 0.5401 0 108 29 159
horse 0.5095 0 108 29 283
horse 0.0453 312 133 342 176
horse 0.0237 329 130 373 201
horse 0.0188 305 129 325 154
horse 0.0183 340 131 372 175
horse 0.0076 40 154 92 262
horse 0.0061 283 133 342 199
horse 0.0044 166 177 201 250
horse 0.0037 351 131 480 245
horse 0.0034 374 132 426 193
horse 0.0030 435 185 468 240
horse 0.0017 0 107 12 120
horse 0.0012 214 100 318 197
horse 0.0012 169 141 221 188
horse 0.0010 147 142 221 251
