person 0.8575 294 61 400 210
person 0.8563 439 41 499 269
person 0.7977 375 73 465 243
person 0.7741 236 89 324 185
person 0.7110 187 97 243 182
person 0.7035 0 282 151 373
person 0.6793 54 74 254 329
person 0.2128 134 143 200 234
person 0.1746 58 99 106 196
person 0.1123 83 101 94 108
person 0.0771 0 281 77 366
person 0.0761 267 89 323 162
person 0.0394 57 75 190 206
person 0.0279 0 276 25 365
person 0.0141 384 42 504 268
person 0.0106 74 106 93 140
person 0.0096 161 146 209 186
person 0.0095 320 69 338 116
person 0.0085 132 94 219 265
person 0.0082 79 100 103 141
person 0.0080 0 32 14 80
person 0.0079 0 33 16 160
person 0.0074 148 104 226 201
person 0.0064 155 144 188 175
person 0.0060 289 69 465 244
person 0.0055 141 216 252 276
person 0.0055 82 101 94 125
person 0.0053 44 93 52 102
person 0.0045 134 167 180 232
person 0.0044 38 108 97 227
person 0.0043 0 311 20 366
person 0.0039 47 94 53 105
person 0.0032 163 118 202 176
person 0.0031 451 141 499 268
person 0.0029 73 310 150 373
person 0.0027 313 74 335 121
person 0.0024 0 238 34 361
person 0.0020 81 112 96 141
person 0.0020 0 329 88 373
person 0.0019 134 94 187 214
person 0.0018 76 103 94 119
person 0.0016 168 110 192 152
person 0.0014 304 79 330 123
person 0.0014 397 73 462 163
person 0.0013 0 271 11 315
person 0.0013 49 93 60 108
person 0.0011 77 109 98 155
person 0.0011 184 155 211 188
person 0.0011 487 133 499 191
person 0.0011 492 136 499 170
person 0.0010 158 95 270 192
person 0.0010 268 89 320 128
person 0.0010 0 253 74 338
bottle 0.0089 208 139 222 191
chair 0.7511 19 187 69 286
chair 0.4246 41 164 63 222
chair 0.0587 41 109 76 120
chair 0.0472 20 187 111 303
chair 0.0423 38 115 89 170
chair 0.0389 20 187 58 250
chair 0.0378 42 154 62 196
chair 0.0363 43 164 62 181
chair 0.0271 0 234 36 284
chair 0.0243 38 127 55 180
chair 0.0154 76 108 92 120
chair 0.0145 15 185 156 361
chair 0.0129 230 110 279 157
chair 0.0129 53 123 75 168
chair 0.0118 75 107 93 136
chair 0.0109 0 188 34 281
chair 0.0089 41 111 52 120
chair 0.0053 59 157 66 169
chair 0.0052 71 130 82 147
chair 0.0050 232 100 320 162
chair 0.0048 39 124 64 170
chair 0.0047 176 117 202 151
chair 0.0044 40 107 84 125
chair 0.0040 0 273 8 299
chair 0.0039 0 293 21 364
chair 0.0037 2 186 76 363
chair 0.0035 236 119 245 144
chair 0.0032 419 222 448 257
chair 0.0031 58 148 68 169
chair 0.0030 0 234 30 258
chair 0.0029 236 114 255 146
chair 0.0027 0 272 5 291
chair 0.0026 239 120 252 145
chair 0.0025 20 187 46 210
chair 0.0023 459 185 499 269
chair 0.0023 253 114 277 153
chair 0.0021 39 125 51 134
chair 0.0018 68 128 79 155
chair 0.0017 0 325 19 366
chair 0.0017 20 189 34 252
chair 0.0017 0 260 34 301
chair 0.0016 40 165 66 258
chair 0.0014 70 121 97 157
chair 0.0014 42 171 56 196
chair 0.0013 188 118 207 150
chair 0.0013 135 169 182 225
chair 0.0012 275 125 292 160
chair 0.0012 267 117 277 152
chair 0.0012 57 156 65 176
chair 0.0012 0 144 4 178
chair 0.0011 175 126 194 153
chair 0.0011 190 116 206 131
chair 0.0011 46 164 60 174
diningtable 0.5304 157 152 498 370
diningtable 0.0881 37 114 90 171
diningtable 0.0773 228 111 277 153
diningtable 0.0294 0 193 22 239
diningtable 0.0228 176 254 495 371
diningtable 0.0175 168 148 199 164
diningtable 0.0173 386 257 499 371
diningtable 0.0171 40 109 82 124
diningtable 0.0157 228 111 273 120
diningtable 0.0156 161 147 209 184
diningtable 0.0147 39 115 90 127
diningtable 0.0112 204 314 384 374
diningtable 0.0067 177 105 284 184
diningtable 0.0048 161 163 184 173
diningtable 0.0044 0 179 36 276
diningtable 0.0038 227 111 274 130
diningtable 0.0036 39 112 90 142
diningtable 0.0023 404 327 499 372
diningtable 0.0021 0 234 33 284
diningtable 0.0018 186 104 275 141
diningtable 0.0016 29 122 84 132
diningtable 0.0015 173 146 303 200
diningtable 0.0014 169 146 198 156
diningtable 0.0013 190 116 206 131
diningtable 0.0013 174 245 279 318
diningtable 0.0012 186 169 255 206
diningtable 0.0011 39 107 100 120
diningtable 0.0011 0 145 24 240
diningtable 0.0010 331 315 499 371
tvmonitor 0.1340 151 27 230 75
tvmonitor 0.1244 33 80 66 109
tvmonitor 0.0253 0 34 20 181
tvmonitor 0.0171 0 110 4 143
tvmonitor 0.0120 33 80 64 93
tvmonitor 0.0101 0 35 14 81
tvmonitor 0.0071 71 77 83 107
tvmonitor 0.0069 0 82 5 145
tvmonitor 0.0049 312 14 334 79
tvmonitor 0.0046 312 9 355 77
tvmonitor 0.0035 461 0 499 50
tvmonitor 0.0028 32 67 79 110
tvmonitor 0.0020 0 73 18 146
tvmonitor 0.0019 38 92 62 107
tvmonitor 0.0014 0 44 16 124
tvmonitor 0.0012 0 131 3 143
