person 0.9031 0 0 384 368
person 0.7130 351 36 420 195
person 0.3799 297 94 363 200
person 0.1227 479 -2 499 267
person 0.0222 292 9 353 199
person 0.0210 477 1 499 130
person 0.0086 459 1 500 369
person 0.0040 293 45 397 198
person 0.0039 195 -1 395 368
person 0.0036 282 32 377 355
person 0.0030 265 189 376 367
person 0.0025 482 66 500 366
person 0.0018 218 142 345 359
person 0.0016 401 2 498 370
person 0.0016 480 72 499 121
person 0.0016 479 71 500 195
bottle 0.8478 406 164 429 238
bottle 0.8008 340 156 362 234
bottle 0.6282 327 148 343 217
bottle 0.5036 363 170 388 238
bottle 0.1243 366 168 378 196
bottle 0.0333 383 194 408 237
bottle 0.0208 340 155 351 193
bottle 0.0208 370 175 382 197
bottle 0.0202 331 147 347 195
bottle 0.0088 292 158 307 200
bottle 0.0060 328 146 341 178
bottle 0.0057 357 167 376 231
bottle 0.0042 375 190 388 238
bottle 0.0039 367 168 375 182
bottle 0.0034 342 155 351 179
bottle 0.0028 341 156 360 200
bottle 0.0024 331 147 343 170
bottle 0.0021 381 164 410 238
bottle 0.0017 329 173 341 218
bottle 0.0014 343 155 350 169
bottle 0.0013 365 166 380 214
chair 0.8916 345 246 485 372
chair 0.0026 273 183 306 223
diningtable 0.0025 66 219 484 376
diningtable 0.0011 -2 307 499 371
