person 0.8951 345 0 499 112
person 0.5008 201 73 215 115
person 0.3638 0 118 70 207
person 0.0138 163 84 168 92
person 0.0075 152 85 158 94
person 0.0067 213 82 220 105
person 0.0032 0 119 70 367
person 0.0028 175 85 192 93
person 0.0021 344 0 423 111
person 0.0013 211 89 219 107
person 0.0010 1 116 172 210
car 0.4728 148 84 209 117
car 0.0232 141 70 227 120
car 0.0054 191 85 203 93
car 0.0016 161 84 214 94
car 0.0012 173 85 194 94
bottle 0.9067 238 158 294 316
bottle 0.7866 0 243 26 365
bottle 0.1044 334 221 364 278
bottle 0.0833 270 135 286 159
bottle 0.0829 212 315 273 374
bottle 0.0663 183 279 230 349
bottle 0.0380 249 99 269 136
bottle 0.0370 269 135 295 202
bottle 0.0289 348 175 412 222
bottle 0.0127 101 95 115 139
bottle 0.0067 187 279 228 309
bottle 0.0066 97 83 124 139
bottle 0.0020 111 94 123 138
bottle 0.0019 220 315 269 350
bottle 0.0018 206 116 250 164
bottle 0.0017 172 280 248 374
bottle 0.0014 248 98 272 159
bottle 0.0013 187 335 223 374
bottle 0.0010 238 161 295 201
chair 0.6053 312 104 462 148
chair 0.5200 316 70 344 112
chair 0.3426 312 105 386 144
chair 0.2977 0 118 70 207
chair 0.1006 383 106 462 150
chair 0.0485 472 103 499 153
chair 0.0393 312 110 326 143
chair 0.0293 383 109 433 143
chair 0.0124 423 106 465 150
chair 0.0080 443 100 499 154
chair 0.0059 483 110 499 147
chair 0.0054 0 115 72 325
chair 0.0050 489 118 500 152
chair 0.0042 312 109 345 143
chair 0.0038 448 103 478 153
chair 0.0032 480 138 499 152
chair 0.0027 447 126 465 151
chair 0.0027 308 122 488 154
chair 0.0023 480 106 499 120
chair 0.0018 466 16 499 152
chair 0.0013 63 158 75 194
chair 0.0012 410 93 443 113
chair 0.0011 472 105 486 152
sofa 0.0868 0 118 70 208
diningtable 0.7892 3 135 497 368
diningtable 0.0686 0 276 192 371
diningtable 0.0247 0 159 215 369
diningtable 0.0166 0 127 495 232
diningtable 0.0122 473 89 500 152
diningtable 0.0049 279 138 498 369
diningtable 0.0038 -1 266 492 372
diningtable 0.0027 13 75 498 180
diningtable 0.0017 138 161 245 272
diningtable 0.0013 12 263 188 324
diningtable 0.0012 61 150 220 261
tvmonitor 0.7942 476 16 499 82
tvmonitor 0.7575 139 54 229 125
tvmonitor 0.0015 485 0 499 17
tvmonitor 0.0012 143 64 225 92
tvmonitor 0.0011 453 16 499 87
