person 0.9041 86 160 233 442
chair 0.7371 25 240 75 325
chair 0.4776 0 251 24 318
chair 0.0981 255 340 322 408
chair 0.0225 0 250 56 320
chair 0.0197 1 307 211 500
chair 0.0039 0 251 22 270
chair 0.0033 33 239 72 282
chair 0.0025 20 237 62 276
chair 0.0020 21 227 60 263
chair 0.0017 15 240 54 264
chair 0.0015 16 254 27 319
chair 0.0012 83 268 114 364
chair 0.0010 0 241 26 253
chair 0.0010 350 398 374 499
sofa 0.8942 0 314 211 499
sofa 0.0604 255 339 322 408
sofa 0.0248 166 389 372 499
sofa 0.0083 7 370 372 499
sofa 0.0013 5 298 365 454
pottedplant 0.7260 303 282 374 353
pottedplant 0.2212 76 82 267 409
pottedplant 0.0199 181 253 267 408
pottedplant 0.0134 71 147 143 362
pottedplant 0.0116 336 286 374 324
pottedplant 0.0094 72 267 113 365
pottedplant 0.0053 358 296 374 324
pottedplant 0.0044 176 90 268 410
pottedplant 0.0025 67 95 195 369
pottedplant 0.0019 181 320 264 397
pottedplant 0.0011 82 250 127 366
diningtable 0.0726 0 248 53 319
diningtable 0.0317 169 389 374 499
diningtable 0.0178 0 252 55 276
diningtable 0.0051 0 241 54 267
diningtable 0.0039 19 254 51 270
diningtable 0.0028 0 251 24 270
tvmonitor 0.0127 0 102 88 270
