person 0.0036 45 187 54 193
person 0.0017 41 185 54 194
person 0.0016 41 185 56 215
person 0.0014 9 206 30 231
person 0.0014 44 187 55 204
person 0.0013 39 194 45 201
person 0.0012 55 185 66 212
bus 0.0023 0 143 5 175
bird 0.0011 17 81 40 103
dog 0.0463 10 207 29 221
dog 0.0041 291 212 308 237
chair 0.0031 168 211 186 232
pottedplant 0.3010 163 167 200 229
pottedplant 0.1941 0 157 48 218
pottedplant 0.1489 440 198 453 216
pottedplant 0.1296 286 158 333 237
pottedplant 0.0747 164 167 200 197
pottedplant 0.0736 455 203 464 217
pottedplant 0.0544 461 202 471 217
pottedplant 0.0383 426 196 443 215
pottedplant 0.0311 435 197 448 215
pottedplant 0.0219 450 200 457 216
pottedplant 0.0117 212 183 235 237
pottedplant 0.0109 260 215 273 233
pottedplant 0.0104 194 112 224 132
pottedplant 0.0093 448 203 455 216
pottedplant 0.0082 402 208 427 228
pottedplant 0.0077 0 166 15 215
pottedplant 0.0064 155 97 186 128
pottedplant 0.0055 153 175 168 196
pottedplant 0.0051 264 203 272 222
pottedplant 0.0044 426 207 441 215
pottedplant 0.0042 181 183 199 196
pottedplant 0.0039 493 187 499 218
pottedplant 0.0036 212 185 232 199
pottedplant 0.0033 1 158 46 184
pottedplant 0.0028 287 165 320 198
pottedplant 0.0026 109 150 123 161
pottedplant 0.0020 437 177 472 217
pottedplant 0.0018 0 170 15 189
pottedplant 0.0016 8 199 32 224
pottedplant 0.0016 402 210 417 225
pottedplant 0.0016 36 189 55 224
pottedplant 0.0014 0 155 5 176
pottedplant 0.0013 433 207 441 215
pottedplant 0.0013 168 185 187 230
pottedplant 0.0011 154 175 166 181
pottedplant 0.0011 449 195 459 216
pottedplant 0.0010 332 97 386 141
pottedplant 0.0010 440 206 448 215
pottedplant 0.0010 457 195 471 217
pottedplant 0.0010 495 187 499 204
pottedplant 0.0010 319 98 394 166
pottedplant 0.0010 167 211 186 233
pottedplant 0.0010 417 196 428 214
