person 0.0134 41 149 66 184
person 0.0068 211 142 251 170
person 0.0055 60 176 107 218
person 0.0037 45 161 74 184
person 0.0035 60 195 71 207
person 0.0034 231 123 245 137
person 0.0027 278 114 302 133
person 0.0027 219 122 246 141
person 0.0025 35 153 103 214
person 0.0021 94 184 111 197
person 0.0019 84 182 111 207
person 0.0019 58 194 72 220
person 0.0019 234 97 243 102
person 0.0017 218 131 230 142
person 0.0014 228 115 251 138
person 0.0011 129 171 151 193
person 0.0010 284 114 300 127
car 0.2577 25 100 429 265
car 0.0182 10 83 171 157
car 0.0062 7 3 499 179
car 0.0055 182 1 498 115
car 0.0032 11 117 57 155
car 0.0020 308 106 430 189
car 0.0015 216 123 244 141
car 0.0013 207 137 279 171
car 0.0012 0 124 19 134
car 0.0010 182 75 258 108
motorbike 0.0019 211 142 249 170
bus 0.4357 11 99 435 264
bus 0.0232 3 0 494 162
bus 0.0156 10 85 164 157
diningtable 0.0039 6 0 498 137
