person 0.9016 164 14 369 256
person 0.8719 190 0 235 117
person 0.8645 127 31 183 111
person 0.8517 381 0 422 102
person 0.7859 357 1 391 106
person 0.2374 463 0 499 35
person 0.0371 0 38 7 66
person 0.0163 415 4 428 44
person 0.0152 493 0 499 20
person 0.0133 75 0 104 18
person 0.0127 466 0 499 19
person 0.0121 485 0 500 24
person 0.0107 460 7 485 36
person 0.0103 220 0 248 42
person 0.0096 380 0 401 39
person 0.0072 461 1 481 25
person 0.0060 0 3 19 43
person 0.0045 178 0 196 35
person 0.0044 161 41 192 98
person 0.0042 484 11 499 41
person 0.0042 491 2 499 32
person 0.0041 0 37 4 49
person 0.0040 485 20 499 65
person 0.0030 167 0 196 44
person 0.0030 0 66 12 116
person 0.0029 0 18 7 59
person 0.0026 217 51 235 112
person 0.0025 0 68 5 101
person 0.0022 215 0 235 27
person 0.0021 385 43 418 99
person 0.0019 0 28 4 50
person 0.0019 0 23 19 68
person 0.0019 180 4 207 116
person 0.0017 270 18 368 250
person 0.0014 179 0 197 14
person 0.0013 407 2 423 44
person 0.0012 0 5 10 44
person 0.0011 317 56 340 96
person 0.0011 151 129 213 213
person 0.0010 467 17 485 36
bicycle 0.0042 188 67 206 109
bicycle 0.0015 317 59 340 95
car 0.5138 240 0 359 48
car 0.4717 10 0 186 42
car 0.0279 6 0 57 40
car 0.0247 0 0 27 41
car 0.0225 0 0 19 20
car 0.0167 13 0 361 52
car 0.0092 203 0 317 48
car 0.0081 16 0 54 22
car 0.0058 218 0 250 43
car 0.0050 136 4 365 108
car 0.0035 265 0 385 35
car 0.0034 129 0 187 31
car 0.0031 301 0 360 32
car 0.0029 -1 0 40 22
car 0.0019 0 5 13 32
car 0.0019 177 0 196 29
car 0.0019 0 0 17 7
car 0.0018 0 4 10 20
car 0.0016 164 0 262 43
car 0.0015 3 0 34 15
car 0.0014 425 1 485 34
motorbike 0.9152 410 13 500 96
motorbike 0.8281 0 22 101 123
motorbike 0.7720 86 71 333 266
motorbike 0.2227 186 37 206 109
motorbike 0.2071 97 37 201 115
motorbike 0.1913 0 41 33 122
motorbike 0.1814 160 37 206 109
motorbike 0.1423 180 32 237 108
motorbike 0.0786 49 25 104 120
motorbike 0.0630 0 66 16 122
motorbike 0.0356 0 83 31 123
motorbike 0.0349 485 18 499 46
motorbike 0.0280 0 34 41 65
motorbike 0.0278 0 39 9 99
motorbike 0.0267 0 39 9 68
motorbike 0.0258 0 94 15 123
motorbike 0.0233 462 0 500 56
motorbike 0.0176 0 65 61 122
motorbike 0.0105 96 96 147 115
motorbike 0.0092 20 22 282 111
motorbike 0.0090 460 7 485 36
motorbike 0.0083 482 19 499 65
motorbike 0.0073 157 30 192 64
motorbike 0.0058 0 50 7 85
motorbike 0.0045 0 2 29 64
motorbike 0.0043 0 65 6 94
motorbike 0.0038 427 2 485 36
motorbike 0.0034 149 18 194 103
motorbike 0.0033 188 70 207 109
motorbike 0.0033 0 61 8 109
motorbike 0.0033 152 2 194 62
motorbike 0.0031 95 82 189 115
motorbike 0.0030 0 37 19 80
motorbike 0.0028 138 4 363 108
motorbike 0.0027 481 51 500 93
motorbike 0.0027 467 19 484 36
motorbike 0.0026 0 21 12 67
motorbike 0.0025 0 33 58 77
motorbike 0.0024 471 21 500 93
motorbike 0.0018 156 38 323 112
motorbike 0.0017 465 15 499 45
motorbike 0.0015 86 2 197 63
motorbike 0.0013 170 41 193 97
motorbike 0.0011 172 27 357 241
motorbike 0.0011 485 43 499 66
motorbike 0.0010 0 34 11 51
motorbike 0.0010 23 33 72 64
chair 0.0134 337 26 362 93
chair 0.0015 318 19 360 95
chair 0.0012 341 25 362 65
