person 0.0290 199 159 204 167
person 0.0224 34 197 42 210
person 0.0210 16 185 30 211
person 0.0150 18 185 30 196
person 0.0147 15 189 23 211
person 0.0107 271 129 280 139
person 0.0097 72 195 79 210
person 0.0090 12 166 25 177
person 0.0078 54 198 63 210
person 0.0061 73 137 83 151
person 0.0049 425 334 495 374
person 0.0036 257 95 263 102
person 0.0030 424 210 433 225
person 0.0030 113 191 128 208
person 0.0028 2 181 31 213
person 0.0025 92 161 101 168
person 0.0021 0 195 13 212
person 0.0019 60 112 71 134
person 0.0019 47 123 58 136
person 0.0018 16 198 24 211
person 0.0018 52 199 59 210
person 0.0017 188 157 202 168
person 0.0016 96 161 108 169
person 0.0016 8 194 24 211
person 0.0016 395 169 400 175
person 0.0014 251 95 256 101
person 0.0014 278 131 286 140
person 0.0014 78 161 92 175
person 0.0012 48 152 54 156
person 0.0012 14 196 21 211
person 0.0011 218 145 225 152
person 0.0011 34 197 49 210
person 0.0010 84 161 92 169
person 0.0010 255 94 267 112
person 0.0010 410 169 417 178
person 0.0010 428 169 433 178
boat 0.7957 163 60 470 228
boat 0.7454 0 111 199 227
boat 0.1168 0 62 39 192
boat 0.0163 166 148 470 227
boat 0.0139 0 165 14 195
boat 0.0083 0 173 10 184
boat 0.0075 0 163 13 182
boat 0.0070 0 174 10 195
boat 0.0068 0 168 34 196
boat 0.0055 0 174 17 211
boat 0.0043 0 184 9 196
boat 0.0036 0 176 193 228
boat 0.0031 176 194 226 226
boat 0.0030 429 212 480 230
boat 0.0023 191 194 265 222
boat 0.0022 145 162 174 180
boat 0.0017 0 195 12 212
boat 0.0015 1 172 36 186
boat 0.0015 244 175 471 228
boat 0.0012 1 125 486 251
boat 0.0012 460 169 495 182
boat 0.0011 4 -133 497 222
boat 0.0010 146 154 186 183
boat 0.0010 16 61 40 170
bird 0.0047 0 250 9 257
