person 0.0077 0 157 4 197
person 0.0036 0 144 8 200
person 0.0013 0 103 8 188
car 0.0040 471 140 500 190
car 0.0025 486 139 500 189
bus 0.0029 4 3 325 368
train 0.0014 0 1 213 226
bottle 0.9590 231 167 274 318
bottle 0.0014 227 273 234 295
chair 0.8964 329 189 499 371
chair 0.8201 0 197 111 372
chair 0.5224 89 220 233 372
chair 0.5083 145 212 330 303
chair 0.4286 260 213 330 284
chair 0.4204 333 189 418 228
chair 0.2612 88 222 157 370
chair 0.1352 147 215 234 302
chair 0.1039 431 186 459 197
chair 0.0958 393 174 426 191
chair 0.0716 168 198 211 218
chair 0.0677 283 186 313 219
chair 0.0645 188 176 231 216
chair 0.0620 365 189 416 209
chair 0.0592 402 179 430 196
chair 0.0488 255 182 284 214
chair 0.0423 210 198 234 216
chair 0.0302 267 199 300 214
chair 0.0287 307 160 334 245
chair 0.0255 229 200 238 216
chair 0.0228 282 186 329 245
chair 0.0183 333 194 369 227
chair 0.0171 189 174 292 217
chair 0.0116 394 154 439 194
chair 0.0107 490 140 500 188
chair 0.0099 329 187 481 235
chair 0.0091 220 197 237 215
chair 0.0083 283 186 311 203
chair 0.0068 258 190 305 214
chair 0.0061 224 180 284 214
chair 0.0052 470 139 499 191
chair 0.0046 332 193 368 258
chair 0.0045 310 162 329 208
chair 0.0045 220 179 231 216
chair 0.0044 403 185 459 200
chair 0.0039 284 199 302 214
chair 0.0038 0 156 8 199
chair 0.0036 167 171 213 217
chair 0.0035 0 1 137 226
chair 0.0034 176 198 241 217
chair 0.0032 134 198 211 219
chair 0.0031 91 148 189 220
chair 0.0029 110 344 227 373
chair 0.0028 258 203 268 214
chair 0.0026 221 180 230 201
chair 0.0025 491 176 499 188
chair 0.0024 317 190 346 248
chair 0.0023 86 209 106 245
chair 0.0023 222 188 310 302
chair 0.0022 398 159 429 188
chair 0.0021 407 153 428 176
chair 0.0017 220 169 236 203
chair 0.0017 403 173 451 196
chair 0.0017 157 162 175 217
chair 0.0015 407 183 441 196
chair 0.0015 416 155 428 175
chair 0.0014 372 187 460 215
chair 0.0013 332 187 454 274
chair 0.0012 312 164 328 190
chair 0.0012 284 183 311 189
chair 0.0011 392 176 407 189
chair 0.0011 382 176 390 190
chair 0.0011 0 90 56 205
chair 0.0011 394 169 419 179
chair 0.0011 296 186 316 219
chair 0.0011 131 159 178 218
chair 0.0011 429 185 499 199
chair 0.0011 166 145 331 239
chair 0.0010 101 153 135 220
chair 0.0010 265 200 283 214
chair 0.0010 196 193 235 216
chair 0.0010 309 177 326 216
sofa 0.1568 333 188 419 228
sofa 0.0974 329 188 499 370
sofa 0.0172 0 197 111 371
sofa 0.0077 332 188 490 234
pottedplant 0.3269 375 1 500 192
pottedplant 0.2017 175 35 299 208
pottedplant 0.1103 298 55 387 196
pottedplant 0.0266 369 134 414 166
pottedplant 0.0177 271 28 386 259
pottedplant 0.0129 233 38 308 128
pottedplant 0.0092 402 162 454 195
pottedplant 0.0086 411 58 500 192
pottedplant 0.0074 308 155 344 244
pottedplant 0.0058 423 174 448 195
pottedplant 0.0049 352 172 375 197
pottedplant 0.0043 464 69 500 190
pottedplant 0.0041 337 163 375 197
pottedplant 0.0040 425 163 459 196
pottedplant 0.0038 357 84 416 179
pottedplant 0.0030 177 18 394 217
pottedplant 0.0030 0 1 210 234
pottedplant 0.0029 178 105 292 178
pottedplant 0.0026 253 129 293 210
pottedplant 0.0023 285 119 312 186
pottedplant 0.0022 310 155 350 199
pottedplant 0.0022 444 140 500 193
pottedplant 0.0021 324 159 363 196
pottedplant 0.0020 318 0 395 182
pottedplant 0.0019 483 103 499 140
pottedplant 0.0018 492 103 499 139
pottedplant 0.0016 351 85 385 149
pottedplant 0.0016 271 44 310 126
pottedplant 0.0015 195 164 229 177
pottedplant 0.0015 477 73 499 140
pottedplant 0.0014 54 20 323 213
pottedplant 0.0014 77 145 110 242
pottedplant 0.0013 4 -14 482 363
pottedplant 0.0013 274 48 303 78
pottedplant 0.0013 366 138 387 167
pottedplant 0.0012 396 137 413 165
pottedplant 0.0012 485 81 499 183
pottedplant 0.0011 185 146 231 203
pottedplant 0.0010 377 130 421 189
pottedplant 0.0010 197 0 322 109
pottedplant 0.0010 0 3 132 374
pottedplant 0.0010 67 99 111 240
pottedplant 0.0010 184 125 292 239
pottedplant 0.0010 465 6 500 157
diningtable 0.6948 112 282 343 367
diningtable 0.4614 364 165 415 190
diningtable 0.1689 364 164 416 174
diningtable 0.0444 187 176 231 215
diningtable 0.0218 111 237 503 368
diningtable 0.0129 283 186 312 210
diningtable 0.0106 255 182 284 202
diningtable 0.0070 189 175 229 183
diningtable 0.0067 233 186 294 214
diningtable 0.0063 259 199 301 214
diningtable 0.0046 284 185 312 198
diningtable 0.0028 166 199 216 218
diningtable 0.0023 345 186 459 208
diningtable 0.0022 93 199 216 223
diningtable 0.0019 397 175 430 188
diningtable 0.0017 402 176 425 183
diningtable 0.0016 187 173 285 207
diningtable 0.0012 309 186 332 243
diningtable 0.0011 256 181 284 189
diningtable 0.0010 231 282 496 369
