person 0.8426 32 221 62 288
person 0.8412 196 127 229 176
person 0.0504 46 0 58 19
person 0.0095 40 0 48 19
person 0.0080 29 221 55 264
person 0.0064 353 121 358 127
person 0.0053 32 0 46 19
person 0.0051 216 127 228 140
person 0.0039 45 208 60 242
person 0.0035 433 189 447 203
person 0.0029 447 192 457 201
person 0.0026 427 189 440 201
person 0.0022 185 147 224 176
person 0.0020 421 191 435 201
person 0.0018 155 211 173 222
person 0.0017 32 0 39 13
person 0.0016 56 0 64 17
person 0.0016 447 191 460 208
person 0.0015 252 231 267 242
person 0.0015 40 0 55 20
person 0.0015 439 189 451 203
person 0.0011 267 198 276 209
person 0.0010 221 142 231 160
person 0.0010 0 90 5 120
person 0.0010 187 147 203 172
person 0.0010 153 210 164 221
car 0.8133 384 182 499 240
car 0.2991 477 175 499 203
car 0.0411 0 161 6 194
car 0.0240 0 179 6 193
car 0.0061 348 138 370 153
car 0.0057 403 168 477 193
car 0.0055 0 159 16 194
car 0.0052 493 179 499 205
car 0.0049 0 241 9 265
car 0.0044 0 185 6 197
car 0.0043 481 176 499 224
car 0.0024 0 90 6 110
car 0.0016 494 190 499 205
car 0.0015 134 129 156 138
car 0.0014 494 194 499 219
car 0.0012 432 181 499 210
car 0.0011 459 176 498 201
motorbike 0.8719 179 147 243 195
aeroplane 0.0014 178 127 498 163
bus 0.0079 6 150 203 277
bus 0.0026 414 126 491 139
train 0.0100 416 137 499 154
train 0.0071 418 126 499 144
train 0.0053 290 133 495 154
chair 0.0015 48 77 56 83
chair 0.0014 40 77 50 83
chair 0.0011 46 66 56 73
