person 0.0623 232 52 254 89
person 0.0535 39 116 72 172
person 0.0421 233 52 248 81
person 0.0208 231 70 253 89
person 0.0182 38 117 118 173
person 0.0115 18 63 36 79
person 0.0099 1 0 104 83
person 0.0081 254 44 263 59
person 0.0037 251 120 304 174
person 0.0035 31 50 44 82
person 0.0027 232 63 246 83
person 0.0020 274 55 294 74
person 0.0018 252 44 262 76
person 0.0017 313 488 338 500
person 0.0012 0 0 106 163
person 0.0010 39 114 59 137
car 0.8797 26 83 344 366
car 0.5224 311 63 345 79
car 0.4875 202 67 237 80
car 0.4686 255 55 294 76
car 0.4525 278 64 314 81
car 0.3309 191 64 211 79
car 0.1836 231 70 254 90
car 0.1714 231 54 293 89
car 0.1101 160 68 192 79
car 0.0350 205 66 256 88
car 0.0285 297 64 314 77
car 0.0263 27 100 148 253
car 0.0249 232 52 255 89
car 0.0090 274 55 294 66
car 0.0067 151 71 162 79
car 0.0055 184 67 196 77
car 0.0033 156 73 345 320
car 0.0032 232 66 282 87
car 0.0028 236 56 259 76
car 0.0025 151 69 175 81
car 0.0021 191 71 201 79
car 0.0019 200 69 213 80
car 0.0016 282 63 345 86
car 0.0015 218 67 243 80
car 0.0012 335 65 345 76
car 0.0012 1 51 47 161
car 0.0011 252 64 312 85
car 0.0010 212 50 237 69
car 0.0010 1 0 103 83
car 0.0010 44 147 142 236
motorbike 0.0763 231 72 254 91
bus 0.0345 269 1 345 71
train 0.0016 270 0 345 69
pottedplant 0.0020 1 51 40 162
pottedplant 0.0018 0 0 105 162
pottedplant 0.0011 2 52 161 161
