person 0.6669 65 56 73 87
person 0.6079 72 59 81 85
person 0.4238 108 73 119 88
person 0.2119 104 73 115 87
person 0.1060 105 71 119 109
person 0.0785 132 69 137 75
person 0.0231 0 318 98 372
person 0.0175 115 76 120 88
person 0.0171 94 72 105 96
person 0.0088 92 70 136 110
person 0.0086 190 161 208 178
person 0.0069 113 72 121 87
person 0.0056 134 70 142 75
person 0.0054 99 72 107 89
person 0.0052 128 69 140 76
person 0.0052 118 75 146 91
person 0.0051 129 70 140 82
person 0.0050 125 70 132 75
person 0.0049 123 77 139 89
person 0.0034 94 71 102 90
person 0.0028 42 57 48 66
person 0.0022 141 76 151 90
person 0.0022 122 73 131 79
person 0.0022 44 54 53 66
person 0.0015 118 64 142 75
person 0.0014 67 58 73 70
person 0.0014 171 153 207 178
person 0.0013 152 158 168 174
person 0.0013 141 68 148 75
person 0.0012 73 60 79 66
person 0.0010 139 69 153 91
bicycle 0.0041 71 75 79 87
car 0.9465 112 140 276 240
car 0.1954 114 72 153 111
car 0.0874 99 61 143 75
car 0.0488 94 62 153 106
car 0.0315 94 69 121 92
car 0.0229 117 73 152 93
car 0.0195 103 70 121 77
boat 0.0928 94 64 154 109
boat 0.0706 6 70 202 146
boat 0.0217 11 0 193 145
boat 0.0214 95 5 154 110
boat 0.0049 95 60 151 79
boat 0.0029 69 91 201 146
boat 0.0024 92 5 200 134
