person 0.3029 187 165 194 188
person 0.0210 192 165 198 188
person 0.0144 123 171 129 189
person 0.0131 84 165 96 183
person 0.0084 201 168 206 186
person 0.0063 187 164 202 189
person 0.0062 301 172 307 185
person 0.0037 269 164 275 171
person 0.0024 29 170 37 188
person 0.0023 200 167 206 176
person 0.0018 0 165 6 183
person 0.0016 123 179 129 188
person 0.0015 188 164 194 170
person 0.0014 279 166 288 174
person 0.0014 120 177 129 189
person 0.0013 275 164 286 173
person 0.0011 292 175 298 189
person 0.0011 186 168 191 182
person 0.0011 197 167 205 188
person 0.0011 297 172 307 189
person 0.0011 61 164 115 187
person 0.0010 122 168 132 189
person 0.0010 23 173 31 187
person 0.0010 0 175 6 187
car 0.0027 0 164 34 187
train 0.8602 0 161 308 190
train 0.0342 0 164 34 187
train 0.0039 183 162 308 189
train 0.0028 -1 162 170 189
train 0.0012 28 163 104 189
train 0.0011 91 163 176 189
cow 0.0010 0 164 35 182
