person 0.0728 203 170 215 181
person 0.0381 184 154 216 181
person 0.0243 200 164 215 182
person 0.0119 48 202 58 226
person 0.0094 125 180 162 249
person 0.0084 128 181 157 214
person 0.0068 339 180 358 194
person 0.0055 156 197 182 257
person 0.0037 157 196 176 219
person 0.0022 483 194 489 208
person 0.0021 183 158 201 184
person 0.0020 191 150 236 193
person 0.0018 296 155 312 185
person 0.0016 127 182 146 208
person 0.0014 182 139 229 183
person 0.0013 201 152 220 181
person 0.0011 359 179 382 195
person 0.0010 187 169 217 192
person 0.0010 424 195 432 231
person 0.0010 430 198 437 209
bicycle 0.0068 64 209 100 241
bicycle 0.0011 83 216 100 236
car 0.0021 474 208 499 226
car 0.0017 446 221 459 240
car 0.0015 430 198 448 208
bus 0.9459 94 71 429 328
train 0.0014 457 208 500 249
pottedplant 0.0049 0 232 33 275
pottedplant 0.0016 0 238 17 264
pottedplant 0.0016 70 207 99 218
