person 0.9275 0 43 308 498
person 0.0018 22 4 260 275
person 0.0011 344 148 375 211
bicycle 0.1473 216 4 374 387
bicycle 0.1310 4 0 373 388
bicycle 0.0027 268 104 374 390
bicycle 0.0027 311 81 374 247
bicycle 0.0022 308 22 374 356
bottle 0.0012 344 150 374 211
chair 0.0644 0 0 372 496
chair 0.0144 291 437 374 499
chair 0.0051 266 392 375 500
chair 0.0029 226 482 322 499
chair 0.0020 266 58 375 403
chair 0.0014 264 0 373 83
chair 0.0011 226 447 326 500
chair 0.0010 6 11 286 309
diningtable 0.0018 290 438 374 500
diningtable 0.0013 266 392 375 474
