person 0.7672 481 75 499 239
person 0.0302 486 72 499 156
person 0.0082 494 111 499 142
person 0.0059 0 189 19 247
person 0.0043 0 108 20 247
person 0.0032 476 145 499 239
person 0.0024 489 99 499 195
person 0.0013 490 43 499 113
person 0.0012 488 133 499 225
cat 0.0040 0 191 19 248
bottle 0.0257 367 108 375 127
bottle 0.0241 316 101 329 128
bottle 0.0096 475 152 488 183
bottle 0.0020 447 138 459 164
bottle 0.0017 479 151 487 166
bottle 0.0017 428 133 438 161
bottle 0.0015 153 37 157 55
bottle 0.0012 429 133 437 145
chair 0.6185 368 139 486 259
chair 0.6172 57 102 146 191
chair 0.1933 252 146 307 212
chair 0.1917 358 126 429 182
chair 0.0970 142 141 175 177
chair 0.0735 327 59 375 99
chair 0.0629 310 120 434 222
chair 0.0416 408 159 475 225
chair 0.0406 94 190 177 297
chair 0.0299 10 120 124 193
chair 0.0233 0 133 119 374
chair 0.0231 0 108 19 155
chair 0.0204 288 58 376 140
chair 0.0180 437 164 475 210
chair 0.0081 0 115 127 248
chair 0.0069 446 138 486 182
chair 0.0065 290 52 375 100
chair 0.0047 374 173 430 195
chair 0.0044 55 88 73 114
chair 0.0042 0 189 17 246
chair 0.0038 488 136 499 231
chair 0.0037 0 298 116 374
chair 0.0037 310 127 376 187
chair 0.0036 363 136 432 221
chair 0.0036 76 104 141 137
chair 0.0036 394 134 438 195
chair 0.0033 444 139 489 217
chair 0.0033 446 138 459 164
chair 0.0028 0 230 117 312
chair 0.0027 310 145 355 193
chair 0.0024 428 154 486 254
chair 0.0024 56 87 141 135
chair 0.0022 320 135 354 150
chair 0.0021 423 133 438 162
chair 0.0018 304 48 335 68
chair 0.0018 425 138 471 207
chair 0.0017 402 121 435 161
chair 0.0017 418 133 438 187
chair 0.0017 0 108 25 247
chair 0.0015 359 126 385 165
chair 0.0015 0 108 67 155
chair 0.0013 446 138 472 168
chair 0.0010 403 132 429 150
sofa 0.8419 0 113 125 370
sofa 0.2960 310 125 435 226
sofa 0.2126 57 101 146 192
sofa 0.0790 358 124 432 187
sofa 0.0229 0 116 124 243
sofa 0.0168 0 189 19 248
sofa 0.0151 0 235 117 372
sofa 0.0151 290 59 375 102
sofa 0.0076 0 107 20 248
sofa 0.0057 287 58 376 143
sofa 0.0034 0 108 19 158
sofa 0.0017 368 152 486 259
sofa 0.0015 0 193 118 316
sofa 0.0011 324 58 376 126
pottedplant 0.0620 188 68 200 96
pottedplant 0.0314 202 46 231 97
pottedplant 0.0273 296 64 327 95
pottedplant 0.0221 313 66 326 95
pottedplant 0.0156 162 111 194 124
pottedplant 0.0049 256 70 273 94
pottedplant 0.0038 403 121 430 154
pottedplant 0.0036 292 48 333 95
pottedplant 0.0028 366 114 419 146
pottedplant 0.0019 56 88 74 114
pottedplant 0.0019 405 122 413 135
pottedplant 0.0017 370 113 407 136
pottedplant 0.0014 294 67 312 83
diningtable 0.2421 310 137 432 227
diningtable 0.0374 310 150 382 226
diningtable 0.0295 94 190 177 296
diningtable 0.0044 298 125 360 150
tvmonitor 0.0012 370 22 431 56
