person 0.0016 313 78 336 106
bird 0.0019 314 78 356 109
chair 0.0012 418 2 500 89
chair 0.0010 53 31 157 172
pottedplant 0.0031 433 189 499 251
pottedplant 0.0011 436 131 499 254
diningtable 0.0033 1 240 496 367
diningtable 0.0020 27 195 267 346
diningtable 0.0012 11 35 497 351
tvmonitor 0.8548 263 30 465 188
tvmonitor 0.1352 266 131 349 185
tvmonitor 0.0928 90 144 254 253
tvmonitor 0.0782 460 1 499 90
tvmonitor 0.0607 346 129 430 185
tvmonitor 0.0428 271 67 366 128
tvmonitor 0.0286 53 27 259 174
tvmonitor 0.0190 153 0 258 81
tvmonitor 0.0176 263 68 353 187
tvmonitor 0.0140 142 1 205 112
tvmonitor 0.0101 478 129 499 207
tvmonitor 0.0098 474 17 498 66
tvmonitor 0.0077 263 0 437 33
tvmonitor 0.0062 368 89 431 129
tvmonitor 0.0052 142 1 172 108
tvmonitor 0.0048 421 0 499 92
tvmonitor 0.0040 272 1 498 90
tvmonitor 0.0037 489 24 499 55
tvmonitor 0.0021 463 127 499 234
tvmonitor 0.0021 38 0 480 192
tvmonitor 0.0018 156 0 224 60
tvmonitor 0.0013 153 0 212 38
tvmonitor 0.0013 442 5 500 202
tvmonitor 0.0013 262 29 462 68
