person 0.7152 4 197 23 251
person 0.6605 454 213 480 265
person 0.5887 0 194 12 240
person 0.3315 16 198 26 251
person 0.0962 0 194 11 215
person 0.0677 17 200 25 225
person 0.0392 0 200 4 242
person 0.0339 468 207 480 224
person 0.0290 11 196 18 205
person 0.0221 17 199 25 210
person 0.0199 7 196 17 208
person 0.0153 471 214 481 224
person 0.0148 2 200 13 218
person 0.0147 363 166 375 192
person 0.0141 0 218 6 244
person 0.0103 0 194 7 207
person 0.0082 458 212 471 224
person 0.0052 467 207 477 215
person 0.0048 5 194 11 204
person 0.0045 399 163 440 193
person 0.0043 434 234 440 244
person 0.0040 474 215 485 262
person 0.0039 474 207 480 215
person 0.0032 397 166 418 193
person 0.0031 424 164 433 189
person 0.0029 455 214 462 224
person 0.0026 21 200 26 208
person 0.0022 477 217 493 262
person 0.0021 398 180 416 192
person 0.0020 424 164 444 193
person 0.0014 352 166 373 193
person 0.0014 17 198 23 206
person 0.0012 4 217 18 250
car 0.0529 472 215 481 225
car 0.0352 491 196 500 221
car 0.0192 471 206 499 222
car 0.0160 469 207 481 224
car 0.0092 494 213 500 221
car 0.0069 494 196 500 210
car 0.0062 491 194 499 202
car 0.0062 472 214 498 225
car 0.0054 467 207 479 218
car 0.0049 456 205 478 217
car 0.0038 488 207 500 222
car 0.0036 456 205 472 213
car 0.0024 456 211 467 224
car 0.0024 466 206 491 219
bus 0.9454 21 123 467 290
bus 0.1401 456 193 499 221
bus 0.0295 489 196 500 221
bus 0.0089 456 194 480 212
bus 0.0082 478 195 499 221
