person 0.8979 71 51 117 162
person 0.4718 26 63 40 75
person 0.3792 125 71 143 89
person 0.2905 56 70 69 84
person 0.2628 105 71 142 93
person 0.0687 74 68 89 84
person 0.0339 142 72 157 88
person 0.0327 82 68 90 80
person 0.0203 16 63 41 92
person 0.0197 177 52 189 61
person 0.0094 114 73 129 83
person 0.0057 162 64 194 92
person 0.0056 52 69 69 90
person 0.0041 161 72 183 93
person 0.0039 161 73 173 90
person 0.0029 163 70 179 86
person 0.0024 56 65 65 71
person 0.0017 79 67 91 86
person 0.0015 44 68 82 99
person 0.0014 105 70 162 103
person 0.0013 0 59 135 162
person 0.0013 139 63 182 93
person 0.0012 40 67 66 84
person 0.0010 10 64 69 91
person 0.0010 61 1 76 32
car 0.8236 0 44 440 369
car 0.6868 1 56 195 169
car 0.4045 0 67 83 138
car 0.3025 104 58 195 132
car 0.1273 104 70 143 93
car 0.0600 74 71 85 84
car 0.0551 52 70 85 101
car 0.0437 62 72 141 98
car 0.0375 0 89 18 137
car 0.0363 0 80 105 170
car 0.0190 51 67 185 101
car 0.0188 2 68 82 100
car 0.0176 0 105 41 170
car 0.0152 55 70 87 87
car 0.0094 104 60 192 97
car 0.0088 0 89 33 151
car 0.0073 0 141 3 159
car 0.0060 52 81 79 100
car 0.0052 0 131 5 160
car 0.0049 63 70 83 83
car 0.0048 105 81 127 90
car 0.0035 60 86 77 102
car 0.0032 35 100 75 166
car 0.0025 0 68 45 130
car 0.0022 104 89 155 118
car 0.0020 152 49 437 251
car 0.0016 53 75 118 104
car 0.0016 0 80 58 114
car 0.0015 0 150 4 160
car 0.0012 147 61 195 94
motorbike 0.0978 0 69 78 169
motorbike 0.0235 0 94 40 168
motorbike 0.0142 0 91 17 160
motorbike 0.0061 0 123 9 159
motorbike 0.0030 0 91 34 139
motorbike 0.0027 0 111 11 149
motorbike 0.0024 0 124 7 143
motorbike 0.0020 107 102 148 146
chair 0.0027 36 105 73 163
