person 0.8913 224 131 272 207
person 0.8862 421 115 457 192
person 0.8236 115 152 141 209
person 0.8230 201 149 216 176
person 0.7912 61 148 81 209
person 0.0616 63 148 80 180
person 0.0397 119 153 140 181
person 0.0057 202 167 214 176
person 0.0046 132 158 142 168
person 0.0035 126 153 139 169
person 0.0012 487 197 499 237
person 0.0010 225 173 272 204
person 0.0010 494 189 499 205
bird 0.0915 175 251 193 266
horse 0.9196 50 159 111 241
horse 0.9116 375 120 499 226
horse 0.8936 117 168 154 234
horse 0.8641 178 175 367 265
horse 0.0647 177 175 227 218
horse 0.0501 466 120 499 149
horse 0.0313 178 176 196 204
horse 0.0225 178 175 234 262
horse 0.0084 180 174 226 186
horse 0.0066 454 121 499 223
horse 0.0058 202 167 215 175
horse 0.0056 254 184 370 255
horse 0.0028 81 159 111 187
horse 0.0024 176 250 224 267
horse 0.0024 178 175 214 202
horse 0.0020 178 178 202 219
horse 0.0018 179 176 192 186
horse 0.0016 466 120 499 177
horse 0.0016 374 167 443 224
horse 0.0014 187 169 219 180
horse 0.0013 50 183 64 240
horse 0.0012 483 120 499 147
horse 0.0011 0 213 29 225
horse 0.0010 143 251 193 270
horse 0.0010 486 181 499 210
horse 0.0010 492 182 499 204
