person 0.2569 274 216 283 255
person 0.0261 264 220 279 248
person 0.0200 264 225 272 245
person 0.0181 150 196 159 206
person 0.0175 183 196 189 223
person 0.0059 274 215 283 234
person 0.0048 342 186 371 221
person 0.0029 274 215 300 254
person 0.0023 340 188 372 247
person 0.0023 113 244 118 253
person 0.0021 275 235 282 255
person 0.0012 184 210 189 224
car 0.0251 170 195 175 201
car 0.0159 183 207 189 223
car 0.0144 150 195 159 206
car 0.0138 199 225 212 244
car 0.0075 187 213 199 233
car 0.0019 186 197 203 234
car 0.0014 171 194 179 201
car 0.0013 182 196 190 225
bus 0.8852 252 140 491 366
bus 0.8095 211 178 258 267
bus 0.3833 198 192 215 244
bus 0.1647 185 180 218 239
bus 0.0095 232 172 259 184
bus 0.0030 206 185 225 244
bus 0.0013 212 185 229 221
