person 0.6984 99 178 114 223
person 0.0367 76 179 91 228
person 0.0362 83 179 90 213
person 0.0308 154 182 162 195
person 0.0124 479 139 487 155
person 0.0102 0 219 4 230
person 0.0099 250 186 270 211
person 0.0088 170 182 189 203
person 0.0088 489 139 496 154
person 0.0084 249 194 263 211
person 0.0074 153 183 161 204
person 0.0073 0 195 4 230
person 0.0072 173 179 180 192
person 0.0066 303 172 326 196
person 0.0063 27 191 33 204
person 0.0052 496 139 500 154
person 0.0039 129 169 142 223
person 0.0034 294 166 323 193
person 0.0033 287 170 306 195
person 0.0032 170 178 178 193
person 0.0031 334 188 346 200
person 0.0028 252 196 275 212
person 0.0026 318 172 338 199
person 0.0025 170 180 180 201
person 0.0024 309 177 335 200
person 0.0024 99 180 109 202
person 0.0022 278 175 305 204
person 0.0020 322 177 346 200
person 0.0019 84 169 103 213
person 0.0018 249 174 264 209
person 0.0015 183 179 192 201
person 0.0015 108 168 115 211
person 0.0014 132 154 145 218
person 0.0014 251 173 277 209
person 0.0012 0 185 4 220
person 0.0012 109 182 115 212
person 0.0010 179 173 192 196
car 0.0032 39 175 56 192
car 0.0017 373 187 387 221
bus 0.8739 129 126 381 264
bus 0.0032 129 156 144 220
train 0.0051 84 167 118 205
train 0.0028 96 165 142 214
