person 0.9371 31 1 496 327
person 0.0860 0 209 21 331
person 0.0355 2 1 308 193
person 0.0185 220 0 318 64
person 0.0121 0 279 10 332
person 0.0063 0 87 24 330
person 0.0032 42 302 99 332
person 0.0032 482 277 499 330
person 0.0028 274 1 498 330
person 0.0018 420 18 499 335
person 0.0014 0 318 10 332
person 0.0014 6 0 501 143
person 0.0011 361 80 498 327
person 0.0010 0 35 32 266
person 0.0010 0 303 9 332
chair 0.0675 33 275 64 332
chair 0.0536 37 209 176 330
chair 0.0238 0 210 22 330
chair 0.0210 33 276 101 332
chair 0.0190 18 286 36 332
chair 0.0095 0 19 37 328
chair 0.0075 0 2 249 331
chair 0.0067 159 244 243 330
chair 0.0062 0 210 67 331
chair 0.0055 0 274 40 332
chair 0.0054 8 133 180 331
chair 0.0037 42 302 99 332
chair 0.0037 158 244 189 300
chair 0.0026 0 147 30 323
chair 0.0017 0 25 106 332
chair 0.0017 32 184 295 330
chair 0.0014 0 267 21 333
chair 0.0010 26 188 63 331
diningtable 0.0026 12 190 460 333
diningtable 0.0010 18 269 464 332
tvmonitor 0.0064 2 0 149 55
