person 0.8899 59 22 78 69
person 0.8558 429 0 471 44
person 0.7316 270 2 286 29
person 0.5171 3 30 12 57
person 0.2282 95 38 105 55
person 0.1856 158 24 166 30
person 0.1011 0 32 5 54
person 0.0958 10 36 17 58
person 0.0683 464 32 473 43
person 0.0626 29 33 37 43
person 0.0568 480 30 497 44
person 0.0367 27 33 38 47
person 0.0337 4 30 12 45
person 0.0324 170 24 180 30
person 0.0304 0 31 4 43
person 0.0192 494 37 499 46
person 0.0116 93 34 111 55
person 0.0112 11 35 17 48
person 0.0105 472 35 479 43
person 0.0086 112 33 119 46
person 0.0083 98 38 115 54
person 0.0072 106 34 116 51
person 0.0062 431 0 446 29
person 0.0053 82 36 104 55
person 0.0050 270 18 284 29
person 0.0047 89 32 95 41
person 0.0041 0 29 17 59
person 0.0041 266 2 296 81
person 0.0037 64 31 77 49
person 0.0035 83 41 98 56
person 0.0029 26 33 32 41
person 0.0026 104 31 111 41
person 0.0026 235 21 248 33
person 0.0024 114 30 126 47
person 0.0024 11 35 20 50
person 0.0022 467 32 480 43
person 0.0021 74 32 85 47
person 0.0019 280 3 287 17
person 0.0017 490 33 500 45
person 0.0016 46 33 52 40
person 0.0015 249 10 288 75
person 0.0015 83 43 88 57
person 0.0015 50 33 61 46
person 0.0015 75 33 82 44
person 0.0014 34 34 41 41
person 0.0014 10 34 16 43
person 0.0013 89 42 99 55
person 0.0013 100 32 106 40
person 0.0011 16 35 26 42
person 0.0010 177 22 187 30
person 0.0010 125 21 131 30
bicycle 0.1095 0 40 9 58
bicycle 0.0169 0 38 18 58
bicycle 0.0021 340 5 375 100
bicycle 0.0010 345 43 370 79
car 0.3575 115 7 268 69
car 0.3320 51 34 62 47
car 0.2660 235 9 273 32
car 0.2582 82 33 113 55
car 0.2545 23 36 59 49
car 0.0989 72 35 87 49
car 0.0968 38 34 81 50
car 0.0846 12 36 32 48
car 0.0635 1 36 20 57
car 0.0423 81 28 196 56
car 0.0363 233 9 270 69
car 0.0142 44 31 88 56
car 0.0136 95 36 117 54
car 0.0107 188 8 272 34
car 0.0100 77 39 87 50
car 0.0092 82 40 98 56
car 0.0086 133 42 156 51
car 0.0072 92 43 240 81
car 0.0065 50 36 99 52
car 0.0059 114 26 192 48
car 0.0057 22 38 35 48
car 0.0056 478 31 499 46
car 0.0052 489 36 499 46
car 0.0043 75 48 298 183
car 0.0035 426 42 499 98
car 0.0029 60 26 75 53
car 0.0025 95 12 219 54
car 0.0024 2 35 61 57
car 0.0023 0 33 34 58
car 0.0017 249 11 288 75
car 0.0013 432 42 499 73
car 0.0011 250 32 269 76
motorbike 0.7971 93 30 497 369
motorbike 0.7268 362 41 499 151
motorbike 0.0536 363 40 499 329
motorbike 0.0207 399 136 500 325
motorbike 0.0099 426 41 499 143
motorbike 0.0036 362 57 435 150
motorbike 0.0028 340 5 375 100
motorbike 0.0022 427 49 499 98
motorbike 0.0020 89 39 105 56
motorbike 0.0016 37 31 292 367
motorbike 0.0011 285 0 382 98
motorbike 0.0010 91 29 299 176
bottle 0.0017 56 73 68 98
chair 0.8309 15 51 63 114
chair 0.1481 198 57 246 78
chair 0.0134 247 49 267 76
chair 0.0030 80 58 92 80
chair 0.0015 199 49 271 78
chair 0.0012 110 45 238 84
chair 0.0010 294 49 363 99
pottedplant 0.0046 260 27 298 87
pottedplant 0.0018 250 11 288 75
pottedplant 0.0011 395 25 433 54
