bottle 0.0047 47 147 63 212
chair 0.9208 29 180 195 371
chair 0.1382 0 355 80 374
chair 0.0107 0 337 80 375
chair 0.0086 316 135 378 173
chair 0.0068 175 179 397 362
chair 0.0057 0 302 80 373
chair 0.0037 47 150 63 213
chair 0.0033 0 279 37 369
chair 0.0029 46 147 107 212
chair 0.0023 168 181 247 340
chair 0.0021 42 355 80 374
chair 0.0019 112 179 172 242
chair 0.0018 0 366 18 374
chair 0.0016 370 142 424 172
chair 0.0015 240 190 346 372
chair 0.0013 217 114 422 198
chair 0.0012 299 135 403 198
chair 0.0011 0 287 14 372
chair 0.0010 110 184 176 293
sofa 0.0014 318 134 424 173
sofa 0.0014 168 183 246 337
diningtable 0.4531 0 202 117 372
diningtable 0.1476 0 205 115 289
diningtable 0.0031 18 168 361 347
diningtable 0.0025 169 182 257 345
diningtable 0.0022 0 279 37 369
diningtable 0.0015 170 183 246 217
diningtable 0.0013 169 183 346 371
tvmonitor 0.0628 0 3 59 255
tvmonitor 0.0123 46 146 62 213
tvmonitor 0.0023 0 143 59 254
