person 0.8827 0 65 42 123
person 0.8673 52 9 111 91
person 0.6790 96 22 131 66
person 0.4401 128 18 146 48
person 0.4066 34 30 61 107
person 0.4037 116 19 132 46
person 0.3639 0 33 28 82
person 0.3530 142 14 167 45
person 0.1749 129 16 164 50
person 0.1472 9 31 25 56
person 0.0837 21 32 42 81
person 0.0424 0 32 4 61
person 0.0319 133 19 145 33
person 0.0277 0 34 22 66
person 0.0248 132 12 182 92
person 0.0161 2 34 11 47
person 0.0156 88 22 96 32
person 0.0125 17 31 57 115
person 0.0089 34 30 54 65
person 0.0087 23 33 38 59
person 0.0066 176 60 220 92
person 0.0063 0 33 9 66
person 0.0053 5 31 14 46
person 0.0050 118 20 129 32
person 0.0047 0 49 6 65
person 0.0046 97 22 119 44
person 0.0043 0 30 7 49
person 0.0037 55 28 60 35
person 0.0036 19 32 34 53
person 0.0036 0 69 5 122
person 0.0031 0 94 4 123
person 0.0030 326 150 376 189
person 0.0030 54 27 66 39
person 0.0026 129 19 137 33
person 0.0025 52 50 67 94
person 0.0023 8 31 21 41
person 0.0017 0 30 4 47
person 0.0017 0 65 6 92
person 0.0016 90 22 105 42
person 0.0016 18 32 27 50
person 0.0015 298 55 346 78
person 0.0014 469 115 500 148
person 0.0014 87 21 97 41
person 0.0013 127 75 161 102
person 0.0013 449 110 500 149
person 0.0012 106 18 148 64
person 0.0012 34 30 47 50
person 0.0011 0 108 4 123
person 0.0011 0 338 26 373
person 0.0010 0 82 4 111
person 0.0010 0 65 18 95
person 0.0010 0 73 4 94
car 0.6535 1 5 497 376
car 0.0501 0 113 47 174
car 0.0166 2 1 498 100
car 0.0075 0 111 71 370
car 0.0019 0 113 47 139
car 0.0016 306 3 502 384
car 0.0011 140 1 498 39
chair 0.0012 41 88 65 108
tvmonitor 0.0012 32 15 46 32
