person 0.7119 179 87 190 105
person 0.6933 187 335 228 375
person 0.0738 185 333 233 417
person 0.0379 180 87 190 97
person 0.0334 125 236 141 249
person 0.0208 194 77 200 88
person 0.0200 183 85 189 92
person 0.0197 192 77 197 85
person 0.0192 191 77 194 84
person 0.0149 101 155 110 162
person 0.0132 112 190 127 201
person 0.0125 118 235 136 248
person 0.0102 179 85 187 92
person 0.0082 101 189 112 201
person 0.0080 131 238 142 250
person 0.0077 211 105 220 116
person 0.0074 111 235 126 247
person 0.0066 101 152 123 163
person 0.0060 100 236 113 247
person 0.0057 201 78 206 87
person 0.0056 196 77 201 86
person 0.0054 107 190 122 201
person 0.0052 120 191 130 201
person 0.0050 106 235 120 246
person 0.0040 100 153 115 163
person 0.0039 192 82 199 100
person 0.0020 96 189 109 202
person 0.0017 198 76 206 87
person 0.0016 234 79 240 94
person 0.0015 192 78 203 100
person 0.0013 101 185 124 200
person 0.0011 202 74 207 84
person 0.0011 94 183 132 203
car 0.9430 86 224 155 291
car 0.9232 86 181 139 231
car 0.9111 107 123 140 154
car 0.9048 92 149 132 186
car 0.7872 141 92 166 117
car 0.7692 120 105 149 133
car 0.0066 96 149 129 164
car 0.0038 120 103 148 118
car 0.0019 178 84 190 93
car 0.0012 88 205 138 232
car 0.0011 93 182 133 203
motorbike 0.8730 182 356 237 440
motorbike 0.7375 180 95 190 106
motorbike 0.0105 211 105 220 116
motorbike 0.0033 189 93 194 102
motorbike 0.0023 195 352 225 378
motorbike 0.0020 189 90 197 102
motorbike 0.0019 179 99 188 107
motorbike 0.0018 192 87 198 99
motorbike 0.0013 187 96 192 104
motorbike 0.0010 119 111 124 118
motorbike 0.0010 191 354 233 400
motorbike 0.0010 191 91 202 102
