person 0.9542 125 54 459 369
person 0.5413 468 265 499 373
person 0.1166 0 6 47 285
person 0.0440 401 193 419 221
person 0.0136 0 208 60 352
person 0.0057 380 203 390 211
person 0.0051 490 224 499 267
person 0.0025 468 200 499 347
person 0.0024 0 1 114 352
person 0.0024 455 358 480 375
person 0.0021 449 304 480 374
person 0.0021 0 83 57 364
person 0.0018 380 202 393 214
person 0.0010 43 279 89 302
bottle 0.4580 0 202 16 273
bottle 0.0132 0 201 22 336
bottle 0.0126 0 252 11 310
bottle 0.0084 44 147 59 185
bottle 0.0038 0 202 15 232
bottle 0.0025 1 235 15 276
bottle 0.0019 4 209 22 278
bottle 0.0010 12 212 26 282
chair 0.0214 468 267 499 373
chair 0.0052 40 343 150 373
chair 0.0041 102 252 164 363
chair 0.0037 42 279 116 334
chair 0.0016 105 307 150 358
sofa 0.0110 466 266 499 372
pottedplant 0.0246 0 271 59 352
pottedplant 0.0031 456 358 479 374
diningtable 0.0685 0 265 62 369
diningtable 0.0266 0 330 64 371
diningtable 0.0179 0 251 113 369
diningtable 0.0072 0 336 38 373
diningtable 0.0065 0 331 126 372
diningtable 0.0064 43 278 116 360
diningtable 0.0058 32 342 149 374
tvmonitor 0.0050 79 187 167 365
tvmonitor 0.0029 492 225 499 266
