person 0.8785 0 1 40 254
person 0.0440 489 296 499 342
person 0.0214 170 0 202 28
person 0.0079 455 3 499 340
person 0.0076 0 97 32 258
person 0.0054 0 0 40 121
person 0.0051 487 228 499 342
person 0.0031 481 100 499 332
person 0.0031 84 0 115 56
person 0.0029 211 0 250 16
person 0.0021 128 0 203 29
person 0.0019 112 0 145 24
person 0.0016 0 2 97 255
person 0.0013 168 0 202 63
person 0.0010 101 0 116 43
car 0.0014 115 0 204 29
motorbike 0.9340 12 1 492 304
motorbike 0.0057 129 0 181 75
motorbike 0.0013 11 3 496 150
chair 0.0821 19 55 81 130
chair 0.0704 29 0 114 119
chair 0.0475 42 43 93 92
chair 0.0081 30 36 60 110
chair 0.0070 8 8 86 132
chair 0.0027 128 0 160 68
chair 0.0026 24 62 36 116
chair 0.0016 32 0 186 109
chair 0.0014 50 47 82 85
chair 0.0013 0 56 42 130
chair 0.0012 97 0 158 64
chair 0.0011 26 62 56 117
diningtable 0.0012 0 290 72 371
