person 0.9592 183 78 379 332
bottle 0.0031 317 0 330 18
chair 0.9414 296 42 431 218
chair 0.0138 11 133 69 206
chair 0.0130 296 41 372 146
chair 0.0066 66 35 138 114
chair 0.0041 0 244 40 333
chair 0.0028 4 140 76 260
chair 0.0025 321 113 431 219
chair 0.0019 87 2 223 58
chair 0.0015 0 128 40 243
chair 0.0013 2 153 38 196
chair 0.0012 66 0 137 67
chair 0.0010 129 2 218 40
tvmonitor 0.8042 434 1 498 38
tvmonitor 0.0108 0 1 76 134
tvmonitor 0.0082 391 1 434 19
tvmonitor 0.0031 25 2 90 68
tvmonitor 0.0014 64 2 93 69
tvmonitor 0.0014 431 1 440 20
