person 0.8637 48 193 100 335
person 0.7172 402 175 410 195
person 0.0828 260 176 266 191
person 0.0235 262 177 267 191
person 0.0211 217 174 222 184
person 0.0185 229 178 233 188
person 0.0166 110 209 128 233
person 0.0150 6 165 34 199
person 0.0143 361 185 367 191
person 0.0137 117 170 139 197
person 0.0134 127 172 140 196
person 0.0085 447 179 452 189
person 0.0080 49 163 78 195
person 0.0079 48 163 56 177
person 0.0052 47 162 59 194
person 0.0049 363 195 379 207
person 0.0047 31 182 40 196
person 0.0045 342 184 347 191
person 0.0042 49 162 62 177
person 0.0042 107 192 131 235
person 0.0038 337 184 346 191
person 0.0037 160 158 172 229
person 0.0036 76 177 95 193
person 0.0035 8 164 20 179
person 0.0034 348 181 356 190
person 0.0032 4 166 17 199
person 0.0032 117 167 133 188
person 0.0029 172 195 184 233
person 0.0025 6 182 16 198
person 0.0025 215 173 218 184
person 0.0020 355 185 367 191
person 0.0019 361 197 372 207
person 0.0017 228 173 233 187
person 0.0015 116 189 125 196
person 0.0013 339 195 355 207
person 0.0013 112 172 141 231
person 0.0013 61 165 73 176
person 0.0013 160 155 179 258
person 0.0013 171 165 185 231
person 0.0011 333 195 347 207
person 0.0011 6 182 25 199
person 0.0011 258 178 263 193
person 0.0011 305 172 312 178
person 0.0010 333 183 347 192
bicycle 0.9277 115 276 222 371
bicycle 0.0053 402 186 410 197
bicycle 0.0028 120 319 158 370
bicycle 0.0016 167 286 222 369
bicycle 0.0011 148 315 217 370
car 0.9575 290 190 421 248
car 0.5576 270 162 319 203
car 0.0194 384 187 403 204
car 0.0099 266 178 271 190
car 0.0057 185 182 208 198
car 0.0044 384 186 397 198
car 0.0019 305 189 408 204
car 0.0018 270 164 285 202
car 0.0014 258 175 266 192
car 0.0010 365 186 402 203
bus 0.9557 0 125 181 300
bus 0.7983 234 169 260 195
bus 0.6495 270 162 319 203
bus 0.0010 0 235 17 298
