person 0.8485 2 201 346 371
person 0.0165 0 69 15 261
person 0.0076 321 -18 499 367
person 0.0018 69 101 80 129
person 0.0012 0 167 16 252
person 0.0012 0 87 9 166
horse 0.9397 328 17 499 370
horse 0.0071 192 71 277 128
horse 0.0055 224 73 315 128
horse 0.0030 291 89 316 124
horse 0.0028 478 13 499 38
horse 0.0019 132 20 498 371
horse 0.0018 0 69 12 137
horse 0.0012 197 70 317 168
sheep 0.0370 2 98 77 158
sheep 0.0320 0 69 14 122
sheep 0.0131 18 98 81 137
sheep 0.0069 0 70 16 163
sheep 0.0056 0 97 80 211
sheep 0.0045 2 87 76 131
sheep 0.0033 62 99 81 131
sheep 0.0031 0 68 18 244
sheep 0.0022 0 69 12 89
sheep 0.0012 79 106 111 129
sheep 0.0011 0 246 7 273
cow 0.0280 7 98 76 142
cow 0.0187 0 73 79 159
cow 0.0163 63 99 80 129
cow 0.0048 24 99 81 130
cow 0.0032 0 94 81 202
cow 0.0019 0 70 19 163
cow 0.0017 65 102 112 129
cow 0.0012 63 99 79 110
chair 0.0017 132 308 345 371
