person 0.8343 242 54 499 369
person 0.6683 1 35 271 368
person 0.0342 0 27 142 388
person 0.0193 0 42 82 328
person 0.0073 333 56 499 296
person 0.0043 240 294 499 372
person 0.0026 27 91 511 376
person 0.0023 194 7 367 381
person 0.0019 127 120 342 358
boat 0.0846 145 216 321 356
boat 0.0176 13 281 502 373
boat 0.0085 147 301 295 357
boat 0.0038 246 147 309 155
boat 0.0026 150 276 323 346
boat 0.0025 1 309 241 372
boat 0.0023 22 185 508 372
boat 0.0012 158 312 250 356
boat 0.0011 75 119 95 134
boat 0.0010 1 224 328 368
chair 0.0011 256 294 281 333
sofa 0.0039 241 294 500 371
