person 0.9280 1 74 297 497
person 0.0049 4 180 281 399
person 0.0044 101 411 184 500
person 0.0027 107 57 306 379
person 0.0010 0 51 149 490
bottle 0.0714 37 322 48 349
bottle 0.0486 190 444 209 499
bottle 0.0071 17 310 30 353
bottle 0.0047 1 123 15 162
bottle 0.0034 13 130 37 162
bottle 0.0027 22 322 50 354
bottle 0.0018 0 98 17 162
chair 0.9090 101 187 341 499
chair 0.0218 0 241 56 352
chair 0.0132 295 232 347 328
chair 0.0129 272 180 332 347
chair 0.0082 290 175 332 221
chair 0.0073 284 233 346 399
chair 0.0066 250 168 335 425
chair 0.0056 290 174 331 191
chair 0.0053 101 410 184 499
chair 0.0050 103 407 274 500
chair 0.0041 0 294 33 353
chair 0.0037 37 411 175 500
chair 0.0029 291 181 332 256
chair 0.0021 2 371 160 499
chair 0.0021 0 240 51 301
chair 0.0018 101 411 133 499
chair 0.0015 105 311 308 493
chair 0.0014 187 121 347 465
pottedplant 0.0140 197 21 267 91
pottedplant 0.0017 0 19 94 138
diningtable 0.0022 0 157 127 231
tvmonitor 0.0015 0 20 90 138
