person 0.9021 130 253 157 323
person 0.6681 275 260 283 280
person 0.2807 374 268 382 279
person 0.2652 342 269 350 279
person 0.2213 383 268 390 280
person 0.1915 353 268 359 279
person 0.1779 388 269 394 280
person 0.1772 282 225 294 238
person 0.1256 359 268 365 278
person 0.1210 273 227 280 239
person 0.1045 255 267 262 274
person 0.0962 263 268 268 273
person 0.0916 320 268 325 279
person 0.0901 423 222 429 231
person 0.0894 367 266 375 280
person 0.0678 307 231 315 238
person 0.0632 299 229 305 238
person 0.0605 363 269 370 280
person 0.0534 417 223 422 231
person 0.0525 304 273 322 280
person 0.0521 280 226 286 234
person 0.0516 199 262 204 271
person 0.0508 355 269 362 280
person 0.0463 68 260 72 268
person 0.0459 429 223 434 231
person 0.0429 292 232 299 238
person 0.0412 411 224 417 231
person 0.0410 403 270 413 281
person 0.0380 361 270 368 280
person 0.0378 352 270 358 280
person 0.0336 266 229 273 238
person 0.0334 390 223 396 231
person 0.0297 404 223 410 231
person 0.0277 181 260 185 267
person 0.0273 310 229 317 238
person 0.0228 205 266 209 274
person 0.0221 387 224 393 231
person 0.0207 268 227 274 235
person 0.0203 397 224 402 232
person 0.0169 264 230 269 238
person 0.0169 358 266 363 273
person 0.0158 276 222 281 228
person 0.0154 204 262 210 274
person 0.0139 368 266 375 272
person 0.0135 315 228 321 238
person 0.0133 390 273 400 281
person 0.0130 313 227 319 238
person 0.0125 400 229 407 237
person 0.0120 343 244 350 255
person 0.0114 67 259 75 270
person 0.0110 197 262 201 269
person 0.0109 362 267 367 273
person 0.0105 323 266 329 280
person 0.0105 400 271 408 281
person 0.0094 72 261 77 269
person 0.0081 399 270 404 279
person 0.0078 305 228 315 238
person 0.0070 374 266 382 274
person 0.0063 405 222 413 230
person 0.0056 407 272 414 281
person 0.0054 319 259 325 276
person 0.0052 99 255 158 323
person 0.0050 276 260 280 267
person 0.0047 424 222 434 231
person 0.0045 435 230 439 236
person 0.0044 351 266 356 272
person 0.0043 317 268 328 280
person 0.0042 329 276 340 281
person 0.0041 348 281 357 295
person 0.0040 317 226 322 234
person 0.0040 329 266 344 280
person 0.0039 0 214 16 227
person 0.0039 321 272 328 280
person 0.0038 256 231 262 239
person 0.0037 447 272 454 282
person 0.0036 400 236 406 244
person 0.0036 329 261 337 272
person 0.0035 254 266 263 279
person 0.0035 336 276 343 281
person 0.0033 164 260 174 270
person 0.0032 249 242 256 253
person 0.0031 409 223 420 231
person 0.0029 265 228 270 236
person 0.0028 239 262 244 271
person 0.0027 267 225 279 236
person 0.0027 305 259 324 279
person 0.0022 267 232 273 239
person 0.0020 238 266 243 274
person 0.0019 288 224 293 229
person 0.0019 261 268 269 274
person 0.0019 335 269 346 280
person 0.0018 390 270 404 281
person 0.0017 396 223 407 233
person 0.0016 443 268 451 282
person 0.0016 402 226 407 233
person 0.0015 400 231 407 244
person 0.0015 294 259 306 269
person 0.0015 328 254 334 266
person 0.0014 434 224 440 237
person 0.0014 344 266 349 273
person 0.0013 266 267 273 273
person 0.0013 439 268 447 282
person 0.0013 291 270 314 276
person 0.0012 244 261 249 272
person 0.0012 339 244 347 253
person 0.0011 329 260 343 275
person 0.0011 326 260 333 277
person 0.0011 393 223 401 230
person 0.0010 197 262 207 271
person 0.0010 209 260 215 272
person 0.0010 437 261 453 282
person 0.0010 272 222 282 229
person 0.0010 311 260 323 274
boat 0.8506 197 0 481 299
boat 0.6255 0 279 29 293
boat 0.4572 0 297 155 372
boat 0.4184 0 95 79 279
boat 0.2582 494 268 499 275
boat 0.2353 0 93 155 372
boat 0.1782 198 219 480 299
boat 0.1752 383 194 482 280
boat 0.1671 57 258 80 279
boat 0.1378 0 256 67 278
boat 0.0777 158 265 202 275
boat 0.0629 0 325 61 373
boat 0.0373 95 295 137 323
boat 0.0331 32 244 80 278
boat 0.0270 123 271 140 275
boat 0.0225 58 236 80 280
boat 0.0216 0 214 16 271
boat 0.0182 0 100 17 276
boat 0.0164 155 4 218 275
boat 0.0119 10 245 69 275
boat 0.0111 49 321 156 373
boat 0.0091 3 260 55 273
boat 0.0086 205 273 480 300
boat 0.0083 158 267 184 275
boat 0.0083 0 249 6 272
boat 0.0077 448 280 479 292
boat 0.0076 2 215 45 281
boat 0.0076 339 2 484 283
boat 0.0067 68 3 399 279
boat 0.0065 156 257 205 275
boat 0.0064 0 214 24 291
boat 0.0059 63 260 79 271
boat 0.0054 40 246 65 274
boat 0.0052 159 259 185 274
boat 0.0052 150 261 161 273
boat 0.0049 402 252 482 279
boat 0.0048 0 262 5 272
boat 0.0047 12 262 32 271
boat 0.0044 123 255 162 276
boat 0.0043 1 210 78 275
boat 0.0040 0 261 30 280
boat 0.0039 0 294 154 326
boat 0.0038 0 214 16 227
boat 0.0033 139 3 296 275
boat 0.0032 94 256 157 324
boat 0.0029 123 256 142 275
boat 0.0029 158 260 176 270
boat 0.0029 167 259 173 267
boat 0.0028 16 280 27 284
boat 0.0028 57 269 79 279
boat 0.0028 466 270 499 280
boat 0.0026 2 264 42 274
boat 0.0026 445 256 483 279
boat 0.0026 494 253 500 273
boat 0.0026 201 224 332 296
boat 0.0024 68 258 76 269
boat 0.0023 0 247 14 272
boat 0.0020 215 282 345 299
boat 0.0019 157 269 168 275
boat 0.0019 18 266 35 273
boat 0.0018 152 267 164 275
boat 0.0017 0 217 7 272
boat 0.0016 494 268 500 293
boat 0.0016 0 226 63 371
boat 0.0016 53 193 79 279
boat 0.0016 125 10 232 346
boat 0.0015 0 262 16 272
boat 0.0014 36 260 82 278
boat 0.0014 13 259 30 266
boat 0.0014 383 279 478 298
boat 0.0013 4 267 26 273
boat 0.0012 180 267 201 274
boat 0.0011 453 239 470 253
boat 0.0011 0 213 16 243
boat 0.0011 291 269 315 277
boat 0.0011 178 260 187 269
boat 0.0011 20 262 45 272
boat 0.0010 27 245 67 266
boat 0.0010 298 186 481 284
boat 0.0010 96 294 154 337
boat 0.0010 41 264 64 277
bird 0.0024 0 215 16 227
