person 0.9119 129 191 206 302
person 0.0319 490 306 499 336
person 0.0119 262 152 278 165
person 0.0055 283 153 299 164
person 0.0047 490 304 499 321
person 0.0040 483 142 495 151
person 0.0034 341 156 354 168
person 0.0033 347 157 356 168
person 0.0031 493 142 499 151
person 0.0031 268 152 284 164
person 0.0023 277 153 293 164
person 0.0019 162 213 183 230
person 0.0018 151 154 164 165
person 0.0018 369 153 385 167
person 0.0017 362 153 378 167
person 0.0017 148 153 159 166
person 0.0016 492 318 499 335
person 0.0016 376 153 390 167
person 0.0016 168 152 188 165
person 0.0014 165 215 210 297
person 0.0014 489 275 500 336
person 0.0012 331 125 341 147
person 0.0011 359 154 372 168
person 0.0011 154 152 175 166
bicycle 0.0013 96 146 105 162
car 0.9476 210 144 326 209
car 0.9248 311 146 423 207
car 0.9163 126 144 213 211
car 0.8936 454 139 499 169
car 0.7885 375 272 499 375
car 0.7177 332 125 379 149
car 0.3154 375 119 470 160
car 0.1459 6 110 25 123
car 0.0577 287 124 379 148
car 0.0091 0 112 4 120
car 0.0072 111 144 136 166
car 0.0047 0 112 7 121
car 0.0034 6 117 15 123
car 0.0020 103 144 135 185
car 0.0016 295 146 320 161
car 0.0013 426 134 466 161
car 0.0013 482 141 498 151
car 0.0012 327 125 357 148
motorbike 0.9381 90 216 248 329
motorbike 0.0025 163 214 247 311
motorbike 0.0021 162 214 199 236
motorbike 0.0010 162 214 211 246
pottedplant 0.0036 69 134 85 154
pottedplant 0.0012 66 75 109 153
pottedplant 0.0011 312 32 318 44
