person 0.9023 94 32 499 371
person 0.8221 0 84 192 370
person 0.3748 447 93 500 220
person 0.3286 80 69 114 97
person 0.1031 482 93 499 183
person 0.0834 0 74 25 162
person 0.0530 80 70 142 186
person 0.0458 104 33 326 306
person 0.0442 128 126 169 182
person 0.0202 139 159 196 248
person 0.0182 448 93 500 368
person 0.0174 81 68 130 113
person 0.0116 0 75 13 91
person 0.0110 0 69 74 158
person 0.0089 0 83 140 271
person 0.0087 447 174 499 217
person 0.0082 122 87 170 181
person 0.0080 265 44 498 329
person 0.0071 0 83 20 221
person 0.0066 0 121 16 183
person 0.0060 393 86 499 371
person 0.0048 0 75 15 117
person 0.0045 150 85 187 166
person 0.0041 16 69 149 188
person 0.0040 135 60 196 248
person 0.0027 395 91 501 220
person 0.0025 0 67 26 294
person 0.0018 0 53 15 90
person 0.0017 0 111 28 157
person 0.0017 3 80 92 371
person 0.0017 80 68 111 84
person 0.0015 475 102 499 284
person 0.0015 0 69 17 94
person 0.0015 411 45 495 191
person 0.0014 134 107 193 204
person 0.0013 137 32 156 56
person 0.0012 90 71 186 211
person 0.0012 262 61 352 327
person 0.0011 79 68 114 133
chair 0.0032 301 222 352 300
chair 0.0014 0 121 19 162
chair 0.0012 126 150 168 181
chair 0.0011 148 319 181 374
pottedplant 0.0050 180 23 245 57
tvmonitor 0.0064 123 49 191 88
