person 0.9555 232 66 344 294
person 0.9422 45 147 159 298
person 0.9246 331 109 461 325
person 0.8980 107 146 216 297
person 0.8684 142 74 208 190
person 0.0864 38 169 102 239
person 0.0300 140 75 214 281
person 0.0147 60 178 100 218
person 0.0141 37 172 67 240
person 0.0073 58 147 111 219
person 0.0044 304 86 312 92
person 0.0023 56 146 134 244
person 0.0013 40 151 94 190
bird 0.0010 202 100 207 106
cat 0.0215 41 163 53 187
cat 0.0040 41 164 64 188
bottle 0.0011 277 183 283 192
chair 0.7375 477 246 499 329
chair 0.2121 334 152 499 322
chair 0.0357 480 301 499 330
chair 0.0137 477 246 499 268
chair 0.0073 434 154 500 319
chair 0.0072 477 183 499 319
chair 0.0041 0 192 92 323
chair 0.0031 98 183 282 297
chair 0.0020 489 285 499 297
chair 0.0012 -3 179 165 327
sofa 0.9163 0 185 288 321
sofa 0.4949 335 153 498 322
sofa 0.2318 416 154 499 320
sofa 0.0157 109 156 500 319
sofa 0.0121 173 187 287 294
sofa 0.0120 0 192 92 323
sofa 0.0083 0 234 9 273
sofa 0.0019 477 188 499 313
sofa 0.0013 449 155 499 259
sofa 0.0012 6 162 175 312
pottedplant 0.2533 332 110 378 204
pottedplant 0.2332 300 26 377 205
pottedplant 0.0589 300 23 367 118
pottedplant 0.0052 335 180 356 214
pottedplant 0.0034 339 141 378 195
pottedplant 0.0018 333 103 377 153
pottedplant 0.0014 332 93 351 113
pottedplant 0.0013 319 87 351 115
pottedplant 0.0013 267 171 285 191
pottedplant 0.0012 320 113 450 200
pottedplant 0.0010 349 80 363 92
diningtable 0.3195 61 284 339 330
diningtable 0.0034 67 297 164 330
diningtable 0.0011 19 229 500 323
tvmonitor 0.0092 0 234 9 272
