person 0.0310 0 50 12 67
person 0.0256 0 50 3 66
person 0.0211 0 58 12 67
person 0.0161 170 73 177 94
person 0.0150 0 50 2 59
person 0.0092 0 54 7 66
person 0.0065 226 209 236 217
person 0.0031 47 179 56 189
person 0.0031 20 106 57 147
person 0.0025 206 223 213 229
person 0.0023 35 181 42 191
person 0.0020 51 179 60 188
person 0.0020 112 70 116 80
person 0.0019 52 135 57 143
person 0.0016 172 70 181 95
person 0.0013 45 135 57 142
person 0.0012 0 58 5 66
person 0.0011 188 159 195 166
person 0.0011 63 135 69 143
person 0.0011 40 182 51 190
person 0.0010 25 120 33 137
person 0.0010 44 182 54 190
car 0.8602 245 156 282 182
car 0.7906 30 175 72 217
car 0.7839 111 181 150 214
car 0.7590 170 154 203 182
car 0.7565 107 214 152 241
car 0.7435 193 177 231 207
car 0.6497 105 115 129 132
car 0.6379 105 143 133 166
car 0.6181 198 204 244 241
car 0.6143 90 130 117 151
car 0.5940 201 93 221 108
car 0.5902 113 159 147 185
car 0.4796 189 85 209 101
car 0.4528 171 144 203 162
car 0.4317 277 96 287 115
car 0.3788 225 97 248 113
car 0.0413 174 70 199 94
car 0.0215 226 202 246 219
car 0.0082 199 223 259 241
car 0.0074 199 204 246 222
car 0.0070 5 88 39 118
car 0.0049 107 71 132 88
car 0.0038 177 151 203 164
car 0.0035 226 202 256 234
car 0.0032 200 233 260 241
car 0.0023 178 83 198 94
car 0.0020 178 84 190 94
car 0.0018 283 106 287 115
car 0.0017 110 226 150 241
car 0.0016 241 235 260 241
car 0.0015 114 206 149 214
car 0.0013 201 230 242 240
car 0.0013 281 99 287 114
bus 0.3619 36 88 69 113
bus 0.3163 19 105 56 146
bus 0.1195 106 70 133 88
bus 0.1184 38 119 81 174
bus 0.0234 5 89 40 118
