person 0.9045 254 77 330 372
person 0.9017 405 88 486 373
person 0.8939 311 90 382 372
person 0.8838 203 95 267 362
person 0.8817 362 74 429 374
person 0.8812 138 94 215 371
person 0.8660 10 106 114 372
person 0.6636 90 88 168 365
person 0.3467 464 113 487 159
person 0.3027 469 108 499 204
person 0.2558 485 180 499 215
person 0.1887 206 86 226 123
person 0.1779 485 91 500 118
person 0.0905 450 100 470 136
person 0.0805 457 82 476 114
person 0.0753 462 58 477 84
person 0.0574 444 109 471 171
person 0.0463 57 105 65 118
person 0.0458 476 64 494 94
person 0.0391 471 159 499 202
person 0.0323 484 110 499 169
person 0.0320 160 90 175 127
person 0.0246 466 82 486 113
person 0.0203 37 105 77 138
person 0.0148 484 91 500 148
person 0.0126 491 66 499 89
person 0.0125 452 79 462 93
person 0.0124 468 94 488 127
person 0.0103 473 93 498 133
person 0.0101 482 81 493 97
person 0.0099 470 94 486 114
person 0.0097 458 82 472 96
person 0.0088 444 79 463 107
person 0.0080 207 86 226 103
person 0.0073 491 81 499 96
person 0.0068 449 99 466 119
person 0.0063 469 79 485 98
person 0.0055 156 80 368 366
person 0.0053 461 70 473 84
person 0.0051 493 56 500 74
person 0.0047 493 78 500 92
person 0.0042 492 68 499 80
person 0.0040 459 82 484 99
person 0.0039 467 142 490 176
person 0.0038 157 59 164 74
person 0.0036 488 62 500 82
person 0.0033 472 78 484 90
person 0.0032 165 87 226 125
person 0.0028 478 82 494 111
person 0.0028 145 89 175 128
person 0.0024 487 59 497 73
person 0.0022 446 93 461 114
person 0.0022 478 53 491 70
person 0.0020 489 90 499 108
person 0.0017 472 67 483 84
person 0.0017 444 108 465 145
person 0.0017 494 54 500 68
person 0.0016 480 117 491 133
person 0.0015 461 104 469 115
person 0.0014 466 58 475 68
person 0.0012 492 91 500 104
person 0.0012 486 53 498 70
person 0.0012 246 92 257 133
person 0.0011 58 104 69 119
person 0.0011 157 79 300 133
person 0.0010 476 140 498 184
person 0.0010 42 106 66 119
person 0.0010 245 91 256 115
car 0.0110 402 75 453 95
car 0.0022 418 78 456 98
bird 0.0011 272 149 307 180
bottle 0.0073 321 189 335 215
bottle 0.0029 49 111 55 118
bottle 0.0025 43 110 48 118
bottle 0.0021 361 104 372 127
bottle 0.0018 322 189 345 221
bottle 0.0016 247 91 256 116
bottle 0.0014 363 112 372 127
chair 0.0653 36 79 90 138
chair 0.0400 36 107 81 139
chair 0.0099 106 110 123 135
chair 0.0055 300 78 355 130
chair 0.0047 63 121 76 136
chair 0.0041 395 78 419 96
chair 0.0034 452 44 465 64
chair 0.0032 90 39 117 64
chair 0.0032 63 101 87 119
chair 0.0023 485 264 499 280
chair 0.0022 462 47 476 61
chair 0.0021 42 110 50 118
chair 0.0018 53 79 89 117
chair 0.0016 316 88 367 131
chair 0.0015 395 78 421 116
chair 0.0015 494 80 499 90
chair 0.0014 479 117 490 131
chair 0.0014 157 24 170 68
chair 0.0010 453 51 462 64
chair 0.0010 300 77 352 93
sofa 0.0124 32 73 360 135
sofa 0.0013 13 88 497 324
sofa 0.0013 30 77 207 136
pottedplant 0.0015 158 0 181 71
diningtable 0.0012 37 117 69 127
