person 0.0028 379 0 459 45
cat 0.0025 379 0 460 45
cat 0.0021 380 0 434 31
chair 0.9190 0 106 204 370
chair 0.0284 0 306 52 372
chair 0.0231 491 77 500 118
chair 0.0090 110 199 171 267
chair 0.0088 0 244 51 370
chair 0.0066 0 250 204 370
chair 0.0057 107 201 206 367
chair 0.0034 0 107 83 368
chair 0.0018 0 34 99 258
chair 0.0013 360 0 456 58
pottedplant 0.0030 372 0 460 47
diningtable 0.0033 17 0 468 355
diningtable 0.0029 337 238 499 370
diningtable 0.0012 65 17 423 218
tvmonitor 0.9138 416 63 499 260
tvmonitor 0.9068 86 28 196 113
tvmonitor 0.9063 179 14 309 131
tvmonitor 0.8662 302 34 428 172
tvmonitor 0.7375 0 35 97 137
tvmonitor 0.0295 491 77 499 118
tvmonitor 0.0137 483 197 499 259
tvmonitor 0.0069 475 186 499 271
tvmonitor 0.0051 488 220 499 244
tvmonitor 0.0049 412 193 468 253
tvmonitor 0.0026 457 68 499 307
tvmonitor 0.0025 489 194 500 246
tvmonitor 0.0025 483 228 499 264
tvmonitor 0.0020 151 14 347 182
tvmonitor 0.0016 2 30 190 137
tvmonitor 0.0012 493 186 500 232
tvmonitor 0.0010 412 179 497 265
tvmonitor 0.0010 0 91 6 111
