person 0.0073 322 0 334 25
person 0.0070 99 113 106 131
person 0.0011 367 0 377 21
bottle 0.3763 70 101 89 139
bottle 0.0195 27 125 48 156
bottle 0.0114 1 130 17 158
bottle 0.0077 58 107 98 152
bottle 0.0074 0 138 7 158
bottle 0.0047 377 133 383 145
bottle 0.0042 27 84 49 155
bottle 0.0041 15 128 28 157
bottle 0.0040 0 1 25 157
bottle 0.0027 71 101 87 119
bottle 0.0025 0 128 10 159
bottle 0.0023 0 17 13 84
bottle 0.0023 56 118 72 150
bottle 0.0017 9 2 29 148
bottle 0.0015 0 88 18 158
bottle 0.0012 69 103 76 117
bottle 0.0011 13 87 29 157
chair 0.9631 106 97 284 367
chair 0.9361 308 248 483 372
chair 0.2060 201 86 277 127
chair 0.0756 0 167 60 261
chair 0.0402 463 265 499 373
chair 0.0368 470 318 499 373
chair 0.0267 241 86 276 104
chair 0.0117 143 66 164 78
chair 0.0086 204 86 279 107
chair 0.0062 463 166 500 370
chair 0.0050 481 172 500 317
chair 0.0049 493 271 499 321
chair 0.0027 190 97 207 123
chair 0.0026 483 258 499 357
chair 0.0018 492 193 500 275
chair 0.0014 308 258 364 373
chair 0.0013 485 203 499 281
chair 0.0012 243 86 277 127
chair 0.0011 485 233 500 321
sofa 0.0346 0 216 136 372
tvmonitor 0.8773 300 85 357 150
tvmonitor 0.0089 142 66 164 78
tvmonitor 0.0062 93 59 164 80
tvmonitor 0.0018 190 97 207 123
tvmonitor 0.0011 93 97 120 131
