person 0.4781 267 146 359 202
person 0.1063 256 154 374 231
person 0.0772 319 147 358 192
person 0.0026 111 98 124 146
bottle 0.6750 328 181 338 211
bottle 0.6672 385 159 395 183
bottle 0.0107 330 182 337 195
bottle 0.0061 454 135 465 163
bottle 0.0011 386 162 391 173
chair 0.9311 0 206 88 372
chair 0.6997 222 226 436 371
chair 0.5188 254 153 371 230
chair 0.3532 246 121 260 145
chair 0.2140 352 161 371 193
chair 0.1535 481 224 499 239
chair 0.1255 128 149 176 211
chair 0.0922 245 121 263 164
chair 0.0679 453 238 499 371
chair 0.0609 204 120 218 194
chair 0.0572 253 153 310 231
chair 0.0500 251 160 284 213
chair 0.0432 348 165 501 305
chair 0.0408 207 119 215 146
chair 0.0305 244 122 266 191
chair 0.0268 317 160 370 194
chair 0.0202 0 204 9 298
chair 0.0189 205 118 215 174
chair 0.0165 40 205 73 249
chair 0.0144 246 121 282 194
chair 0.0141 351 162 362 191
chair 0.0128 255 151 330 196
chair 0.0104 377 178 418 195
chair 0.0103 0 205 8 253
chair 0.0093 208 119 223 147
chair 0.0083 273 162 373 206
chair 0.0078 0 253 4 298
chair 0.0077 289 221 325 229
chair 0.0076 342 160 372 219
chair 0.0075 253 162 284 188
chair 0.0073 209 122 261 195
chair 0.0073 46 204 72 232
chair 0.0069 322 193 361 231
chair 0.0068 207 119 221 173
chair 0.0046 482 234 500 256
chair 0.0046 208 121 259 145
chair 0.0045 361 164 371 192
chair 0.0041 0 207 18 301
chair 0.0039 0 223 5 304
chair 0.0037 45 206 86 306
chair 0.0036 0 205 7 221
chair 0.0030 195 119 214 194
chair 0.0028 0 178 27 290
chair 0.0022 0 209 36 369
chair 0.0021 0 245 10 306
chair 0.0014 320 166 357 190
chair 0.0014 350 160 363 169
chair 0.0014 341 146 363 163
chair 0.0013 207 148 222 195
chair 0.0012 354 166 497 237
chair 0.0011 0 178 20 210
chair 0.0011 0 206 74 303
chair 0.0011 0 236 15 374
chair 0.0010 323 209 358 230
chair 0.0010 347 197 361 231
chair 0.0010 208 119 215 131
sofa 0.8745 348 165 499 304
sofa 0.6922 254 155 371 229
sofa 0.5936 222 226 436 371
sofa 0.0264 267 148 357 197
sofa 0.0062 354 166 497 236
sofa 0.0045 481 225 499 240
sofa 0.0030 0 180 28 250
sofa 0.0023 127 149 175 210
sofa 0.0021 229 163 499 321
sofa 0.0015 0 202 9 254
sofa 0.0013 222 242 252 340
pottedplant 0.1038 103 30 116 67
pottedplant 0.0385 102 22 130 67
pottedplant 0.0080 106 21 130 46
pottedplant 0.0042 226 131 239 148
pottedplant 0.0039 467 156 500 178
pottedplant 0.0028 216 124 242 138
pottedplant 0.0016 435 150 499 180
pottedplant 0.0010 488 159 500 178
diningtable 0.3761 207 144 261 195
diningtable 0.3146 262 196 356 229
diningtable 0.1570 453 238 500 369
diningtable 0.1066 376 172 423 194
diningtable 0.0318 208 136 260 155
diningtable 0.0192 208 145 260 159
diningtable 0.0191 456 239 500 278
diningtable 0.0064 483 240 500 256
diningtable 0.0043 276 219 341 230
diningtable 0.0038 376 177 414 189
diningtable 0.0034 268 204 357 220
diningtable 0.0019 239 136 257 148
diningtable 0.0016 359 166 482 195
diningtable 0.0013 294 155 344 168
diningtable 0.0011 0 199 32 299
tvmonitor 0.0134 109 83 137 155
tvmonitor 0.0093 0 176 21 193
tvmonitor 0.0082 109 99 124 148
tvmonitor 0.0039 0 175 21 217
tvmonitor 0.0020 0 176 26 243
tvmonitor 0.0012 50 66 139 157
