person 0.0264 119 0 257 70
person 0.0025 92 89 123 136
person 0.0010 116 75 128 108
person 0.0010 138 0 176 17
car 0.0097 239 59 262 81
car 0.0032 244 62 284 95
car 0.0029 114 73 156 127
bird 0.0444 119 0 256 69
chair 0.0028 238 206 278 284
chair 0.0014 259 207 283 232
pottedplant 0.6503 58 101 332 423
pottedplant 0.0442 201 208 334 420
pottedplant 0.0174 238 340 313 420
pottedplant 0.0022 228 37 270 82
pottedplant 0.0020 238 208 276 284
pottedplant 0.0018 279 280 332 384
pottedplant 0.0014 239 44 262 80
pottedplant 0.0011 235 208 332 335
