person 0.0068 422 278 430 286
person 0.0067 310 242 315 250
person 0.0067 316 243 319 250
person 0.0063 434 277 443 283
person 0.0053 432 277 444 286
person 0.0042 442 277 451 287
person 0.0041 444 274 451 282
person 0.0031 356 244 360 250
person 0.0020 469 241 475 250
person 0.0013 425 277 445 283
person 0.0012 399 302 403 307
person 0.0012 442 271 448 277
person 0.0011 307 242 310 250
boat 0.8540 64 216 94 274
boat 0.8173 298 240 309 265
boat 0.7862 411 224 452 288
boat 0.7199 241 244 269 279
boat 0.7133 13 239 28 269
boat 0.6506 117 230 147 286
boat 0.1896 6 244 17 262
boat 0.0606 238 245 250 273
boat 0.0596 160 241 175 248
boat 0.0179 480 242 500 251
boat 0.0156 117 276 147 286
boat 0.0078 445 270 459 280
boat 0.0068 4 209 27 267
boat 0.0063 58 241 70 248
boat 0.0050 114 245 125 249
boat 0.0047 109 244 117 249
boat 0.0041 494 244 500 251
boat 0.0037 178 244 191 249
boat 0.0036 258 244 268 250
boat 0.0036 246 272 268 279
boat 0.0035 83 236 94 241
boat 0.0033 106 309 129 320
boat 0.0032 414 276 452 287
boat 0.0031 299 257 309 265
boat 0.0028 278 240 290 250
boat 0.0026 141 243 151 248
boat 0.0026 346 243 355 249
boat 0.0025 158 234 181 248
boat 0.0025 238 241 291 279
boat 0.0025 431 277 449 287
boat 0.0024 184 316 204 321
boat 0.0024 14 256 27 269
boat 0.0019 480 228 500 252
boat 0.0018 440 277 452 287
boat 0.0017 30 331 53 340
boat 0.0017 489 243 499 251
boat 0.0016 456 244 463 250
boat 0.0016 257 273 272 279
boat 0.0015 119 145 147 293
boat 0.0015 66 265 93 274
boat 0.0015 109 243 124 249
boat 0.0014 411 244 420 250
boat 0.0014 0 245 9 250
boat 0.0014 441 245 452 251
boat 0.0013 0 232 6 238
boat 0.0013 411 223 496 287
boat 0.0013 434 244 445 251
boat 0.0012 53 239 69 248
boat 0.0012 43 243 52 248
boat 0.0012 433 282 447 287
boat 0.0011 263 245 276 250
boat 0.0011 8 214 41 270
boat 0.0011 441 242 500 255
boat 0.0011 89 244 98 249
boat 0.0010 146 280 163 285
boat 0.0010 325 244 331 250
boat 0.0010 405 244 411 250
boat 0.0010 122 246 129 249
boat 0.0010 102 244 110 249
boat 0.0010 316 260 327 265
boat 0.0010 289 244 297 250
bird 0.1041 450 327 463 334
bird 0.0950 124 310 129 315
bird 0.0214 114 310 129 317
bird 0.0041 395 318 406 322
bird 0.0027 111 318 118 322
bird 0.0026 279 280 283 284
bird 0.0016 399 302 406 308
bird 0.0010 133 292 136 296
