bird 0.9209 202 78 304 297
bird 0.0064 33 1 442 312
bird 0.0039 336 306 380 331
pottedplant 0.7795 368 142 499 328
pottedplant 0.6884 3 2 269 328
pottedplant 0.3412 260 1 478 319
pottedplant 0.3231 0 156 71 330
pottedplant 0.3025 0 5 89 280
pottedplant 0.0526 390 1 499 194
pottedplant 0.0328 468 -1 499 200
pottedplant 0.0289 68 167 269 329
pottedplant 0.0252 0 243 72 329
pottedplant 0.0166 0 155 68 215
pottedplant 0.0110 0 3 105 155
pottedplant 0.0097 0 51 89 185
pottedplant 0.0086 0 116 68 248
pottedplant 0.0067 0 93 58 157
pottedplant 0.0046 0 238 31 331
pottedplant 0.0031 0 7 55 199
pottedplant 0.0030 3 154 97 266
pottedplant 0.0030 380 142 499 191
pottedplant 0.0026 347 -5 500 279
pottedplant 0.0024 0 177 47 296
pottedplant 0.0022 0 1 225 198
pottedplant 0.0015 0 204 21 323
pottedplant 0.0011 35 205 85 265
pottedplant 0.0010 0 86 18 157
