person 0.9322 156 72 334 305
person 0.9070 261 143 445 365
person 0.2686 489 223 499 264
person 0.2004 462 224 500 300
person 0.0904 488 223 500 298
person 0.0210 456 250 499 331
person 0.0194 489 187 500 280
person 0.0096 490 259 500 301
person 0.0037 457 158 500 306
person 0.0036 491 263 499 329
person 0.0031 484 170 499 264
person 0.0030 491 166 500 249
person 0.0018 493 253 499 278
person 0.0015 481 259 500 330
bottle 0.0151 460 57 499 140
bottle 0.0031 244 39 266 92
bottle 0.0011 339 83 367 157
chair 0.9562 4 91 172 261
chair 0.8504 418 233 499 332
chair 0.0759 326 81 368 201
chair 0.0330 417 122 499 339
chair 0.0241 0 91 18 196
chair 0.0227 451 289 499 331
chair 0.0144 338 82 370 151
chair 0.0109 201 86 368 198
chair 0.0095 472 294 499 328
chair 0.0088 0 163 17 199
chair 0.0083 417 232 495 284
chair 0.0082 313 308 330 333
chair 0.0077 333 112 499 334
chair 0.0068 302 78 344 190
chair 0.0063 328 154 354 201
chair 0.0055 0 67 17 122
chair 0.0049 333 228 498 337
chair 0.0048 494 311 500 330
chair 0.0047 485 266 499 329
chair 0.0043 156 75 334 303
chair 0.0041 141 141 469 363
chair 0.0040 0 167 7 192
chair 0.0031 325 211 339 243
chair 0.0030 438 278 451 324
chair 0.0028 425 129 499 163
chair 0.0027 438 278 470 329
chair 0.0027 0 95 7 123
chair 0.0024 2 190 170 261
chair 0.0020 485 299 500 329
chair 0.0016 0 164 5 181
chair 0.0015 491 284 500 329
chair 0.0014 450 289 472 331
chair 0.0014 302 308 329 328
chair 0.0013 150 212 331 300
chair 0.0012 257 77 413 335
chair 0.0012 2 91 18 127
chair 0.0011 488 310 500 329
diningtable 0.5473 -1 199 413 368
diningtable 0.0367 74 253 468 373
diningtable 0.0354 398 324 499 373
diningtable 0.0101 233 311 408 373
diningtable 0.0063 354 343 485 374
diningtable 0.0061 273 317 499 372
diningtable 0.0051 337 101 499 263
diningtable 0.0041 340 94 499 163
diningtable 0.0040 13 307 493 372
diningtable 0.0027 234 350 381 374
diningtable 0.0023 3 190 291 316
diningtable 0.0022 397 359 499 374
diningtable 0.0022 339 52 498 202
diningtable 0.0019 426 294 499 372
diningtable 0.0017 417 233 499 332
diningtable 0.0016 0 190 162 263
diningtable 0.0013 329 349 406 373
diningtable 0.0013 399 343 443 374
diningtable 0.0012 254 362 372 374
