person 0.8072 366 46 385 100
person 0.7673 426 20 468 135
person 0.5196 382 27 415 84
person 0.1634 428 62 461 135
person 0.1091 490 45 499 83
person 0.0351 431 20 468 62
person 0.0190 438 20 453 44
person 0.0140 493 44 499 62
person 0.0129 377 32 413 134
person 0.0069 454 68 469 129
person 0.0065 384 26 410 60
person 0.0042 0 51 6 97
person 0.0034 179 54 191 82
person 0.0027 494 69 499 83
person 0.0026 202 0 217 10
person 0.0024 453 36 472 125
person 0.0015 368 47 384 74
bicycle 0.0019 171 62 205 104
bicycle 0.0014 180 57 206 84
car 0.0637 292 67 311 72
motorbike 0.9440 51 79 477 371
dog 0.9367 0 213 79 371
dog 0.9125 121 72 232 249
dog 0.0052 225 83 239 99
dog 0.0020 181 76 240 101
bottle 0.0035 379 121 384 134
bottle 0.0016 460 123 464 136
chair 0.9269 372 82 432 180
chair 0.7616 449 83 499 185
chair 0.7270 324 88 371 133
chair 0.2650 316 79 346 112
chair 0.1173 348 74 368 90
chair 0.0850 298 78 321 110
chair 0.0742 316 79 347 95
chair 0.0561 337 70 351 88
chair 0.0329 372 109 385 135
chair 0.0254 316 78 369 116
chair 0.0120 343 74 372 118
chair 0.0091 168 64 191 105
chair 0.0079 369 98 380 121
chair 0.0051 354 87 379 121
chair 0.0050 299 78 314 94
chair 0.0048 175 56 239 101
chair 0.0047 292 78 323 125
chair 0.0044 372 82 390 134
chair 0.0041 316 79 331 97
chair 0.0039 351 89 369 113
chair 0.0038 158 68 167 76
chair 0.0032 219 54 235 99
chair 0.0030 171 66 187 93
chair 0.0028 190 62 224 84
chair 0.0026 336 67 349 81
chair 0.0025 317 72 351 90
chair 0.0023 178 65 184 81
chair 0.0022 227 78 240 99
chair 0.0022 366 75 381 119
chair 0.0021 366 75 382 98
chair 0.0019 180 64 191 82
chair 0.0017 171 60 205 104
chair 0.0017 378 76 394 117
chair 0.0015 191 62 210 82
chair 0.0015 462 83 499 145
chair 0.0015 185 65 203 86
chair 0.0014 172 80 192 105
chair 0.0013 160 75 187 106
chair 0.0013 350 78 375 98
chair 0.0012 172 81 187 90
chair 0.0012 339 77 369 97
chair 0.0012 175 65 192 89
chair 0.0011 374 82 420 139
chair 0.0010 152 75 170 107
chair 0.0010 347 67 369 102
pottedplant 0.0069 334 49 350 80
pottedplant 0.0067 390 57 414 83
pottedplant 0.0051 79 63 101 107
pottedplant 0.0033 315 0 425 36
pottedplant 0.0026 93 0 117 29
pottedplant 0.0021 381 61 396 83
pottedplant 0.0021 307 0 420 77
pottedplant 0.0020 79 63 100 78
pottedplant 0.0017 373 0 423 24
pottedplant 0.0016 182 65 202 86
pottedplant 0.0014 383 67 394 76
pottedplant 0.0011 206 63 224 77
diningtable 0.0051 82 67 173 106
diningtable 0.0013 336 77 369 97
