person 0.9390 130 146 278 287
person 0.9349 336 95 500 371
person 0.9303 0 108 131 322
person 0.8858 136 31 277 226
person 0.8266 272 149 425 361
person 0.8139 270 64 340 235
person 0.0097 109 57 178 247
person 0.0089 273 142 363 311
person 0.0048 420 191 499 369
person 0.0012 313 150 350 209
bottle 0.9527 335 226 375 349
bottle 0.7365 97 240 142 329
bottle 0.1599 88 322 165 374
bottle 0.0012 107 239 122 265
bottle 0.0011 350 225 365 243
chair 0.8067 430 126 499 190
chair 0.7703 410 239 452 355
chair 0.1831 108 61 176 256
chair 0.0879 273 231 299 267
chair 0.0878 103 172 139 258
chair 0.0764 402 136 425 147
chair 0.0326 429 199 499 370
chair 0.0287 430 126 473 170
chair 0.0187 451 318 499 372
chair 0.0166 372 236 453 373
chair 0.0118 107 144 151 254
chair 0.0106 249 151 260 190
chair 0.0096 117 177 141 252
chair 0.0094 129 176 161 251
chair 0.0089 344 53 399 109
chair 0.0089 402 139 438 171
chair 0.0082 252 191 278 214
chair 0.0077 157 258 179 273
chair 0.0077 484 161 500 192
chair 0.0075 484 192 499 231
chair 0.0054 115 39 277 282
chair 0.0043 133 203 181 283
chair 0.0033 490 165 499 187
chair 0.0031 337 156 498 373
chair 0.0029 103 172 129 196
chair 0.0026 126 169 146 252
chair 0.0025 144 204 162 241
chair 0.0020 172 247 186 273
chair 0.0019 416 250 441 332
chair 0.0019 489 176 500 192
chair 0.0019 477 159 500 182
chair 0.0018 418 236 452 312
chair 0.0017 254 191 279 248
chair 0.0017 107 150 135 183
chair 0.0017 8 110 143 262
chair 0.0017 272 219 335 318
chair 0.0017 73 83 116 123
chair 0.0016 73 84 133 181
chair 0.0014 105 77 136 236
chair 0.0014 45 85 68 123
chair 0.0014 470 146 500 172
chair 0.0013 393 328 422 374
chair 0.0013 400 141 466 191
chair 0.0012 122 196 294 322
chair 0.0012 126 197 142 257
chair 0.0012 86 96 115 124
chair 0.0011 429 128 500 247
chair 0.0010 151 225 303 278
pottedplant 0.0988 475 60 493 83
pottedplant 0.0030 474 60 499 127
pottedplant 0.0011 490 66 500 81
diningtable 0.8935 0 256 413 371
diningtable 0.0600 484 190 499 227
diningtable 0.0356 430 202 499 371
diningtable 0.0173 0 288 102 374
diningtable 0.0026 -1 268 207 366
diningtable 0.0025 191 275 414 372
diningtable 0.0018 488 181 499 193
diningtable 0.0018 430 126 499 198
diningtable 0.0016 484 190 499 204
diningtable 0.0015 486 190 500 328
diningtable 0.0015 -1 212 319 349
diningtable 0.0014 474 59 500 133
diningtable 0.0010 490 190 500 200
diningtable 0.0010 255 304 415 373
tvmonitor 0.0063 0 47 22 174
tvmonitor 0.0048 494 84 499 135
tvmonitor 0.0030 474 81 499 127
tvmonitor 0.0017 0 4 51 189
