person 0.8996 190 167 209 211
person 0.6023 205 161 221 207
person 0.0967 267 127 284 154
person 0.0801 284 144 298 156
person 0.0406 268 126 298 156
person 0.0296 246 143 262 155
person 0.0205 400 177 411 191
person 0.0165 287 138 303 156
person 0.0114 14 164 34 212
person 0.0102 209 159 223 180
person 0.0100 280 131 298 156
person 0.0062 15 163 35 189
person 0.0057 377 159 382 171
person 0.0050 301 135 313 158
person 0.0043 298 177 310 200
person 0.0036 318 139 328 159
person 0.0030 207 161 216 183
person 0.0029 301 132 328 160
person 0.0020 234 144 246 156
person 0.0019 51 112 61 130
person 0.0017 407 174 425 191
person 0.0015 78 117 88 135
person 0.0012 227 144 240 157
person 0.0011 295 142 306 157
person 0.0010 215 161 224 179
person 0.0010 269 142 283 155
car 0.8510 399 168 433 229
car 0.5035 399 168 418 192
car 0.0327 399 180 410 201
car 0.0054 15 164 34 188
car 0.0017 402 170 429 198
car 0.0014 399 169 416 180
car 0.0012 396 189 402 207
car 0.0011 399 169 409 178
car 0.0010 396 196 401 207
bus 0.9476 218 111 362 232
bus 0.8893 360 150 401 213
train 0.0013 1 130 116 209
pottedplant 0.1632 50 0 72 22
pottedplant 0.0435 81 0 125 38
pottedplant 0.0066 50 0 96 24
pottedplant 0.0065 423 119 499 258
pottedplant 0.0048 0 0 20 27
pottedplant 0.0029 386 1 499 257
pottedplant 0.0020 45 112 61 130
pottedplant 0.0010 456 136 498 257
tvmonitor 0.0015 42 103 59 118
