person 0.5527 161 70 257 241
person 0.2401 232 49 266 103
person 0.0206 181 69 328 217
person 0.0160 175 0 222 8
person 0.0143 211 97 329 177
person 0.0126 448 186 496 212
person 0.0087 14 0 41 12
person 0.0078 127 0 155 9
person 0.0067 15 1 69 13
person 0.0057 0 0 20 12
person 0.0041 139 63 361 170
person 0.0040 65 0 117 11
person 0.0036 150 0 177 9
person 0.0031 145 0 210 10
person 0.0029 162 69 250 163
person 0.0025 388 185 441 211
person 0.0023 31 0 97 11
person 0.0023 40 71 339 245
person 0.0021 126 0 181 9
person 0.0020 191 40 221 75
person 0.0016 1 146 61 206
person 0.0014 32 0 64 12
person 0.0012 90 37 419 198
person 0.0010 200 47 265 103
motorbike 0.9108 137 100 371 277
motorbike 0.0013 134 141 181 186
motorbike 0.0012 203 99 323 169
