person 0.0050 216 90 256 125
person 0.0036 0 1 35 61
person 0.0019 0 2 48 136
person 0.0017 0 9 14 59
person 0.0017 0 9 22 124
person 0.0013 0 57 20 134
car 0.9639 75 62 459 319
car 0.0308 0 3 42 131
car 0.0096 0 51 38 113
car 0.0053 0 56 48 150
car 0.0013 457 185 500 241
car 0.0012 0 6 24 110
car 0.0011 0 0 35 67
car 0.0010 0 53 32 79
car 0.0010 0 57 23 134
car 0.0010 0 13 19 64
cat 0.0038 216 90 255 125
cat 0.0011 215 92 241 116
dog 0.0042 216 91 253 125
pottedplant 0.1092 364 92 499 241
pottedplant 0.0278 258 1 496 240
pottedplant 0.0176 364 92 463 171
pottedplant 0.0098 454 147 499 241
pottedplant 0.0034 260 1 381 127
pottedplant 0.0023 359 2 498 136
pottedplant 0.0012 478 149 499 241
pottedplant 0.0010 489 149 499 167
