cat 0.9220 233 76 342 190
cat 0.0012 173 75 350 219
bottle 0.0010 264 185 300 261
chair 0.0011 211 130 310 199
pottedplant 0.6214 291 180 362 255
pottedplant 0.5351 165 179 233 256
pottedplant 0.0478 161 179 350 258
pottedplant 0.0105 165 179 195 231
pottedplant 0.0092 295 190 315 230
pottedplant 0.0088 94 142 502 312
pottedplant 0.0078 192 181 224 218
pottedplant 0.0041 264 336 342 374
pottedplant 0.0025 321 180 360 214
pottedplant 0.0023 0 335 72 372
pottedplant 0.0013 207 130 314 261
pottedplant 0.0012 434 349 482 374
diningtable 0.7049 0 198 499 369
diningtable 0.0142 6 176 495 279
diningtable 0.0052 167 189 363 261
diningtable 0.0015 21 84 482 262
