person 0.9439 393 96 462 239
person 0.9377 283 100 336 261
person 0.9362 306 105 415 256
person 0.9202 151 115 177 195
person 0.8250 0 147 12 199
person 0.6939 37 141 81 182
person 0.6718 87 121 139 210
person 0.2900 17 144 47 185
person 0.1895 125 35 144 66
person 0.0504 1 127 18 136
person 0.0207 15 153 31 185
person 0.0180 16 169 43 186
person 0.0173 0 127 18 152
person 0.0164 0 127 21 176
person 0.0139 0 128 4 136
person 0.0079 127 134 143 162
person 0.0058 30 144 41 158
person 0.0055 108 122 125 151
person 0.0052 0 128 5 144
person 0.0051 67 160 82 182
person 0.0051 19 126 37 174
person 0.0032 113 125 127 163
person 0.0032 88 130 98 143
person 0.0029 73 137 85 176
person 0.0027 79 128 99 159
person 0.0026 77 124 110 168
person 0.0021 0 127 10 137
person 0.0021 492 314 499 332
person 0.0021 95 120 122 141
person 0.0020 63 139 82 176
person 0.0018 107 121 122 139
person 0.0017 93 120 121 157
person 0.0016 17 145 28 175
person 0.0016 401 155 415 192
person 0.0015 79 128 93 149
person 0.0014 28 144 43 168
person 0.0012 88 129 102 160
person 0.0011 326 156 347 203
person 0.0011 268 99 371 264
person 0.0010 307 105 379 160
car 0.8648 460 139 499 186
car 0.7370 225 137 271 164
car 0.5520 260 139 284 171
car 0.3685 177 142 205 166
car 0.2638 461 138 499 151
car 0.1085 273 131 283 140
car 0.0999 270 139 283 148
car 0.0670 180 141 200 148
car 0.0464 183 137 204 148
car 0.0427 225 136 271 149
car 0.0313 225 138 249 161
car 0.0237 132 136 205 169
car 0.0214 180 130 248 162
car 0.0180 215 132 251 148
car 0.0178 225 137 249 149
car 0.0116 178 130 245 147
car 0.0110 256 137 272 146
car 0.0103 462 139 475 151
car 0.0100 177 130 205 147
car 0.0070 268 129 284 143
car 0.0068 372 127 409 166
car 0.0060 177 142 238 166
car 0.0051 218 137 239 147
car 0.0044 376 150 412 174
car 0.0034 257 124 284 143
car 0.0032 124 152 157 179
car 0.0022 377 150 403 167
car 0.0020 255 138 272 165
car 0.0019 392 147 415 175
car 0.0017 130 155 154 165
car 0.0016 194 139 205 147
car 0.0016 217 138 229 147
car 0.0013 461 119 499 151
car 0.0010 493 166 499 173
car 0.0010 184 134 218 147
car 0.0010 429 137 497 188
dog 0.0155 16 172 29 185
dog 0.0131 16 170 41 186
dog 0.0012 7 146 83 185
chair 0.0048 48 163 59 180
chair 0.0029 66 162 82 182
chair 0.0013 52 163 69 178
chair 0.0010 45 162 77 180
pottedplant 0.0043 491 313 500 332
