person 0.0023 0 34 4 43
bird 0.0012 232 131 264 146
bird 0.0010 193 213 208 231
cat 0.7041 191 201 255 249
cat 0.0083 169 207 207 233
bottle 0.0711 102 217 149 289
bottle 0.0239 190 270 231 348
bottle 0.0041 427 79 447 116
chair 0.9307 79 70 161 220
chair 0.9134 289 77 416 287
chair 0.0264 110 69 161 144
chair 0.0198 301 220 480 333
chair 0.0148 350 123 417 287
chair 0.0095 317 132 406 194
chair 0.0065 0 198 38 272
chair 0.0062 220 111 286 191
chair 0.0060 375 178 416 242
chair 0.0031 148 79 161 126
chair 0.0031 296 182 413 276
chair 0.0027 373 184 416 288
chair 0.0025 0 332 45 374
chair 0.0017 296 76 334 180
chair 0.0016 299 280 498 367
chair 0.0013 212 107 245 194
chair 0.0012 396 292 499 366
chair 0.0012 296 76 335 117
chair 0.0012 381 221 491 362
chair 0.0010 322 48 337 135
chair 0.0010 296 77 365 193
pottedplant 0.0031 319 47 333 85
diningtable 0.1286 8 226 412 370
diningtable 0.0936 354 120 499 287
diningtable 0.0148 317 133 400 192
diningtable 0.0068 105 293 421 371
diningtable 0.0066 0 197 38 271
diningtable 0.0042 458 272 499 310
diningtable 0.0035 362 118 500 202
diningtable 0.0020 301 283 499 368
tvmonitor 0.8919 0 0 73 73
tvmonitor 0.0331 392 0 480 23
tvmonitor 0.0065 322 48 334 85
tvmonitor 0.0043 230 112 281 180
