person 0.0396 0 331 5 339
person 0.0335 5 332 12 340
person 0.0267 98 328 106 337
person 0.0165 355 327 360 333
person 0.0109 21 346 32 362
person 0.0085 352 330 374 342
person 0.0062 15 325 24 339
person 0.0046 352 317 358 332
person 0.0040 0 343 78 364
person 0.0031 351 322 357 333
person 0.0029 36 347 55 363
person 0.0025 349 314 355 333
person 0.0025 45 349 62 363
person 0.0021 265 328 272 336
person 0.0021 27 321 35 334
person 0.0018 104 344 123 359
person 0.0017 95 329 105 338
person 0.0017 163 346 180 357
person 0.0016 112 346 127 360
person 0.0015 53 355 64 364
person 0.0015 339 327 368 341
person 0.0015 32 347 48 361
person 0.0014 17 350 27 362
person 0.0014 34 346 69 363
person 0.0013 237 342 253 350
person 0.0013 5 343 38 362
person 0.0012 171 344 184 357
person 0.0012 350 328 360 338
person 0.0011 100 329 110 342
person 0.0010 327 319 332 329
car 0.9481 0 340 137 405
car 0.8985 52 339 186 394
car 0.8951 125 340 242 386
car 0.8934 0 364 67 417
car 0.8319 211 335 301 376
car 0.8149 270 323 359 366
car 0.7969 253 336 334 370
car 0.7198 322 329 373 362
car 0.4652 353 331 374 344
car 0.3291 23 329 103 345
car 0.2211 225 329 266 339
car 0.2130 101 336 124 345
car 0.1849 355 341 375 362
car 0.1525 202 329 226 336
car 0.0950 224 330 246 337
car 0.0928 240 328 269 337
car 0.0794 252 336 306 359
car 0.0740 165 329 256 380
car 0.0720 288 334 338 367
car 0.0648 71 329 104 340
car 0.0625 127 341 190 362
car 0.0506 320 329 358 342
car 0.0480 127 328 191 350
car 0.0380 268 322 339 351
car 0.0321 124 328 222 362
car 0.0147 212 335 269 351
car 0.0110 294 347 335 369
car 0.0094 49 338 142 370
car 0.0090 255 328 271 336
car 0.0075 200 328 245 336
car 0.0067 363 333 374 344
car 0.0058 236 328 271 346
car 0.0058 133 327 231 347
car 0.0053 94 336 126 350
car 0.0050 195 329 224 347
car 0.0039 206 334 244 348
car 0.0039 36 335 130 354
car 0.0038 326 337 361 364
car 0.0036 200 328 235 342
car 0.0029 84 338 129 358
car 0.0027 196 352 239 385
car 0.0026 269 323 317 344
car 0.0026 122 328 137 343
car 0.0025 324 328 355 336
car 0.0024 123 328 170 344
car 0.0023 179 330 238 362
car 0.0021 249 340 302 375
car 0.0020 227 329 290 349
car 0.0020 196 328 206 333
car 0.0019 196 328 210 336
car 0.0018 359 348 371 362
car 0.0016 96 336 118 344
car 0.0015 164 344 229 360
car 0.0015 0 345 21 361
car 0.0014 94 329 106 338
car 0.0013 4 332 66 346
car 0.0011 52 340 105 362
car 0.0011 64 333 129 346
car 0.0011 0 340 66 355
car 0.0011 337 328 369 342
car 0.0010 0 339 22 348
car 0.0010 0 340 87 367
