person 0.4078 0 189 70 326
person 0.0675 0 248 59 327
person 0.0422 0 76 66 245
person 0.0093 0 189 53 255
person 0.0065 6 177 29 206
person 0.0056 0 290 51 329
person 0.0056 0 52 84 320
person 0.0032 0 85 55 142
person 0.0030 0 189 158 326
person 0.0018 0 64 181 324
person 0.0011 0 119 7 142
car 0.0061 49 66 189 166
car 0.0025 0 53 193 267
car 0.0012 77 97 114 141
bus 0.0022 1 52 190 165
dog 0.9414 50 24 385 326
chair 0.0166 420 27 499 326
chair 0.0083 421 0 500 93
chair 0.0010 421 45 499 94
sofa 0.0014 0 84 66 241
diningtable 0.0041 421 0 500 91
diningtable 0.0013 454 199 499 326
tvmonitor 0.0036 420 1 499 91
tvmonitor 0.0028 454 235 499 327
tvmonitor 0.0011 269 5 497 327
