person 0.0190 226 356 252 374
person 0.0063 239 356 252 374
person 0.0035 72 169 83 180
person 0.0027 65 167 82 180
person 0.0026 227 358 241 374
person 0.0020 77 169 85 181
person 0.0019 489 294 499 307
person 0.0013 80 167 89 181
person 0.0010 218 364 229 374
aeroplane 0.8965 3 141 498 373
aeroplane 0.1370 0 304 56 371
aeroplane 0.0069 2 307 494 372
aeroplane 0.0041 0 299 104 371
aeroplane 0.0039 4 140 496 222
aeroplane 0.0030 0 275 49 346
aeroplane 0.0021 1 304 226 372
aeroplane 0.0019 489 294 499 307
aeroplane 0.0018 239 347 417 374
