person 0.2723 409 49 420 64
person 0.1427 385 45 394 60
person 0.0271 372 44 393 60
person 0.0208 369 44 377 58
person 0.0200 282 35 293 47
person 0.0182 282 35 295 58
person 0.0151 386 48 399 62
person 0.0117 366 41 374 56
person 0.0054 200 53 207 66
person 0.0016 350 39 356 49
person 0.0014 0 0 8 9
person 0.0013 370 49 376 58
car 0.8521 293 36 323 56
car 0.3556 161 33 228 62
car 0.1963 198 33 228 51
car 0.1805 350 39 374 56
car 0.0632 370 44 395 59
car 0.0550 282 35 296 56
car 0.0274 395 52 410 63
car 0.0258 288 38 297 46
car 0.0227 317 29 376 54
car 0.0172 385 46 399 62
car 0.0150 389 49 417 64
car 0.0126 371 46 378 58
car 0.0124 351 42 366 54
car 0.0109 161 42 181 59
car 0.0091 363 41 374 56
car 0.0091 351 39 359 53
car 0.0074 388 52 400 63
car 0.0061 370 43 383 57
car 0.0060 283 37 312 54
car 0.0045 409 49 420 63
car 0.0033 287 39 298 51
car 0.0030 486 34 499 42
car 0.0025 216 36 228 50
car 0.0025 357 41 422 59
car 0.0022 160 35 195 59
car 0.0021 194 34 227 66
car 0.0014 152 41 172 57
car 0.0011 411 32 424 38
motorbike 0.9595 21 41 442 291
motorbike 0.0245 385 47 397 62
bus 0.0015 317 30 353 49
bird 0.0281 453 56 461 65
chair 0.0439 409 50 419 64
chair 0.0142 417 56 422 63
chair 0.0068 391 52 400 62
chair 0.0024 409 56 418 64
pottedplant 0.0038 0 63 16 90
pottedplant 0.0015 140 43 165 73
