person 0.0926 0 86 103 329
person 0.0299 313 135 321 157
person 0.0258 329 127 343 150
person 0.0230 243 158 250 171
person 0.0162 238 156 249 172
person 0.0117 314 135 328 157
person 0.0102 137 129 153 149
person 0.0078 297 143 305 160
person 0.0071 281 147 290 163
person 0.0053 226 153 248 172
person 0.0050 297 129 309 160
person 0.0047 207 155 228 172
person 0.0039 140 118 176 150
person 0.0029 138 126 177 164
person 0.0026 314 126 331 154
person 0.0026 299 128 320 159
person 0.0022 131 133 150 169
person 0.0021 143 140 152 149
person 0.0019 318 132 334 157
person 0.0015 266 137 280 165
person 0.0014 194 152 227 173
person 0.0014 142 139 157 150
person 0.0012 291 142 306 161
person 0.0012 224 133 247 172
person 0.0010 11 359 43 404
bus 0.9647 124 71 364 245
