person 0.9029 101 0 372 172
person 0.0446 242 1 372 170
person 0.0151 354 0 375 116
person 0.0047 101 3 167 163
person 0.0021 335 1 372 167
person 0.0018 243 129 279 173
person 0.0016 0 0 24 16
person 0.0014 272 118 304 163
person 0.0013 0 1 41 115
bottle 0.9408 293 28 365 215
bottle 0.8945 109 1 278 496
bottle 0.2345 363 124 375 189
bottle 0.0080 356 120 373 167
bottle 0.0068 350 26 366 181
bottle 0.0060 142 1 263 216
bottle 0.0024 352 82 366 162
bottle 0.0011 349 116 375 195
pottedplant 0.0186 27 0 144 166
pottedplant 0.0058 0 1 41 118
pottedplant 0.0041 102 0 167 99
pottedplant 0.0022 1 0 85 119
diningtable 0.5674 12 145 358 498
diningtable 0.2952 86 1 298 498
diningtable 0.0088 177 119 377 493
diningtable 0.0011 0 257 134 498
