person 0.9660 179 26 459 371
person 0.7170 121 47 308 256
person 0.6679 98 75 211 242
person 0.0933 0 162 17 214
person 0.0670 0 161 19 259
person 0.0239 0 163 41 267
person 0.0211 0 161 14 186
person 0.0183 0 335 39 373
person 0.0083 0 161 10 176
person 0.0074 147 90 212 217
person 0.0074 0 182 4 210
person 0.0048 0 160 36 223
person 0.0046 0 181 37 376
person 0.0041 0 177 6 237
person 0.0039 0 169 10 210
person 0.0025 113 76 167 139
person 0.0016 0 168 7 185
person 0.0011 0 210 8 261
person 0.0011 162 90 199 132
person 0.0011 98 137 135 227
car 0.0038 454 157 499 182
bottle 0.1066 144 194 163 230
bottle 0.0110 485 208 495 241
chair 0.1568 0 335 40 374
chair 0.1244 463 267 499 372
chair 0.0526 450 191 477 244
chair 0.0489 96 184 112 233
chair 0.0481 416 259 499 373
chair 0.0427 0 247 26 283
chair 0.0276 0 335 38 355
chair 0.0173 0 226 47 266
chair 0.0169 413 290 470 373
chair 0.0113 79 197 100 239
chair 0.0098 471 267 500 315
chair 0.0094 439 246 499 316
chair 0.0069 446 191 499 260
chair 0.0062 23 199 61 230
chair 0.0052 436 291 468 319
chair 0.0050 90 186 104 234
chair 0.0049 61 193 102 239
chair 0.0043 0 238 6 263
chair 0.0042 98 185 138 231
chair 0.0041 0 248 11 281
chair 0.0039 431 185 494 356
chair 0.0037 0 173 49 267
chair 0.0029 68 251 103 294
chair 0.0028 0 171 17 216
chair 0.0026 438 190 478 304
chair 0.0026 0 270 38 365
chair 0.0019 468 203 500 242
chair 0.0016 0 209 13 278
chair 0.0014 439 307 500 373
chair 0.0014 196 238 223 251
chair 0.0013 457 181 500 206
chair 0.0012 91 169 151 237
chair 0.0011 464 330 499 374
chair 0.0011 0 247 7 271
chair 0.0011 0 217 8 262
chair 0.0010 0 346 21 374
sofa 0.1035 461 262 499 370
sofa 0.0834 419 246 499 371
sofa 0.0203 0 335 40 373
sofa 0.0078 439 246 499 316
sofa 0.0051 471 267 500 314
pottedplant 0.0013 165 96 200 132
diningtable 0.5789 2 233 382 371
diningtable 0.1300 449 236 500 257
diningtable 0.0852 0 238 196 371
diningtable 0.0845 95 301 388 371
diningtable 0.0243 444 235 500 312
diningtable 0.0135 449 203 500 256
diningtable 0.0104 73 232 196 275
diningtable 0.0053 44 226 86 282
diningtable 0.0023 0 208 21 220
diningtable 0.0022 468 203 500 241
diningtable 0.0021 457 180 500 205
diningtable 0.0020 0 245 39 366
diningtable 0.0016 0 226 85 290
diningtable 0.0010 0 209 22 233
tvmonitor 0.0297 8 91 98 190
tvmonitor 0.0122 452 191 478 242
