person 0.9271 344 82 479 313
person 0.6280 71 17 178 309
person 0.6169 234 88 269 132
person 0.2232 80 17 150 137
person 0.2119 245 206 319 313
person 0.1664 278 206 309 304
person 0.0486 93 203 178 314
person 0.0375 229 98 355 309
person 0.0226 469 211 480 241
person 0.0219 337 167 384 315
person 0.0116 61 17 146 227
person 0.0096 234 99 272 207
person 0.0088 225 95 281 259
person 0.0043 65 25 303 313
person 0.0040 471 201 480 218
person 0.0033 356 168 383 222
person 0.0028 233 88 300 135
person 0.0020 338 226 375 316
person 0.0017 358 122 447 293
person 0.0016 450 308 466 317
person 0.0015 274 150 314 304
person 0.0015 206 88 270 137
person 0.0015 447 209 479 311
person 0.0014 180 166 189 177
person 0.0014 466 140 479 165
person 0.0012 275 187 289 216
person 0.0012 298 217 320 300
person 0.0011 208 156 215 163
person 0.0011 11 16 150 136
person 0.0011 377 81 458 228
car 0.0295 470 211 480 222
car 0.0134 470 211 480 235
car 0.0111 471 222 480 242
car 0.0074 474 201 479 206
car 0.0062 472 231 479 243
car 0.0044 471 201 480 209
car 0.0036 470 201 480 220
horse 0.9095 48 101 363 313
horse 0.8785 0 80 189 313
horse 0.8102 369 134 453 314
horse 0.7182 245 209 320 315
horse 0.0510 335 169 383 315
horse 0.0256 252 170 369 314
horse 0.0139 286 211 319 312
horse 0.0048 470 212 480 243
horse 0.0030 355 168 383 225
horse 0.0023 347 168 383 261
horse 0.0017 302 225 320 314
horse 0.0011 330 168 382 231
horse 0.0010 335 141 425 314
horse 0.0010 277 207 305 239
