chair 0.8389 386 234 459 371
chair 0.0153 0 243 12 290
chair 0.0104 425 241 500 372
chair 0.0048 416 330 432 374
chair 0.0045 424 340 500 373
chair 0.0045 484 245 499 265
chair 0.0038 474 245 499 273
chair 0.0020 0 245 5 287
chair 0.0015 495 245 500 253
chair 0.0015 492 245 499 262
sofa 0.9638 143 156 386 320
sofa 0.0058 0 246 12 291
sofa 0.0025 407 238 502 371
sofa 0.0014 487 245 499 264
pottedplant 0.4296 248 148 376 186
pottedplant 0.0307 262 148 345 162
pottedplant 0.0183 0 242 11 290
pottedplant 0.0097 250 149 296 160
pottedplant 0.0056 246 147 380 222
pottedplant 0.0042 0 243 3 263
pottedplant 0.0039 271 149 294 160
pottedplant 0.0032 425 340 499 374
pottedplant 0.0031 248 152 269 159
pottedplant 0.0029 295 148 320 162
pottedplant 0.0021 125 237 169 282
pottedplant 0.0021 285 149 353 170
pottedplant 0.0017 0 243 2 250
diningtable 0.2485 427 245 499 371
diningtable 0.1036 44 240 271 370
diningtable 0.0063 462 245 500 298
