person 0.1034 0 207 74 323
person 0.0068 0 169 8 250
person 0.0066 5 197 134 316
person 0.0035 478 25 499 263
person 0.0028 0 170 15 303
person 0.0025 467 79 499 305
person 0.0020 479 170 499 273
person 0.0019 17 207 66 256
person 0.0017 0 133 171 317
person 0.0017 0 205 26 306
person 0.0014 393 192 499 323
car 0.0013 40 22 223 82
car 0.0012 -1 8 486 82
boat 0.0021 0 5 228 313
bottle 0.0173 465 2 499 282
bottle 0.0044 479 70 499 168
bottle 0.0042 477 1 499 76
bottle 0.0029 478 79 499 263
bottle 0.0020 480 171 499 273
bottle 0.0019 466 59 499 205
chair 0.0040 33 24 225 81
