person 0.2914 207 90 234 113
person 0.1118 208 91 220 108
person 0.0392 110 99 120 109
person 0.0195 259 75 268 92
person 0.0104 217 89 234 107
person 0.0072 477 64 484 76
person 0.0052 205 100 234 116
person 0.0045 228 90 242 108
person 0.0044 181 91 201 113
person 0.0036 291 56 296 63
person 0.0034 473 66 477 74
person 0.0033 285 57 290 64
person 0.0030 484 64 489 77
person 0.0030 89 76 93 86
person 0.0029 162 94 179 111
person 0.0029 324 68 340 78
person 0.0028 168 90 199 114
person 0.0016 89 77 96 89
person 0.0012 98 78 106 93
person 0.0011 185 92 198 102
person 0.0010 485 63 489 70
car 0.9657 37 81 300 186
car 0.9529 167 143 491 368
car 0.9198 301 77 382 103
car 0.8496 408 72 470 94
car 0.8351 21 82 60 97
car 0.7965 56 82 81 96
car 0.6863 205 69 268 93
car 0.6683 353 76 389 93
car 0.6527 284 68 339 97
car 0.6473 99 75 143 94
car 0.5025 470 75 489 92
car 0.4396 162 73 202 83
car 0.3953 271 75 285 89
car 0.3180 390 73 421 91
car 0.3104 441 121 489 154
car 0.1469 253 74 285 90
car 0.1343 141 73 201 87
car 0.1183 142 80 162 87
car 0.1069 388 75 401 91
car 0.0978 10 82 23 95
car 0.0751 454 74 488 92
car 0.0707 462 122 489 142
car 0.0366 248 72 268 92
car 0.0176 46 83 61 96
car 0.0146 399 74 422 84
car 0.0130 203 71 246 85
car 0.0077 144 79 160 85
car 0.0075 142 80 173 88
car 0.0068 370 75 390 93
car 0.0063 484 85 489 92
car 0.0058 479 121 489 131
car 0.0057 441 138 488 155
car 0.0057 324 68 339 79
car 0.0049 65 76 81 84
car 0.0049 306 68 338 81
car 0.0044 257 73 269 92
car 0.0042 125 79 144 92
car 0.0039 144 69 269 91
car 0.0039 70 81 81 89
car 0.0038 455 75 473 84
car 0.0034 67 83 81 95
car 0.0034 129 80 153 92
car 0.0033 153 75 163 81
car 0.0031 10 82 16 89
car 0.0030 174 72 227 82
car 0.0030 439 74 477 93
car 0.0030 464 76 479 92
car 0.0029 245 73 263 86
car 0.0027 143 80 153 85
car 0.0025 352 78 372 88
car 0.0025 159 74 174 82
car 0.0024 207 72 235 82
car 0.0022 379 74 391 83
car 0.0021 374 74 391 87
car 0.0021 482 82 489 91
car 0.0020 110 98 123 108
car 0.0019 197 74 206 81
car 0.0017 340 72 352 78
car 0.0017 452 73 468 80
car 0.0016 407 72 422 81
car 0.0014 356 84 383 103
car 0.0014 93 77 103 91
car 0.0013 206 68 262 82
car 0.0013 353 76 368 82
car 0.0011 64 71 81 81
car 0.0011 401 121 491 163
car 0.0011 337 72 356 80
car 0.0010 99 76 120 94
car 0.0010 53 83 62 96
car 0.0010 480 76 491 92
car 0.0010 356 77 376 85
motorbike 0.0030 464 79 477 92
