person 0.9147 124 57 267 365
person 0.0026 245 2 271 17
person 0.0020 49 0 70 77
bicycle 0.4966 240 133 342 287
bicycle 0.0374 129 129 343 285
bicycle 0.0011 241 135 290 172
bicycle 0.0011 125 178 307 326
bottle 0.0305 258 155 312 185
bottle 0.0216 242 133 281 162
bottle 0.0015 241 134 312 188
chair 0.3079 121 3 175 108
chair 0.0694 472 222 500 290
chair 0.0329 342 0 379 46
chair 0.0290 439 254 499 364
chair 0.0118 134 243 157 298
chair 0.0079 154 0 177 66
chair 0.0016 124 55 169 104
chair 0.0015 129 238 202 300
pottedplant 0.1793 452 83 499 281
pottedplant 0.0178 464 169 499 289
pottedplant 0.0062 439 165 500 361
pottedplant 0.0042 490 85 499 157
pottedplant 0.0027 475 108 499 301
pottedplant 0.0020 481 83 499 173
pottedplant 0.0013 448 206 499 278
diningtable 0.0549 445 84 499 362
diningtable 0.0454 439 255 499 364
diningtable 0.0095 329 85 500 190
diningtable 0.0026 120 4 175 107
