person 0.7869 440 0 496 65
person 0.2504 309 178 345 211
person 0.0856 492 0 499 44
person 0.0265 440 1 499 124
person 0.0037 483 0 499 45
person 0.0010 494 21 500 46
chair 0.3935 434 303 499 366
chair 0.0511 444 41 499 182
chair 0.0115 94 20 222 55
chair 0.0070 446 41 499 110
chair 0.0058 345 27 371 83
chair 0.0056 0 207 14 283
chair 0.0046 434 240 499 364
chair 0.0036 244 332 372 374
chair 0.0029 307 10 382 123
chair 0.0029 347 3 388 124
chair 0.0027 340 28 371 59
chair 0.0023 464 103 499 184
chair 0.0021 387 309 497 372
chair 0.0018 96 2 277 55
chair 0.0012 452 294 499 335
chair 0.0012 451 94 500 116
pottedplant 0.1502 257 0 389 107
pottedplant 0.1254 186 0 245 54
pottedplant 0.1034 188 0 243 26
pottedplant 0.0790 253 1 388 45
pottedplant 0.0418 317 0 388 37
pottedplant 0.0311 251 12 314 62
pottedplant 0.0093 96 1 248 55
pottedplant 0.0089 98 0 393 59
pottedplant 0.0070 252 0 310 16
pottedplant 0.0033 252 0 331 27
pottedplant 0.0019 196 0 377 29
pottedplant 0.0018 93 0 402 116
pottedplant 0.0016 347 0 389 102
pottedplant 0.0015 307 10 379 64
pottedplant 0.0012 324 0 369 28
pottedplant 0.0010 336 25 372 64
diningtable 0.0495 444 40 499 187
diningtable 0.0106 446 40 499 101
diningtable 0.0016 5 148 477 362
diningtable 0.0010 454 40 499 71
tvmonitor 0.9305 93 46 217 184
tvmonitor 0.8993 214 51 353 178
tvmonitor 0.8859 298 164 358 226
tvmonitor 0.7167 0 63 63 169
tvmonitor 0.4793 239 171 301 232
tvmonitor 0.3084 0 45 99 195
tvmonitor 0.0916 54 51 96 149
tvmonitor 0.0591 0 0 45 54
tvmonitor 0.0030 94 46 354 186
tvmonitor 0.0021 353 180 363 213
tvmonitor 0.0019 98 2 385 129
tvmonitor 0.0017 0 44 93 72
tvmonitor 0.0011 235 166 350 247
