person 0.8620 80 295 96 330
person 0.8017 102 293 116 329
person 0.2212 489 288 499 302
person 0.1892 440 281 456 300
person 0.0437 481 286 491 301
person 0.0408 422 284 433 299
person 0.0322 453 283 466 300
person 0.0210 367 285 379 298
person 0.0194 412 281 433 299
person 0.0130 105 295 115 319
person 0.0129 341 285 354 298
person 0.0111 200 297 212 312
person 0.0072 488 270 499 301
person 0.0047 141 293 146 302
person 0.0041 386 282 405 299
person 0.0039 189 294 195 302
person 0.0038 395 283 405 299
person 0.0032 359 283 373 298
person 0.0032 91 302 96 317
person 0.0027 486 285 497 301
person 0.0025 136 297 142 307
person 0.0025 138 293 146 306
person 0.0024 316 283 329 297
person 0.0021 198 300 204 312
person 0.0021 454 282 463 291
person 0.0020 31 287 40 297
person 0.0020 154 299 163 306
person 0.0020 149 300 157 306
person 0.0018 336 284 349 297
person 0.0016 129 297 135 308
person 0.0016 36 298 45 316
person 0.0015 210 303 216 317
person 0.0015 439 287 450 300
person 0.0011 191 290 198 302
bicycle 0.0071 103 317 115 329
car 0.9036 124 295 202 331
car 0.8850 224 305 288 335
car 0.0846 200 296 217 312
car 0.0383 211 303 255 316
car 0.0042 187 297 202 312
car 0.0025 199 303 251 331
car 0.0017 275 306 288 335
car 0.0015 276 302 289 315
car 0.0010 279 301 289 308
bus 0.9481 285 268 501 354
bus 0.5553 226 286 288 306
bus 0.1269 0 267 26 311
bus 0.0496 240 276 290 297
bus 0.0366 273 278 290 303
bus 0.0322 211 303 255 317
bus 0.0285 227 286 259 305
bus 0.0075 213 286 267 312
bus 0.0061 242 278 265 288
bus 0.0042 274 278 291 291
bus 0.0030 0 269 10 311
bus 0.0023 0 267 26 284
bus 0.0014 276 290 289 303
bus 0.0012 4 260 78 314
bus 0.0012 223 273 290 326
dog 0.0097 104 319 115 329
dog 0.0016 119 318 128 329
