person 0.7138 300 122 320 140
person 0.5283 271 121 287 137
person 0.0068 311 123 320 139
person 0.0053 272 122 321 140
person 0.0052 270 120 286 158
person 0.0024 271 146 283 162
person 0.0020 225 87 236 111
person 0.0014 482 24 499 56
person 0.0013 205 99 211 110
person 0.0013 179 94 184 104
person 0.0011 209 97 219 112
person 0.0010 311 71 320 81
car 0.0089 491 176 500 187
boat 0.7904 272 128 346 149
boat 0.0316 298 122 322 142
boat 0.0197 302 135 347 148
boat 0.0057 282 131 308 140
boat 0.0046 272 122 330 145
boat 0.0017 273 133 314 149
bird 0.0020 272 146 283 162
bird 0.0011 482 24 499 52
