person 0.0507 140 194 163 258
person 0.0107 35 196 49 245
person 0.0048 460 178 468 192
person 0.0030 142 195 161 226
person 0.0027 34 232 48 251
person 0.0017 20 164 31 213
person 0.0016 332 227 401 284
person 0.0010 39 195 50 214
person 0.0010 28 190 35 217
person 0.0010 44 196 49 204
person 0.0010 319 226 336 281
bicycle 0.0021 394 216 424 243
car 0.6525 393 200 463 229
car 0.2553 428 200 463 229
car 0.0381 391 201 413 217
car 0.0246 413 200 500 229
car 0.0147 471 209 499 228
car 0.0089 392 201 414 242
car 0.0068 394 200 460 211
car 0.0035 398 201 412 210
car 0.0034 471 190 500 227
car 0.0034 362 201 421 243
car 0.0029 434 200 459 209
car 0.0020 394 223 424 243
car 0.0019 390 200 448 219
car 0.0017 477 189 499 204
motorbike 0.0043 394 216 424 243
train 0.8913 20 80 406 284
bird 0.0011 298 306 310 311
