person 0.9479 64 191 283 499
person 0.0018 64 306 276 412
chair 0.7609 3 252 307 499
chair 0.0657 0 251 103 498
chair 0.0543 0 368 97 499
chair 0.0368 222 326 276 422
chair 0.0104 255 388 331 499
chair 0.0023 5 370 330 499
chair 0.0022 256 388 331 442
chair 0.0017 89 447 148 500
chair 0.0015 186 324 329 497
chair 0.0015 0 251 87 379
sofa 0.4189 7 251 302 501
sofa 0.1327 255 389 331 499
sofa 0.0536 0 250 102 499
sofa 0.0296 222 326 276 421
sofa 0.0070 256 388 331 442
sofa 0.0055 223 328 332 498
sofa 0.0015 7 376 330 499
sofa 0.0012 1 251 85 376
pottedplant 0.0065 259 304 331 410
pottedplant 0.0012 256 354 306 418
