person 0.9623 0 54 330 369
person 0.0683 352 182 451 286
person 0.0012 150 149 157 157
chair 0.0756 392 229 451 285
chair 0.0689 415 253 451 285
chair 0.0255 472 339 499 372
chair 0.0108 351 188 450 288
chair 0.0104 431 257 452 285
chair 0.0076 392 235 423 284
chair 0.0069 0 170 60 294
chair 0.0037 472 364 499 373
chair 0.0029 0 236 61 298
chair 0.0022 414 205 451 285
chair 0.0022 352 240 440 286
chair 0.0011 302 330 329 363
sofa 0.0067 0 171 60 294
sofa 0.0015 0 171 46 229
diningtable 0.0107 288 284 483 330
diningtable 0.0037 266 282 480 373
diningtable 0.0018 0 279 490 368
tvmonitor 0.2251 239 185 355 290
