person 0.1500 199 114 247 142
person 0.0501 259 128 282 146
person 0.0345 249 131 268 145
person 0.0310 296 118 332 153
person 0.0120 283 135 306 150
person 0.0114 293 137 309 151
person 0.0059 156 99 179 132
person 0.0057 472 236 496 294
person 0.0050 283 138 295 149
person 0.0049 484 236 499 294
person 0.0042 43 163 76 185
person 0.0036 222 118 248 143
person 0.0022 176 98 205 135
person 0.0020 273 136 282 146
person 0.0018 280 119 308 150
person 0.0016 36 161 83 250
person 0.0015 271 134 294 149
person 0.0014 0 196 16 237
person 0.0013 176 98 240 141
person 0.0012 0 129 88 281
person 0.0010 297 137 318 152
car 0.0021 472 237 499 294
car 0.0010 486 271 499 294
bus 0.9634 1 17 354 371
bus 0.0042 313 2 498 288
bus 0.0029 4 17 344 72
chair 0.0016 176 107 205 135
chair 0.0013 156 102 178 132
