person 0.7794 52 1 320 374
person 0.0070 124 0 140 11
person 0.0051 233 0 332 57
person 0.0050 91 107 300 503
person 0.0037 124 0 148 14
person 0.0010 135 0 148 8
bicycle 0.8989 55 175 330 499
bicycle 0.0033 16 124 154 493
bicycle 0.0031 0 121 94 495
bicycle 0.0024 52 9 214 404
bicycle 0.0015 48 144 99 473
bicycle 0.0013 52 135 213 332
bicycle 0.0011 8 12 273 492
car 0.0012 0 467 107 500
bus 0.0046 0 5 101 489
bus 0.0013 5 3 197 492
train 0.0087 0 0 333 59
train 0.0025 0 0 128 54
train 0.0022 0 0 332 123
train 0.0020 23 3 321 357
bottle 0.0010 250 265 290 352
chair 0.0011 233 0 332 59
chair 0.0010 305 426 333 499
