person 0.0882 179 241 193 268
person 0.0195 159 243 167 264
person 0.0085 168 244 174 255
person 0.0082 177 241 195 286
person 0.0063 22 198 49 216
person 0.0046 205 232 210 241
person 0.0043 162 243 176 264
person 0.0026 157 241 193 274
person 0.0022 216 235 224 243
person 0.0022 469 232 482 258
person 0.0021 178 243 183 253
person 0.0020 183 236 192 253
person 0.0019 489 281 500 321
person 0.0010 195 277 207 296
car 0.8678 206 222 333 293
car 0.0210 160 242 193 266
car 0.0034 180 239 192 259
bird 0.0073 474 233 481 241
bird 0.0011 468 232 482 258
pottedplant 0.0010 0 215 51 318
