bicycle 0.0010 493 237 499 266
sheep 0.0028 0 50 65 196
cow 0.9679 130 92 500 368
cow 0.8733 46 92 248 157
cow 0.2716 0 50 65 198
cow 0.0612 0 129 46 200
cow 0.0491 35 80 76 103
cow 0.0154 488 134 499 152
cow 0.0151 45 91 247 222
cow 0.0128 0 113 33 147
cow 0.0084 0 52 72 129
cow 0.0060 0 127 140 203
cow 0.0059 3 77 75 104
cow 0.0054 0 133 18 199
cow 0.0034 0 49 39 147
cow 0.0029 486 226 500 306
cow 0.0025 2 49 132 200
cow 0.0025 50 92 250 121
cow 0.0022 18 94 154 157
cow 0.0018 0 45 37 68
cow 0.0017 0 49 38 93
cow 0.0014 49 91 238 106
cow 0.0013 488 135 500 234
cow 0.0013 327 242 426 298
cow 0.0012 26 87 492 163
cow 0.0011 183 92 248 125
cow 0.0010 481 120 500 334
