person 0.0908 491 167 499 188
person 0.0124 489 152 500 188
person 0.0036 490 165 500 204
person 0.0032 100 244 186 320
person 0.0023 493 155 499 179
person 0.0019 321 129 332 138
person 0.0016 375 132 382 144
person 0.0013 325 128 332 134
person 0.0011 77 244 366 370
person 0.0010 483 160 499 192
bicycle 0.0182 449 231 483 286
car 0.1198 92 136 104 143
car 0.0520 47 139 70 153
car 0.0321 50 140 91 152
car 0.0263 81 245 194 372
car 0.0226 299 128 326 138
car 0.0204 154 137 200 145
car 0.0180 45 138 91 161
car 0.0178 2 135 84 158
car 0.0137 94 136 114 142
car 0.0136 60 143 91 151
car 0.0108 47 140 60 153
car 0.0094 40 166 87 201
car 0.0077 204 137 241 144
car 0.0069 174 138 202 144
car 0.0059 0 150 10 199
car 0.0055 22 137 69 154
car 0.0054 93 131 113 143
car 0.0048 0 142 9 158
car 0.0046 149 131 165 140
car 0.0037 82 135 105 143
car 0.0034 330 131 363 138
car 0.0033 298 128 308 137
car 0.0030 206 136 271 145
car 0.0027 50 121 92 145
car 0.0026 0 113 90 157
car 0.0022 40 155 252 205
car 0.0020 318 130 330 138
car 0.0020 59 121 71 128
car 0.0019 41 157 124 201
car 0.0019 0 130 91 186
car 0.0018 330 133 350 138
car 0.0017 49 133 60 141
car 0.0017 0 117 9 171
car 0.0017 202 138 241 151
car 0.0016 316 129 356 138
car 0.0016 309 129 331 138
car 0.0016 0 148 9 170
car 0.0016 134 128 164 139
car 0.0015 149 134 158 139
car 0.0015 72 122 80 136
car 0.0014 198 140 206 145
car 0.0011 45 148 88 163
car 0.0011 300 132 327 144
car 0.0010 102 268 179 319
chair 0.9300 304 250 408 350
chair 0.7494 180 261 290 366
chair 0.2027 201 204 350 282
chair 0.0530 450 231 483 286
chair 0.0498 455 355 499 374
chair 0.0183 103 252 183 319
chair 0.0128 197 209 346 349
chair 0.0098 83 243 194 374
chair 0.0065 256 273 300 350
chair 0.0036 448 127 496 157
chair 0.0035 487 150 499 181
chair 0.0026 433 146 472 161
chair 0.0024 255 268 338 316
chair 0.0022 256 276 300 313
chair 0.0018 185 261 277 316
chair 0.0017 434 130 461 152
chair 0.0016 74 247 378 369
chair 0.0015 452 128 494 139
chair 0.0015 442 130 461 138
chair 0.0013 486 131 499 160
chair 0.0011 491 131 500 151
chair 0.0010 181 295 248 365
sofa 0.0024 80 244 339 369
sofa 0.0010 200 204 349 280
pottedplant 0.0042 400 193 447 248
pottedplant 0.0017 402 222 444 248
diningtable 0.2713 201 204 350 282
diningtable 0.0104 456 355 500 374
diningtable 0.0049 207 328 492 373
diningtable 0.0035 254 267 339 285
diningtable 0.0033 207 211 347 348
diningtable 0.0021 195 287 497 370
diningtable 0.0021 255 268 338 315
diningtable 0.0017 437 128 496 157
diningtable 0.0013 449 231 490 286
diningtable 0.0012 250 272 324 282
tvmonitor 0.0030 102 244 180 319
