person 0.9305 1 30 329 369
person 0.3406 0 18 101 119
person 0.1206 0 19 100 223
person 0.0488 258 73 416 372
person 0.0395 429 347 499 372
person 0.0048 224 24 496 373
person 0.0038 0 202 192 370
person 0.0024 0 208 58 294
person 0.0022 403 3 491 366
person 0.0020 0 21 175 333
person 0.0015 340 47 423 344
person 0.0011 411 332 498 371
dog 0.0862 0 298 193 371
chair 0.0071 10 54 431 370
chair 0.0041 1 201 199 370
chair 0.0023 192 12 422 363
chair 0.0018 10 210 84 264
chair 0.0015 6 123 204 300
chair 0.0013 0 208 114 281
chair 0.0013 0 34 110 354
chair 0.0011 443 347 497 373
chair 0.0011 15 188 35 213
sofa 0.1073 1 299 190 372
sofa 0.0378 430 347 499 372
sofa 0.0029 292 340 498 374
