person 0.6365 477 295 483 312
person 0.6208 482 298 488 313
person 0.0505 479 296 483 303
person 0.0488 454 291 458 301
person 0.0403 474 224 480 235
person 0.0123 446 300 456 308
person 0.0063 450 290 458 301
person 0.0041 399 315 405 326
person 0.0034 478 299 488 318
person 0.0026 335 257 341 269
person 0.0025 392 312 397 323
person 0.0022 389 306 402 324
person 0.0019 454 284 458 298
person 0.0017 395 310 403 326
person 0.0014 388 306 394 316
person 0.0012 446 289 457 305
person 0.0012 55 163 61 172
bicycle 0.0243 479 305 485 316
bicycle 0.0019 478 304 487 318
car 0.8784 270 311 295 328
car 0.7988 462 282 477 295
car 0.4964 383 281 409 291
car 0.1373 283 210 300 220
car 0.0658 93 195 106 201
car 0.0618 360 251 374 260
car 0.0477 351 265 368 273
car 0.0472 351 266 361 273
car 0.0402 370 255 385 260
car 0.0382 111 191 128 200
car 0.0375 325 254 336 265
car 0.0350 406 239 424 244
car 0.0331 122 194 154 200
car 0.0291 358 266 368 272
car 0.0208 438 270 449 274
car 0.0202 364 296 405 329
car 0.0188 369 265 376 272
car 0.0159 358 258 376 272
car 0.0155 325 211 340 222
car 0.0153 456 174 465 179
car 0.0149 144 315 167 332
car 0.0148 345 266 353 272
car 0.0105 112 190 141 200
car 0.0082 119 191 132 199
car 0.0070 481 226 496 233
car 0.0059 326 250 352 267
car 0.0056 125 191 144 197
car 0.0052 137 189 145 196
car 0.0051 120 190 136 196
car 0.0038 448 290 458 302
car 0.0037 360 250 379 265
car 0.0032 280 208 340 224
car 0.0031 344 250 373 268
car 0.0025 476 295 484 308
car 0.0023 239 226 253 233
car 0.0023 461 249 480 257
car 0.0023 91 187 105 198
car 0.0020 220 196 245 205
car 0.0017 130 189 147 196
car 0.0016 95 208 105 213
car 0.0015 136 194 154 199
car 0.0014 276 209 282 217
car 0.0014 248 191 259 199
car 0.0012 153 196 167 200
car 0.0012 120 183 141 192
car 0.0011 438 269 456 277
car 0.0011 455 212 464 217
car 0.0011 485 216 499 224
car 0.0011 447 279 458 303
car 0.0010 159 196 170 201
motorbike 0.0245 483 301 488 314
motorbike 0.0190 446 299 456 308
bus 0.1179 331 248 371 268
bus 0.0503 364 297 405 329
bus 0.0036 19 179 88 202
bus 0.0032 324 248 355 267
train 0.0049 0 181 90 203
train 0.0018 0 196 79 210
boat 0.0025 -1 198 69 208
boat 0.0020 3 174 102 202
chair 0.0296 0 257 106 347
chair 0.0237 24 258 81 294
chair 0.0018 25 261 42 289
pottedplant 0.1047 78 235 171 363
pottedplant 0.0046 79 286 165 344
diningtable 0.0338 1 338 142 373
