person 0.9614 40 23 279 386
person 0.9400 253 44 475 385
person 0.0107 251 118 300 308
person 0.0051 191 97 351 329
person 0.0038 354 -9 503 387
person 0.0018 120 76 413 365
bottle 0.0144 78 128 93 161
bottle 0.0016 71 102 96 163
chair 0.0022 72 298 139 382
chair 0.0021 472 314 499 388
chair 0.0013 0 172 17 319
chair 0.0012 1 43 102 163
pottedplant 0.0080 0 113 18 167
pottedplant 0.0058 0 112 40 170
pottedplant 0.0016 0 113 34 305
diningtable 0.0258 0 178 20 329
tvmonitor 0.0010 126 115 159 144
