person 0.9224 130 79 222 269
person 0.0024 32 96 39 111
bicycle 0.0451 474 246 499 373
bicycle 0.0065 474 324 499 374
bicycle 0.0019 86 189 128 212
motorbike 0.7134 93 137 293 305
motorbike 0.0039 203 142 293 306
chair 0.4116 83 202 160 335
chair 0.1967 474 245 499 372
chair 0.0160 474 324 499 373
chair 0.0121 485 258 499 346
chair 0.0065 83 207 156 277
chair 0.0055 488 245 499 272
chair 0.0055 125 186 162 240
chair 0.0014 487 245 499 315
chair 0.0013 125 185 191 252
chair 0.0011 87 189 151 250
chair 0.0010 185 48 255 135
diningtable 0.0063 473 242 499 364
diningtable 0.0012 488 246 499 323
tvmonitor 0.0186 463 42 500 155
