person 0.8952 296 101 348 189
person 0.8951 336 95 374 236
person 0.8827 240 71 277 172
person 0.8678 250 104 296 174
person 0.8275 0 133 39 200
person 0.7976 299 71 346 129
person 0.7915 456 87 500 153
person 0.7724 172 149 202 171
person 0.6247 445 141 490 223
person 0.5981 277 74 306 174
person 0.5764 146 153 165 174
person 0.4074 475 82 500 131
person 0.3688 230 163 246 172
person 0.3597 18 133 42 169
person 0.3568 462 158 496 220
person 0.1063 15 133 60 187
person 0.0418 0 165 38 200
person 0.0417 478 85 500 182
person 0.0200 128 129 150 163
person 0.0169 467 158 491 184
person 0.0139 480 135 499 179
person 0.0108 447 141 486 181
person 0.0081 146 153 196 177
person 0.0073 425 115 441 142
person 0.0071 44 135 62 168
person 0.0070 0 133 25 172
person 0.0052 36 132 68 180
person 0.0045 495 78 499 103
person 0.0033 145 153 170 190
person 0.0026 480 121 500 146
person 0.0025 415 114 447 144
person 0.0019 240 71 276 121
person 0.0017 486 189 500 240
person 0.0017 455 140 486 165
person 0.0016 166 149 236 173
person 0.0016 493 125 500 144
person 0.0015 479 136 491 170
person 0.0013 114 128 153 182
person 0.0012 11 166 65 188
person 0.0011 108 223 150 261
person 0.0010 73 136 97 181
person 0.0010 41 125 94 186
bicycle 0.0314 480 134 499 179
bicycle 0.0036 480 133 500 152
bicycle 0.0032 489 136 500 153
bicycle 0.0011 490 141 499 164
car 0.9539 0 101 369 338
car 0.5764 394 112 456 144
car 0.1302 371 116 393 125
car 0.1071 371 113 409 142
car 0.0614 397 123 442 144
car 0.0092 434 113 457 139
car 0.0087 371 116 392 141
car 0.0075 370 113 406 128
car 0.0063 389 112 414 141
car 0.0050 0 102 364 200
car 0.0048 402 111 499 143
car 0.0032 397 132 427 144
car 0.0022 372 105 404 122
car 0.0017 5 100 158 190
car 0.0015 421 118 445 144
car 0.0015 162 168 325 188
car 0.0012 397 114 410 132
car 0.0012 114 128 154 183
car 0.0011 254 167 308 186
bottle 0.0018 414 185 419 194
chair 0.5237 413 137 456 195
chair 0.0704 485 184 499 220
chair 0.0523 492 150 499 182
chair 0.0316 445 143 494 222
chair 0.0299 481 135 499 180
chair 0.0176 486 144 499 217
chair 0.0135 491 184 499 210
chair 0.0103 492 154 500 212
chair 0.0101 468 159 497 219
chair 0.0093 446 186 497 220
chair 0.0091 448 194 461 214
chair 0.0062 494 165 499 184
chair 0.0049 490 195 499 221
chair 0.0043 470 189 490 219
chair 0.0036 446 189 470 219
chair 0.0024 486 152 499 185
chair 0.0023 479 188 489 209
chair 0.0021 426 136 455 172
chair 0.0020 493 174 499 190
chair 0.0020 371 104 405 120
chair 0.0017 488 162 499 181
chair 0.0013 432 137 455 158
chair 0.0012 451 144 459 160
chair 0.0012 445 182 461 214
chair 0.0010 484 168 499 198
pottedplant 0.0197 465 216 499 371
pottedplant 0.0054 486 204 499 242
pottedplant 0.0049 491 217 500 236
pottedplant 0.0023 478 254 499 367
