person 0.9401 87 111 208 340
person 0.0785 121 204 178 339
person 0.0037 132 255 164 335
person 0.0017 94 209 235 337
person 0.0015 237 364 256 394
person 0.0011 87 112 207 226
person 0.0011 277 366 303 394
bicycle 0.9358 52 203 240 366
bottle 0.1024 143 249 167 281
bottle 0.0227 151 258 167 281
bottle 0.0111 130 246 168 286
bottle 0.0101 162 278 171 289
bottle 0.0074 160 262 172 289
bottle 0.0070 142 241 164 270
bottle 0.0068 169 262 176 286
bottle 0.0062 143 250 152 261
bottle 0.0048 141 250 156 266
bottle 0.0047 147 250 163 270
bottle 0.0019 136 247 146 261
bottle 0.0014 141 256 164 296
bottle 0.0012 138 223 165 269
