chair 0.2164 485 251 499 305
chair 0.1164 0 275 15 331
chair 0.1051 64 240 107 291
chair 0.0094 0 251 3 278
chair 0.0040 0 249 13 320
chair 0.0039 0 206 15 339
chair 0.0017 491 178 499 185
chair 0.0014 0 319 15 332
chair 0.0011 295 225 336 240
sofa 0.9187 334 204 500 302
sofa 0.8598 100 200 314 288
sofa 0.1902 485 251 499 305
sofa 0.0572 0 252 15 331
sofa 0.0120 121 200 496 300
sofa 0.0010 0 319 15 332
pottedplant 0.8881 344 155 385 222
pottedplant 0.4509 0 88 51 187
pottedplant 0.0352 0 88 51 330
pottedplant 0.0289 0 171 11 187
pottedplant 0.0120 0 161 14 332
pottedplant 0.0115 190 180 217 205
pottedplant 0.0056 190 194 217 205
pottedplant 0.0032 0 128 15 188
pottedplant 0.0018 0 155 12 187
pottedplant 0.0015 189 188 219 235
pottedplant 0.0013 463 161 481 189
pottedplant 0.0011 346 198 370 222
diningtable 0.0037 288 237 381 296
tvmonitor 0.6725 445 106 500 210
tvmonitor 0.0010 484 137 499 180
