person 0.3923 117 0 334 213
person 0.0995 112 0 334 47
person 0.0126 0 87 36 233
person 0.0093 115 0 333 95
person 0.0086 314 0 333 8
person 0.0056 0 0 154 235
person 0.0023 8 2 336 324
person 0.0016 305 111 333 232
person 0.0015 0 175 13 234
person 0.0012 9 0 334 129
person 0.0012 116 -4 157 196
person 0.0011 298 0 332 10
person 0.0010 115 0 127 8
bottle 0.9410 11 3 157 471
bottle 0.4557 139 29 330 474
bottle 0.0023 1 0 149 239
chair 0.0236 0 0 35 90
chair 0.0110 0 89 36 226
chair 0.0056 115 0 127 5
chair 0.0052 1 0 126 88
chair 0.0050 0 0 18 90
chair 0.0013 9 0 130 30
chair 0.0012 12 0 37 34
sofa 0.0010 5 0 328 49
pottedplant 0.0054 317 0 333 9
diningtable 0.4030 -2 225 332 497
diningtable 0.0134 0 425 332 499
diningtable 0.0123 6 -2 335 436
diningtable 0.0043 0 3 57 491
diningtable 0.0035 263 214 332 497
diningtable 0.0022 0 235 54 501
diningtable 0.0015 26 475 330 500
diningtable 0.0012 155 228 331 486
