person 0.9535 90 206 346 499
person 0.8879 56 232 96 351
person 0.7570 212 251 342 442
person 0.7115 203 210 251 292
person 0.0540 211 252 276 381
person 0.0519 210 210 231 232
person 0.0407 244 223 261 237
person 0.0394 208 210 245 242
person 0.0192 227 211 244 242
person 0.0156 230 228 244 242
person 0.0139 185 195 283 326
person 0.0065 88 314 98 345
person 0.0042 234 220 262 240
person 0.0033 244 223 271 241
person 0.0018 199 211 209 233
person 0.0012 244 219 261 231
person 0.0011 243 224 263 252
bus 0.8927 183 192 321 327
dog 0.0023 44 332 60 350
