person 0.1637 52 118 79 144
person 0.0028 0 90 4 125
person 0.0028 41 105 48 123
person 0.0022 233 110 254 132
person 0.0014 69 121 79 142
person 0.0012 0 115 5 126
person 0.0010 243 109 254 131
person 0.0010 0 108 6 134
car 0.9473 39 130 454 307
car 0.0176 0 126 8 142
car 0.0050 413 88 495 113
motorbike 0.9037 0 123 91 189
motorbike 0.0658 0 125 8 149
motorbike 0.0182 51 117 79 144
motorbike 0.0090 0 124 37 187
motorbike 0.0088 0 123 38 152
motorbike 0.0045 0 124 9 180
motorbike 0.0029 0 124 18 150
motorbike 0.0020 0 124 18 187
motorbike 0.0013 41 135 91 178
chair 0.1101 52 118 79 144
chair 0.0022 41 123 59 145
pottedplant 0.0039 0 77 13 93
pottedplant 0.0011 0 76 13 123
tvmonitor 0.0154 30 106 47 122
