bottle 0.0680 108 0 150 75
bottle 0.0061 111 30 128 76
bottle 0.0014 38 38 49 69
chair 0.0367 0 87 90 221
chair 0.0204 0 205 103 286
chair 0.0025 427 0 500 147
chair 0.0019 60 171 97 209
chair 0.0010 0 187 46 227
pottedplant 0.0632 108 0 150 74
pottedplant 0.0129 108 0 148 34
diningtable 0.0012 0 204 103 284
tvmonitor 0.7130 79 56 462 386
tvmonitor 0.5240 0 0 34 59
tvmonitor 0.0605 0 264 72 419
tvmonitor 0.0417 171 340 364 468
tvmonitor 0.0306 0 0 28 31
tvmonitor 0.0207 0 205 105 420
tvmonitor 0.0026 428 0 499 141
