person 0.5178 122 198 136 215
person 0.4769 475 223 492 247
person 0.0651 183 186 195 209
person 0.0325 463 222 494 251
person 0.0138 167 181 173 192
person 0.0088 467 224 481 247
person 0.0046 156 208 164 215
person 0.0045 469 224 480 233
person 0.0030 137 209 146 215
person 0.0023 151 207 157 215
person 0.0021 155 209 166 224
person 0.0017 145 209 151 215
person 0.0017 306 208 315 214
person 0.0017 491 219 499 246
person 0.0011 18 206 33 212
person 0.0011 0 198 4 211
bottle 0.0049 380 227 386 242
bottle 0.0046 374 228 379 240
bottle 0.0036 382 226 388 242
bottle 0.0027 347 228 359 244
bottle 0.0018 427 247 432 257
bottle 0.0016 367 229 373 239
bottle 0.0010 479 244 490 258
chair 0.7287 99 233 139 329
chair 0.1558 69 214 86 235
chair 0.1042 18 235 87 250
chair 0.0687 441 230 461 240
chair 0.0656 104 233 139 281
chair 0.0544 0 220 19 241
chair 0.0512 83 222 107 253
chair 0.0466 436 230 473 257
chair 0.0460 100 256 121 329
chair 0.0442 20 234 41 238
chair 0.0363 17 213 44 237
chair 0.0343 344 216 367 227
chair 0.0288 129 230 149 241
chair 0.0247 18 213 76 238
chair 0.0234 388 228 403 243
chair 0.0217 359 240 391 256
chair 0.0196 342 228 365 248
chair 0.0185 322 225 343 246
chair 0.0182 19 224 46 237
chair 0.0170 68 214 86 225
chair 0.0139 391 219 404 226
chair 0.0137 17 235 41 243
chair 0.0136 83 222 106 237
chair 0.0135 158 246 174 258
chair 0.0130 316 234 339 249
chair 0.0118 333 215 346 225
chair 0.0116 63 214 73 226
chair 0.0108 46 225 68 237
chair 0.0106 463 225 480 253
chair 0.0100 359 239 387 249
chair 0.0093 34 226 47 237
chair 0.0088 360 240 374 249
chair 0.0084 468 224 481 243
chair 0.0077 100 264 118 287
chair 0.0072 184 227 197 275
chair 0.0064 394 240 416 251
chair 0.0060 17 211 38 216
chair 0.0057 437 230 461 246
chair 0.0057 84 222 128 255
chair 0.0051 466 223 491 250
chair 0.0050 114 213 125 223
chair 0.0049 314 213 328 217
chair 0.0046 312 215 331 222
chair 0.0040 469 224 480 233
chair 0.0040 157 244 184 259
chair 0.0040 76 207 93 221
chair 0.0036 277 224 303 249
chair 0.0036 19 213 74 226
chair 0.0036 297 240 318 250
chair 0.0036 478 225 492 246
chair 0.0034 302 232 340 254
chair 0.0032 339 222 389 246
chair 0.0030 18 214 44 226
chair 0.0029 460 235 485 257
chair 0.0028 99 254 140 299
chair 0.0027 361 236 392 246
chair 0.0025 459 231 475 254
chair 0.0024 286 241 300 250
chair 0.0024 304 222 325 233
chair 0.0023 311 216 322 222
chair 0.0022 340 243 364 250
chair 0.0021 320 217 334 224
chair 0.0020 380 228 389 242
chair 0.0018 240 213 256 225
chair 0.0018 94 227 126 285
chair 0.0018 324 222 345 232
chair 0.0018 458 231 469 240
chair 0.0018 305 212 314 218
chair 0.0017 361 239 386 244
chair 0.0017 75 208 83 214
chair 0.0017 101 255 115 264
chair 0.0016 301 216 331 226
chair 0.0016 280 223 324 250
chair 0.0016 317 234 329 248
chair 0.0016 104 238 137 259
chair 0.0015 300 222 326 241
chair 0.0015 322 223 334 231
chair 0.0015 394 240 405 250
chair 0.0015 39 214 79 233
chair 0.0015 286 234 308 250
chair 0.0014 67 234 86 247
chair 0.0013 99 292 117 331
chair 0.0011 305 216 314 222
chair 0.0011 47 213 70 227
chair 0.0010 100 256 117 271
chair 0.0010 17 213 31 236
chair 0.0010 130 218 140 225
chair 0.0010 290 218 302 225
chair 0.0010 272 209 293 216
chair 0.0010 0 227 11 240
sofa 0.0056 16 212 85 238
sofa 0.0034 343 215 367 226
sofa 0.0034 340 222 388 245
sofa 0.0028 265 220 346 249
sofa 0.0021 0 219 20 241
pottedplant 0.6779 462 173 499 247
pottedplant 0.1011 361 241 398 257
pottedplant 0.0493 364 218 388 242
pottedplant 0.0326 459 243 499 258
pottedplant 0.0289 368 218 385 228
pottedplant 0.0137 386 223 405 244
pottedplant 0.0130 342 217 390 243
pottedplant 0.0095 476 247 488 258
pottedplant 0.0077 483 244 499 258
pottedplant 0.0073 374 218 381 236
pottedplant 0.0072 382 243 398 257
pottedplant 0.0062 462 222 496 259
pottedplant 0.0051 437 228 480 258
pottedplant 0.0051 250 206 259 213
pottedplant 0.0043 458 248 480 258
pottedplant 0.0042 381 223 388 241
pottedplant 0.0037 310 229 342 250
pottedplant 0.0024 490 192 500 249
pottedplant 0.0023 303 238 337 259
pottedplant 0.0022 379 220 386 227
pottedplant 0.0021 482 227 499 257
pottedplant 0.0021 472 243 485 257
pottedplant 0.0017 220 213 239 219
pottedplant 0.0014 482 200 500 246
pottedplant 0.0011 494 192 500 217
diningtable 0.0456 0 342 94 372
diningtable 0.0112 308 343 497 373
diningtable 0.0048 397 345 497 373
diningtable 0.0041 330 241 399 260
diningtable 0.0039 464 352 499 373
diningtable 0.0038 118 262 214 353
diningtable 0.0033 0 239 20 248
diningtable 0.0028 0 211 18 220
diningtable 0.0022 201 353 304 373
diningtable 0.0016 333 248 372 258
diningtable 0.0015 0 240 99 370
diningtable 0.0013 296 235 339 256
diningtable 0.0010 246 216 361 251
tvmonitor 0.7672 213 218 247 248
tvmonitor 0.7339 402 220 432 247
tvmonitor 0.5673 105 225 128 241
tvmonitor 0.4708 163 215 183 240
tvmonitor 0.2678 196 215 206 224
tvmonitor 0.1705 201 225 219 253
tvmonitor 0.1085 0 182 18 211
tvmonitor 0.0921 0 245 19 359
tvmonitor 0.0686 0 220 19 240
tvmonitor 0.0570 184 201 193 209
tvmonitor 0.0552 129 228 149 241
tvmonitor 0.0264 97 213 113 222
tvmonitor 0.0213 246 225 271 243
tvmonitor 0.0170 84 222 106 238
tvmonitor 0.0138 0 244 6 338
tvmonitor 0.0107 195 224 213 254
tvmonitor 0.0093 79 191 102 208
tvmonitor 0.0069 180 216 193 242
tvmonitor 0.0063 150 226 164 241
tvmonitor 0.0061 191 253 205 263
tvmonitor 0.0056 185 226 201 273
tvmonitor 0.0053 429 192 448 224
tvmonitor 0.0046 192 208 206 214
tvmonitor 0.0022 195 214 214 223
tvmonitor 0.0021 388 224 403 233
tvmonitor 0.0018 195 224 203 245
tvmonitor 0.0015 0 184 8 210
tvmonitor 0.0014 0 220 9 239
tvmonitor 0.0014 195 244 208 254
tvmonitor 0.0014 183 215 214 246
tvmonitor 0.0014 251 196 288 211
tvmonitor 0.0014 166 208 179 213
tvmonitor 0.0013 153 217 165 225
tvmonitor 0.0012 111 193 122 209
tvmonitor 0.0012 284 186 313 212
tvmonitor 0.0011 129 218 141 225
tvmonitor 0.0011 132 217 149 226
tvmonitor 0.0010 331 222 349 232
tvmonitor 0.0010 272 209 296 216
