person 0.9152 155 290 233 396
person 0.0241 158 276 198 338
person 0.0072 155 303 192 339
person 0.0063 165 277 185 307
person 0.0059 268 295 288 313
person 0.0043 235 341 240 352
person 0.0035 178 290 192 340
person 0.0021 179 292 214 338
person 0.0021 311 258 333 273
person 0.0019 155 293 195 389
person 0.0010 166 277 180 294
person 0.0010 326 261 332 272
car 0.0080 2 331 29 344
car 0.0053 311 257 333 273
aeroplane 0.8407 194 245 332 354
aeroplane 0.7540 0 243 79 339
aeroplane 0.0281 194 245 333 271
aeroplane 0.0243 219 302 331 355
aeroplane 0.0147 0 243 54 268
aeroplane 0.0110 0 292 46 344
aeroplane 0.0079 155 273 221 345
aeroplane 0.0045 1 330 30 343
aeroplane 0.0040 -1 243 211 339
aeroplane 0.0027 310 257 332 273
aeroplane 0.0015 260 248 333 320
aeroplane 0.0012 -1 278 79 306
aeroplane 0.0011 216 303 310 329
