person 0.7905 367 213 409 259
person 0.0950 171 153 182 160
person 0.0729 252 146 265 169
person 0.0139 241 157 253 171
person 0.0109 253 146 263 157
person 0.0096 241 156 250 165
person 0.0065 258 147 264 157
person 0.0054 224 145 235 164
person 0.0040 241 155 263 172
person 0.0029 247 144 270 170
person 0.0021 177 148 188 160
person 0.0019 474 227 497 270
person 0.0019 178 152 186 161
person 0.0018 403 205 438 261
person 0.0015 473 228 486 269
person 0.0015 224 145 233 157
person 0.0014 458 86 487 120
person 0.0013 240 151 249 167
person 0.0010 259 147 282 173
car 0.5087 163 228 203 263
car 0.4324 233 260 282 347
car 0.3950 233 248 281 264
car 0.2713 163 257 282 347
car 0.1471 163 228 203 311
car 0.0493 239 235 281 255
car 0.0167 241 261 282 313
car 0.0076 232 246 281 288
car 0.0057 164 259 251 311
car 0.0040 233 249 260 262
car 0.0035 163 228 279 316
car 0.0033 234 254 281 267
car 0.0030 163 214 192 230
car 0.0022 162 301 201 360
car 0.0018 162 300 194 321
car 0.0012 255 304 282 348
bus 0.9755 280 33 499 370
bus 0.9627 163 117 285 262
bus 0.0432 6 -7 167 369
chair 0.0013 415 87 441 120
chair 0.0012 369 98 395 118
chair 0.0010 403 97 415 119
pottedplant 0.0904 167 261 280 372
