person 0.0133 461 204 465 211
person 0.0083 459 204 463 211
person 0.0073 22 239 27 253
person 0.0051 467 215 472 224
person 0.0040 12 198 17 209
person 0.0035 449 214 454 223
person 0.0030 481 218 486 227
person 0.0022 493 221 499 230
person 0.0022 457 208 465 219
person 0.0019 472 213 478 224
person 0.0019 12 374 43 415
person 0.0016 451 204 457 211
person 0.0016 470 163 477 175
person 0.0016 452 206 458 218
person 0.0011 493 210 499 226
person 0.0010 484 220 491 229
car 0.0020 449 210 472 221
car 0.0015 346 176 364 183
car 0.0014 457 211 469 219
aeroplane 0.0035 0 290 29 298
train 0.8307 57 144 431 266
train 0.0028 414 209 499 251
train 0.0023 306 192 431 264
train 0.0021 52 143 258 218
train 0.0020 119 160 340 238
boat 0.0070 0 191 37 224
boat 0.0043 0 290 29 297
boat 0.0033 0 202 31 336
boat 0.0031 54 205 64 258
boat 0.0030 0 201 37 260
boat 0.0026 0 290 29 305
boat 0.0022 0 289 29 340
boat 0.0016 0 256 29 307
pottedplant 0.0110 0 326 10 341
pottedplant 0.0016 0 291 16 342
