person 0.8781 0 31 68 329
person 0.0709 352 138 380 163
person 0.0499 0 218 4 238
person 0.0280 440 62 462 110
person 0.0045 332 138 381 169
person 0.0023 0 197 18 253
person 0.0018 0 179 4 202
bottle 0.6467 380 141 390 165
bottle 0.0883 367 151 376 166
bottle 0.0555 389 153 397 165
bottle 0.0190 366 141 379 166
bottle 0.0093 43 89 54 128
bottle 0.0024 364 150 371 163
chair 0.8487 336 169 410 284
chair 0.8327 416 164 490 270
chair 0.7024 306 177 345 268
chair 0.3144 467 225 499 286
chair 0.0680 84 129 93 160
chair 0.0668 305 161 322 208
chair 0.0602 352 138 380 163
chair 0.0330 325 158 378 181
chair 0.0289 314 140 363 174
chair 0.0174 396 172 446 279
chair 0.0126 329 141 363 165
chair 0.0084 305 161 324 249
chair 0.0084 311 161 331 206
chair 0.0081 483 225 499 258
chair 0.0064 0 193 30 369
chair 0.0060 306 142 363 209
chair 0.0053 467 161 497 279
chair 0.0040 396 176 448 217
chair 0.0027 336 168 402 220
chair 0.0026 393 182 420 277
chair 0.0025 316 176 338 217
chair 0.0024 315 163 330 177
chair 0.0023 308 154 341 237
chair 0.0022 466 255 499 285
chair 0.0021 324 181 347 260
chair 0.0020 84 128 92 145
chair 0.0016 59 150 66 166
chair 0.0014 0 236 87 370
chair 0.0014 411 209 479 277
chair 0.0013 457 237 499 342
chair 0.0013 316 162 328 192
chair 0.0013 396 185 418 229
chair 0.0012 84 130 94 183
chair 0.0012 478 153 498 257
sofa 0.6194 466 225 499 285
sofa 0.0148 483 225 499 258
sofa 0.0077 0 192 21 336
sofa 0.0060 308 140 365 206
sofa 0.0029 80 128 94 161
sofa 0.0028 471 175 499 286
sofa 0.0027 467 255 499 285
sofa 0.0023 0 193 66 367
sofa 0.0015 482 225 501 285
sofa 0.0013 446 222 501 320
pottedplant 0.0506 352 138 380 163
diningtable 0.5015 308 153 447 281
diningtable 0.2870 407 277 499 372
diningtable 0.2073 310 150 447 204
diningtable 0.0848 396 173 447 277
diningtable 0.0237 0 192 20 251
diningtable 0.0186 397 174 448 223
diningtable 0.0094 323 158 378 181
diningtable 0.0071 377 156 447 201
diningtable 0.0037 309 149 374 208
diningtable 0.0030 337 157 424 188
diningtable 0.0023 397 176 448 200
diningtable 0.0010 392 182 421 277
diningtable 0.0010 335 163 439 215
