person 0.9438 370 148 443 284
person 0.7329 138 180 156 202
person 0.0600 172 105 185 147
person 0.0478 153 195 166 206
person 0.0138 138 179 166 217
person 0.0097 172 104 185 123
person 0.0068 153 190 167 235
person 0.0050 138 178 156 235
person 0.0036 120 178 149 202
person 0.0024 141 194 167 206
person 0.0023 496 219 499 228
person 0.0018 492 219 499 232
person 0.0013 152 185 164 199
person 0.0012 139 179 144 189
person 0.0012 121 190 139 202
car 0.0043 321 210 343 233
car 0.0013 119 178 154 202
aeroplane 0.0017 490 137 499 142
bus 0.0010 156 31 325 264
train 0.9452 157 29 325 254
train 0.0066 470 161 499 171
train 0.0040 0 114 54 225
train 0.0037 468 162 500 231
train 0.0036 393 164 498 235
train 0.0011 161 102 185 157
