person 0.9539 335 96 499 370
person 0.9231 27 97 235 371
person 0.9099 189 92 343 370
person 0.5162 0 318 21 374
person 0.4717 360 138 392 178
person 0.3568 322 142 350 177
person 0.2213 308 151 357 225
person 0.1095 472 210 500 372
person 0.0882 0 316 41 374
person 0.0366 0 318 114 374
person 0.0251 484 212 499 261
person 0.0124 481 161 500 222
person 0.0111 152 172 239 366
person 0.0109 392 118 416 163
person 0.0099 463 157 499 222
person 0.0090 485 212 499 239
person 0.0071 462 143 483 194
person 0.0069 475 195 499 286
person 0.0061 399 118 417 150
person 0.0059 327 141 366 186
person 0.0055 463 112 500 366
person 0.0053 306 158 322 176
person 0.0042 459 112 481 175
person 0.0037 462 145 479 175
person 0.0033 463 135 493 206
person 0.0029 483 181 500 238
person 0.0025 0 119 37 314
person 0.0024 66 125 80 151
person 0.0021 65 124 89 193
person 0.0020 14 334 38 374
person 0.0019 488 83 499 122
person 0.0019 369 139 387 163
person 0.0018 491 185 500 221
person 0.0017 405 119 415 137
person 0.0016 307 156 334 187
person 0.0015 0 302 12 334
person 0.0015 0 304 15 354
person 0.0014 406 119 415 129
person 0.0013 0 117 33 205
person 0.0012 39 161 60 203
person 0.0011 183 93 505 371
person 0.0011 357 162 375 183
person 0.0010 0 144 22 297
person 0.0010 306 118 363 364
person 0.0010 65 127 81 175
person 0.0010 32 132 58 204
bottle 0.0041 31 189 42 208
bottle 0.0037 40 185 48 208
bottle 0.0016 33 180 48 208
chair 0.1357 314 290 364 373
chair 0.1269 188 255 228 364
chair 0.0643 315 343 366 374
chair 0.0508 153 257 222 372
chair 0.0408 0 242 39 327
chair 0.0404 158 351 172 372
chair 0.0354 0 243 17 321
chair 0.0235 0 299 36 374
chair 0.0174 0 302 12 326
chair 0.0156 0 303 11 314
chair 0.0145 196 303 225 364
chair 0.0145 318 297 359 346
chair 0.0134 0 204 53 339
chair 0.0128 153 265 183 371
chair 0.0072 16 320 173 374
chair 0.0054 482 185 500 223
chair 0.0042 153 289 167 354
chair 0.0036 472 256 499 371
chair 0.0031 10 323 34 356
chair 0.0031 0 319 99 373
chair 0.0027 51 346 174 375
chair 0.0027 33 347 70 374
chair 0.0026 1 205 52 251
chair 0.0024 0 188 17 202
chair 0.0023 6 253 19 314
chair 0.0023 154 306 173 373
chair 0.0023 30 180 53 209
chair 0.0023 181 272 359 372
chair 0.0022 317 336 359 352
chair 0.0021 0 292 11 316
chair 0.0020 0 196 16 301
chair 0.0019 235 213 248 240
chair 0.0018 0 302 31 343
chair 0.0017 0 218 10 288
chair 0.0016 0 254 11 311
chair 0.0016 12 322 39 374
chair 0.0015 13 262 186 373
chair 0.0015 189 259 217 322
chair 0.0014 166 305 218 372
chair 0.0011 311 157 357 224
chair 0.0011 159 173 263 240
chair 0.0011 191 223 241 351
sofa 0.0037 314 270 499 372
sofa 0.0021 181 276 369 372
sofa 0.0020 314 294 365 374
sofa 0.0017 181 251 505 371
sofa 0.0012 158 172 263 240
sofa 0.0012 470 261 500 372
sofa 0.0012 316 323 497 372
pottedplant 0.0014 489 83 499 122
diningtable 0.0032 207 228 242 260
diningtable 0.0021 0 200 63 243
diningtable 0.0016 343 168 363 186
diningtable 0.0016 206 227 242 289
diningtable 0.0010 0 191 61 226
tvmonitor 0.0027 0 116 26 169
tvmonitor 0.0020 0 115 32 200
