person 0.9174 167 82 315 324
person 0.0278 165 83 485 333
person 0.0015 226 295 457 330
car 0.0573 47 111 163 173
car 0.0096 0 114 9 132
car 0.0010 47 114 81 136
bottle 0.0028 192 301 213 330
chair 0.0013 174 132 206 179
sofa 0.0072 377 258 499 330
pottedplant 0.0080 264 4 350 223
pottedplant 0.0043 484 65 499 142
pottedplant 0.0025 399 159 427 187
pottedplant 0.0016 413 90 435 112
pottedplant 0.0015 491 117 500 144
pottedplant 0.0013 397 135 433 187
pottedplant 0.0013 261 0 285 55
pottedplant 0.0012 454 62 483 117
pottedplant 0.0011 468 8 499 136
pottedplant 0.0011 437 6 500 135
pottedplant 0.0011 379 102 436 188
diningtable 0.0026 377 202 499 243
diningtable 0.0017 1 235 202 327
diningtable 0.0017 1 131 188 324
tvmonitor 0.0016 124 0 149 10
