person 0.7692 3 0 387 371
person 0.0153 0 26 67 122
person 0.0069 0 0 188 368
person 0.0068 0 86 63 377
person 0.0064 -2 30 104 336
person 0.0030 0 25 85 180
person 0.0025 0 0 50 36
person 0.0017 0 25 35 120
car 0.2046 1 0 498 145
car 0.0185 258 1 498 132
motorbike 0.3346 1 244 497 369
motorbike 0.0898 1 5 496 373
motorbike 0.0019 208 271 499 370
motorbike 0.0014 1 114 348 369
train 0.0719 1 0 496 236
boat 0.0090 0 1 138 109
boat 0.0082 0 8 141 259
boat 0.0022 0 1 237 369
boat 0.0011 1 1 119 60
bottle 0.0056 69 102 78 114
chair 0.0320 0 265 50 371
chair 0.0153 0 321 49 372
chair 0.0040 0 104 92 262
