person 0.9405 309 123 499 372
person 0.9401 0 152 139 372
person 0.8331 185 101 232 178
person 0.7206 445 99 482 143
person 0.7141 215 94 260 171
person 0.6572 6 15 265 281
person 0.5902 126 120 264 263
person 0.5656 408 43 445 77
person 0.5559 307 112 366 216
person 0.5542 438 48 471 77
person 0.4989 321 115 392 270
person 0.4865 454 114 499 231
person 0.4440 298 100 344 169
person 0.4242 468 110 499 154
person 0.3595 168 119 198 166
person 0.3281 244 93 272 139
person 0.2373 471 160 499 241
person 0.2346 324 101 366 165
person 0.1163 169 118 201 218
person 0.1028 326 102 365 124
person 0.0759 471 336 499 373
person 0.0675 308 95 345 146
person 0.0650 0 303 49 374
person 0.0609 317 95 345 121
person 0.0585 321 94 345 110
person 0.0353 225 93 266 146
person 0.0330 128 171 231 262
person 0.0303 307 102 329 155
person 0.0303 248 92 267 118
person 0.0286 320 181 394 305
person 0.0271 227 94 256 124
person 0.0241 87 84 257 305
person 0.0226 161 116 220 262
person 0.0207 227 93 251 110
person 0.0197 460 144 499 363
person 0.0184 0 152 39 215
person 0.0143 0 266 108 373
person 0.0123 212 105 231 164
person 0.0091 349 122 391 162
person 0.0086 10 15 200 194
person 0.0076 131 118 202 218
person 0.0075 438 49 455 72
person 0.0057 180 104 261 222
person 0.0054 449 277 499 372
person 0.0052 407 49 427 77
person 0.0052 294 110 326 164
person 0.0048 495 113 499 126
person 0.0046 213 105 232 135
person 0.0041 241 120 262 143
person 0.0041 480 109 500 133
person 0.0040 422 43 444 67
person 0.0038 220 108 231 124
person 0.0033 254 0 263 15
person 0.0030 303 137 336 172
person 0.0027 387 49 412 71
person 0.0027 139 118 197 167
person 0.0027 418 60 445 78
person 0.0027 0 226 49 372
person 0.0021 398 49 412 67
person 0.0020 326 104 348 122
person 0.0019 314 0 336 40
person 0.0016 452 63 471 77
person 0.0016 310 131 326 147
person 0.0015 312 160 354 216
person 0.0014 318 233 380 285
person 0.0014 476 115 499 229
person 0.0013 324 191 361 246
person 0.0013 291 160 411 332
person 0.0012 1 154 136 234
person 0.0012 349 132 370 162
person 0.0011 309 157 349 193
aeroplane 0.0025 314 0 337 41
bottle 0.6848 276 154 285 189
bottle 0.5554 458 125 464 146
bottle 0.4499 260 166 273 209
bottle 0.2832 276 120 284 136
bottle 0.1188 242 180 259 200
bottle 0.1009 270 176 283 206
bottle 0.0993 260 165 270 188
bottle 0.0957 256 163 263 185
bottle 0.0386 271 117 276 136
bottle 0.0363 278 153 285 167
bottle 0.0230 460 123 466 142
bottle 0.0223 279 122 285 137
bottle 0.0192 267 168 275 186
bottle 0.0188 268 158 278 184
bottle 0.0157 247 160 260 182
bottle 0.0101 260 154 268 172
bottle 0.0090 269 173 278 193
bottle 0.0073 281 124 285 136
bottle 0.0049 275 170 285 195
bottle 0.0048 270 151 281 168
bottle 0.0021 374 53 379 66
bottle 0.0015 163 317 198 364
chair 0.6103 287 83 314 114
chair 0.3482 426 114 452 177
chair 0.3411 189 82 214 106
chair 0.1937 165 89 187 119
chair 0.1815 434 141 474 201
chair 0.1712 444 234 499 372
chair 0.1597 214 86 235 108
chair 0.1442 0 95 67 156
chair 0.1331 435 146 451 203
chair 0.1224 438 118 450 143
chair 0.0882 259 69 274 81
chair 0.0790 471 336 499 373
chair 0.0763 236 85 246 96
chair 0.0742 468 159 499 240
chair 0.0483 248 92 280 135
chair 0.0472 257 80 282 92
chair 0.0445 0 76 31 99
chair 0.0391 462 181 485 232
chair 0.0365 300 83 314 113
chair 0.0357 245 84 263 96
chair 0.0316 282 81 300 113
chair 0.0305 452 132 500 231
chair 0.0272 111 215 149 284
chair 0.0258 235 83 259 97
chair 0.0231 0 150 38 214
chair 0.0209 262 97 284 121
chair 0.0206 312 246 381 312
chair 0.0199 467 229 499 300
chair 0.0198 285 79 292 95
chair 0.0188 283 79 297 100
chair 0.0181 290 79 299 97
chair 0.0167 214 95 230 109
chair 0.0165 25 78 71 97
chair 0.0165 168 106 185 120
chair 0.0153 228 82 247 95
chair 0.0151 473 264 500 373
chair 0.0131 168 81 214 118
chair 0.0119 281 83 290 97
chair 0.0119 176 84 193 113
chair 0.0113 321 94 344 108
chair 0.0112 490 336 500 355
chair 0.0105 281 82 291 112
chair 0.0103 226 80 245 90
chair 0.0100 467 229 500 249
chair 0.0100 182 81 196 112
chair 0.0096 279 78 291 94
chair 0.0095 451 151 475 192
chair 0.0090 466 149 500 310
chair 0.0085 321 221 329 245
chair 0.0081 313 90 326 105
chair 0.0081 456 284 500 359
chair 0.0080 463 202 482 232
chair 0.0080 483 293 499 349
chair 0.0077 267 116 277 135
chair 0.0074 0 264 115 372
chair 0.0072 288 66 306 98
chair 0.0071 30 85 64 97
chair 0.0070 234 89 246 96
chair 0.0069 303 147 336 171
chair 0.0069 215 81 231 89
chair 0.0067 298 82 314 94
chair 0.0066 0 79 7 98
chair 0.0064 382 98 395 125
chair 0.0063 281 113 313 138
chair 0.0063 405 125 427 144
chair 0.0062 215 91 250 107
chair 0.0059 283 92 295 113
chair 0.0059 213 103 229 114
chair 0.0057 490 336 499 372
chair 0.0057 0 94 71 215
chair 0.0055 320 94 334 106
chair 0.0052 481 160 499 197
chair 0.0051 186 81 200 97
chair 0.0046 190 79 217 90
chair 0.0046 482 240 500 354
chair 0.0044 175 84 190 97
chair 0.0043 244 81 261 92
chair 0.0043 429 175 439 201
chair 0.0042 267 80 286 111
chair 0.0041 58 80 82 97
chair 0.0041 210 87 217 106
chair 0.0041 358 246 384 262
chair 0.0041 479 106 499 128
chair 0.0040 270 80 282 90
chair 0.0039 112 215 142 250
chair 0.0039 227 94 249 109
chair 0.0038 173 87 184 97
chair 0.0037 428 141 440 201
chair 0.0036 199 80 218 88
chair 0.0036 425 288 499 374
chair 0.0035 353 75 386 118
chair 0.0035 307 151 349 193
chair 0.0034 247 89 263 99
chair 0.0033 293 64 307 89
chair 0.0033 384 230 500 372
chair 0.0033 472 195 499 241
chair 0.0033 245 77 257 83
chair 0.0032 309 94 327 109
chair 0.0031 267 90 282 104
chair 0.0031 319 221 328 266
chair 0.0030 184 92 192 113
chair 0.0030 480 336 500 356
chair 0.0029 188 79 204 92
chair 0.0029 184 197 209 218
chair 0.0029 480 132 500 152
chair 0.0029 489 246 500 297
chair 0.0029 456 200 474 230
chair 0.0028 457 214 466 230
chair 0.0027 361 122 394 135
chair 0.0026 45 342 89 374
chair 0.0025 246 69 275 83
chair 0.0024 129 165 140 177
chair 0.0023 245 73 259 83
chair 0.0023 0 356 8 374
chair 0.0023 0 98 144 370
chair 0.0023 183 216 200 229
chair 0.0022 201 87 214 104
chair 0.0022 245 75 252 82
chair 0.0021 449 365 497 374
chair 0.0021 313 86 326 97
chair 0.0020 160 87 185 102
chair 0.0020 0 151 18 209
chair 0.0020 200 80 229 106
chair 0.0019 233 77 248 83
chair 0.0018 278 78 287 86
chair 0.0018 190 95 209 108
chair 0.0018 0 367 3 374
chair 0.0018 294 84 310 96
chair 0.0017 447 341 498 374
chair 0.0017 254 75 263 83
chair 0.0016 227 80 238 85
chair 0.0016 229 71 250 84
chair 0.0016 489 299 499 344
chair 0.0015 446 323 485 371
chair 0.0015 10 75 58 97
chair 0.0015 482 275 499 332
chair 0.0015 212 129 227 161
chair 0.0015 424 110 468 192
chair 0.0014 164 92 178 100
chair 0.0014 281 99 287 115
chair 0.0014 466 182 485 210
chair 0.0014 443 184 475 224
chair 0.0014 435 113 499 201
chair 0.0013 448 187 469 215
chair 0.0013 457 213 468 238
chair 0.0013 296 82 307 92
chair 0.0013 478 323 499 362
chair 0.0013 262 116 272 128
chair 0.0012 19 79 49 97
chair 0.0012 41 187 56 199
chair 0.0012 172 196 184 231
chair 0.0012 363 228 396 309
chair 0.0011 448 366 475 374
chair 0.0011 327 103 357 122
chair 0.0011 326 189 352 215
chair 0.0011 0 64 23 78
chair 0.0010 468 127 499 154
chair 0.0010 242 72 255 82
chair 0.0010 68 344 91 373
chair 0.0010 212 90 227 108
chair 0.0010 468 134 482 154
chair 0.0010 121 173 199 260
chair 0.0010 320 193 336 214
chair 0.0010 470 176 497 209
chair 0.0010 185 100 211 120
chair 0.0010 493 251 500 282
sofa 0.2241 0 95 67 157
sofa 0.0146 0 94 104 214
sofa 0.0104 471 336 499 373
sofa 0.0098 0 97 71 283
sofa 0.0097 0 152 42 215
sofa 0.0077 0 99 140 375
sofa 0.0059 0 93 133 161
sofa 0.0055 0 85 189 222
pottedplant 0.5733 74 1 138 75
pottedplant 0.5166 0 9 60 81
pottedplant 0.0349 1 1 134 80
pottedplant 0.0074 0 12 34 51
pottedplant 0.0054 62 2 151 151
pottedplant 0.0046 163 318 202 373
pottedplant 0.0028 294 65 306 80
pottedplant 0.0027 0 23 22 65
pottedplant 0.0018 188 78 221 99
pottedplant 0.0015 43 15 63 80
pottedplant 0.0015 74 2 204 84
pottedplant 0.0013 0 40 55 101
pottedplant 0.0012 108 7 134 64
pottedplant 0.0011 46 2 93 78
pottedplant 0.0011 18 37 59 79
pottedplant 0.0011 98 0 139 33
diningtable 0.7605 72 129 326 369
diningtable 0.5248 435 140 474 199
diningtable 0.2478 246 88 284 123
diningtable 0.1520 436 137 478 156
diningtable 0.0931 228 134 325 212
diningtable 0.0852 249 80 282 92
diningtable 0.0835 281 112 313 137
diningtable 0.0398 194 81 285 126
diningtable 0.0353 247 89 283 102
diningtable 0.0351 245 84 263 96
diningtable 0.0334 214 86 235 99
diningtable 0.0303 436 128 494 154
diningtable 0.0296 264 113 315 144
diningtable 0.0244 262 97 284 122
diningtable 0.0238 257 135 314 156
diningtable 0.0226 240 135 317 170
diningtable 0.0202 0 73 80 97
diningtable 0.0184 228 80 258 95
diningtable 0.0158 226 80 246 89
diningtable 0.0142 286 83 314 114
diningtable 0.0119 25 78 71 97
diningtable 0.0115 258 136 287 153
diningtable 0.0111 238 78 283 97
diningtable 0.0108 235 80 257 86
diningtable 0.0106 197 85 235 108
diningtable 0.0103 168 81 214 118
diningtable 0.0101 216 81 237 90
diningtable 0.0095 207 134 327 266
diningtable 0.0094 0 64 35 78
diningtable 0.0094 440 141 468 155
diningtable 0.0093 265 89 282 102
diningtable 0.0092 244 81 263 91
diningtable 0.0087 0 65 35 98
diningtable 0.0082 66 291 324 372
diningtable 0.0078 456 152 474 169
diningtable 0.0076 232 80 247 87
diningtable 0.0059 312 92 326 105
diningtable 0.0058 247 91 267 100
diningtable 0.0056 245 80 258 85
diningtable 0.0043 213 91 250 107
diningtable 0.0043 174 84 191 97
diningtable 0.0042 199 80 233 90
diningtable 0.0042 262 81 287 111
diningtable 0.0039 172 87 185 97
diningtable 0.0039 196 79 218 89
diningtable 0.0039 250 80 267 87
diningtable 0.0038 202 301 311 372
diningtable 0.0036 207 211 326 276
diningtable 0.0035 281 91 292 113
diningtable 0.0034 161 205 295 275
diningtable 0.0023 242 311 323 373
diningtable 0.0019 165 86 186 115
diningtable 0.0019 0 74 28 81
diningtable 0.0019 309 95 344 118
diningtable 0.0018 196 81 266 94
diningtable 0.0017 344 68 396 77
diningtable 0.0015 359 112 383 125
diningtable 0.0014 283 111 311 121
diningtable 0.0014 70 346 105 374
diningtable 0.0013 230 72 250 84
diningtable 0.0013 192 89 321 136
diningtable 0.0012 451 151 475 201
diningtable 0.0011 70 273 203 371
diningtable 0.0011 161 87 185 102
diningtable 0.0010 0 69 24 82
diningtable 0.0010 0 60 272 374
tvmonitor 0.0249 345 75 387 122
tvmonitor 0.0022 423 41 460 61
tvmonitor 0.0020 354 76 387 101
tvmonitor 0.0012 382 98 396 125
