person 0.9284 136 2 499 315
person 0.8631 71 103 264 316
person 0.8285 199 174 284 270
person 0.8043 27 155 100 318
person 0.7618 467 151 499 264
person 0.2926 368 82 482 207
person 0.0255 369 82 449 168
person 0.0199 28 102 137 319
person 0.0148 365 82 498 310
person 0.0052 483 251 500 286
person 0.0047 93 102 140 139
person 0.0042 84 103 133 268
person 0.0031 89 193 127 264
person 0.0030 105 101 140 114
person 0.0021 473 215 499 263
person 0.0020 58 160 128 317
person 0.0019 239 264 271 313
person 0.0018 242 188 271 227
person 0.0016 103 240 131 260
person 0.0013 208 175 246 212
person 0.0013 280 205 300 246
person 0.0010 196 204 221 237
person 0.0010 485 252 499 316
chair 0.0018 70 279 91 320
