person 0.6699 59 213 71 237
person 0.3318 138 207 148 219
person 0.1844 59 216 66 236
person 0.1649 210 182 255 222
person 0.1161 265 181 288 210
person 0.1161 210 204 219 212
person 0.0996 116 203 127 217
person 0.0742 250 183 287 217
person 0.0700 206 202 219 223
person 0.0633 61 213 70 224
person 0.0514 119 132 132 149
person 0.0444 117 201 138 218
person 0.0431 386 193 398 211
person 0.0295 139 206 159 219
person 0.0250 226 190 237 220
person 0.0190 202 191 220 223
person 0.0185 158 207 168 219
person 0.0170 65 216 71 225
person 0.0161 133 129 148 145
person 0.0159 127 202 139 219
person 0.0137 206 184 219 212
person 0.0110 157 118 171 138
person 0.0072 209 187 236 219
person 0.0065 226 176 287 218
person 0.0049 60 214 66 222
person 0.0048 152 208 160 219
person 0.0045 151 196 168 218
person 0.0036 154 123 167 139
person 0.0035 248 203 262 215
person 0.0034 116 135 128 150
person 0.0033 226 190 256 222
person 0.0032 246 190 262 216
person 0.0030 288 187 321 219
person 0.0029 350 191 354 203
person 0.0029 94 200 99 208
person 0.0028 174 119 190 134
person 0.0021 391 198 398 211
person 0.0018 0 207 3 226
person 0.0016 429 221 434 233
person 0.0016 267 184 319 224
person 0.0015 229 192 235 198
person 0.0014 25 222 29 229
person 0.0013 210 202 230 215
person 0.0010 116 138 124 150
person 0.0010 233 99 249 119
bicycle 0.3770 68 223 80 238
bicycle 0.1166 65 221 74 236
bicycle 0.0438 59 222 72 237
bicycle 0.0125 58 222 65 237
bicycle 0.0019 72 222 93 237
bicycle 0.0012 73 230 80 238
bicycle 0.0010 68 230 78 238
car 0.0024 86 202 93 209
bus 0.9718 98 65 355 296
