person 0.9044 42 51 307 368
person 0.0412 0 68 36 98
person 0.0115 485 213 500 262
person 0.0104 0 64 35 331
person 0.0043 0 96 7 122
person 0.0043 -1 77 63 360
person 0.0011 0 85 14 122
bird 0.0036 433 112 441 122
bird 0.0010 107 200 118 215
bird 0.0010 434 39 442 49
bird 0.0010 433 76 442 85
bottle 0.0035 56 18 69 76
bottle 0.0011 56 17 66 56
chair 0.5981 72 221 188 372
chair 0.3259 398 213 499 373
chair 0.2611 0 274 148 371
chair 0.0930 0 273 21 372
chair 0.0046 0 273 61 372
chair 0.0030 1 230 71 336
chair 0.0024 62 296 118 358
chair 0.0022 293 321 418 373
chair 0.0010 227 328 248 360
sofa 0.8070 399 214 499 371
sofa 0.4347 0 274 148 371
sofa 0.2726 73 221 188 372
sofa 0.1677 0 273 21 372
sofa 0.1020 74 220 415 372
sofa 0.0039 227 328 249 361
sofa 0.0034 294 321 418 374
sofa 0.0033 399 295 499 372
sofa 0.0032 0 273 61 372
sofa 0.0013 224 327 255 373
diningtable 0.0145 293 311 417 373
diningtable 0.0099 10 337 147 373
diningtable 0.0044 0 272 92 371
diningtable 0.0024 287 269 388 322
