person 0.8428 49 20 111 81
person 0.8400 18 32 68 82
person 0.8030 367 27 405 63
person 0.7972 132 29 171 79
person 0.7715 441 40 475 116
person 0.7680 110 28 142 79
person 0.7635 471 22 499 141
person 0.6275 164 34 185 63
person 0.6010 0 16 18 82
person 0.5714 346 33 361 55
person 0.5705 358 36 373 55
person 0.5060 202 39 221 58
person 0.3273 420 63 441 96
person 0.2977 0 17 19 176
person 0.2500 322 40 338 53
person 0.2438 417 40 443 87
person 0.2198 194 43 205 59
person 0.1723 424 38 443 61
person 0.1335 184 48 195 61
person 0.0966 110 38 123 54
person 0.0951 420 63 436 86
person 0.0778 97 38 121 80
person 0.0413 431 39 452 97
person 0.0392 305 42 313 59
person 0.0350 107 37 118 54
person 0.0333 393 51 412 65
person 0.0250 442 61 463 116
person 0.0215 418 62 444 119
person 0.0212 424 48 434 58
person 0.0203 156 39 171 54
person 0.0191 461 41 500 356
person 0.0186 404 53 412 65
person 0.0182 431 37 454 67
person 0.0178 310 43 321 54
person 0.0154 394 35 452 94
person 0.0128 303 41 317 57
person 0.0123 0 49 18 82
person 0.0121 0 16 16 53
person 0.0090 461 202 499 357
person 0.0066 466 77 481 117
person 0.0050 131 38 142 56
person 0.0048 20 33 68 127
person 0.0046 297 42 312 57
person 0.0043 432 40 445 73
person 0.0040 183 37 200 61
person 0.0036 296 21 307 36
person 0.0035 440 43 454 99
person 0.0033 365 27 411 97
person 0.0029 410 40 499 353
person 0.0028 292 41 316 54
person 0.0028 135 33 143 54
person 0.0025 0 52 18 136
person 0.0024 110 27 143 130
person 0.0024 408 -1 518 231
person 0.0024 490 104 499 149
person 0.0023 47 22 114 132
person 0.0022 115 35 124 52
person 0.0021 363 36 373 44
person 0.0019 0 20 56 195
person 0.0019 392 47 413 81
person 0.0018 132 26 172 128
person 0.0013 328 41 344 53
person 0.0013 354 33 377 94
person 0.0013 420 64 432 78
person 0.0012 441 39 455 63
person 0.0011 95 62 104 79
person 0.0011 472 22 499 71
bicycle 0.0050 462 86 481 118
bicycle 0.0035 470 85 482 116
car 0.8749 0 48 495 353
car 0.4593 390 35 455 63
car 0.1493 274 31 338 53
car 0.0308 422 203 499 357
car 0.0233 0 173 9 206
car 0.0232 0 133 19 206
car 0.0202 0 254 497 353
car 0.0163 271 33 450 65
car 0.0130 470 88 499 147
car 0.0104 387 32 466 85
car 0.0097 31 16 67 37
car 0.0069 468 92 499 219
car 0.0068 323 200 499 370
car 0.0066 275 38 355 60
car 0.0055 211 37 237 50
car 0.0055 149 53 321 142
car 0.0047 152 50 500 249
car 0.0044 160 30 353 66
car 0.0041 201 39 223 58
car 0.0039 427 37 454 66
car 0.0034 392 36 453 50
car 0.0026 0 166 13 219
car 0.0019 155 22 194 43
car 0.0015 11 50 32 64
car 0.0012 154 53 328 79
car 0.0010 273 34 311 53
motorbike 0.0035 470 38 499 162
motorbike 0.0015 472 87 499 133
chair 0.0043 25 66 49 82
tvmonitor 0.0017 0 0 32 45
