person 0.9683 42 9 349 312
boat 0.0013 237 1 356 146
boat 0.0010 236 89 354 168
bottle 0.9442 239 307 326 498
bottle 0.9383 111 204 168 427
bottle 0.9093 0 189 46 379
bottle 0.6438 0 310 19 405
bottle 0.0013 0 311 15 347
chair 0.5502 0 171 95 297
chair 0.2420 285 162 361 307
chair 0.0047 8 188 66 378
chair 0.0021 237 140 354 254
chair 0.0020 44 151 365 297
chair 0.0015 285 162 357 230
chair 0.0012 0 171 181 303
pottedplant 0.0026 237 1 355 148
diningtable 0.7668 0 304 375 499
diningtable 0.0633 34 152 359 310
diningtable 0.0106 -6 184 379 454
diningtable 0.0045 6 265 367 366
diningtable 0.0039 -3 210 372 334
diningtable 0.0013 306 310 374 498
diningtable 0.0010 240 141 356 167
