person 0.8919 42 134 72 190
person 0.8870 87 131 117 168
person 0.8071 120 137 136 159
person 0.6153 228 131 256 157
person 0.4952 3 136 13 166
person 0.4630 0 139 11 205
person 0.4598 75 139 83 151
person 0.4054 86 137 95 149
person 0.1808 257 121 279 156
person 0.1774 85 137 95 166
person 0.0377 81 147 89 163
person 0.0247 81 147 89 156
person 0.0242 209 130 257 164
person 0.0208 29 156 40 168
person 0.0191 12 139 54 153
person 0.0158 32 140 41 147
person 0.0108 206 136 226 166
person 0.0089 10 139 44 164
person 0.0076 74 143 90 170
person 0.0076 0 136 39 205
person 0.0074 22 140 41 149
person 0.0062 2 150 13 174
person 0.0059 0 144 8 164
person 0.0058 0 173 10 206
person 0.0054 31 139 45 148
person 0.0053 28 139 38 147
person 0.0053 95 131 103 142
person 0.0052 227 122 278 159
person 0.0051 26 156 36 170
person 0.0043 3 136 12 151
person 0.0042 0 150 7 178
person 0.0040 101 133 112 149
person 0.0037 255 121 299 157
person 0.0037 67 140 77 150
person 0.0037 51 137 58 147
person 0.0034 29 153 45 169
person 0.0032 76 139 89 151
person 0.0030 95 131 107 145
person 0.0030 49 141 55 147
person 0.0024 266 121 277 134
person 0.0023 42 141 54 147
person 0.0018 92 131 113 148
person 0.0017 13 139 35 152
person 0.0015 86 63 109 111
person 0.0013 49 135 70 149
person 0.0011 53 135 65 147
person 0.0011 61 136 75 151
person 0.0010 61 136 69 148
car 0.9191 4 83 493 301
car 0.9129 2 146 91 214
car 0.0456 5 146 87 173
car 0.0349 11 139 54 163
car 0.0175 1 232 499 371
car 0.0098 13 139 42 154
car 0.0088 2 201 497 300
car 0.0079 37 145 89 181
car 0.0055 10 139 87 159
car 0.0023 459 16 499 243
car 0.0016 3 80 493 188
car 0.0013 66 147 90 176
car 0.0010 3 137 34 168
chair 0.0016 16 47 31 67
tvmonitor 0.0077 17 48 31 67
