person 0.0039 309 178 356 250
bird 0.0011 309 179 356 250
bottle 0.0510 18 186 49 254
pottedplant 0.9294 5 21 170 259
pottedplant 0.8696 330 121 499 280
pottedplant 0.8024 177 120 325 271
pottedplant 0.6005 134 209 222 262
pottedplant 0.0191 57 198 132 258
pottedplant 0.0089 8 21 130 144
pottedplant 0.0076 453 122 499 281
pottedplant 0.0040 479 121 499 223
pottedplant 0.0025 427 171 500 282
pottedplant 0.0023 432 223 500 285
pottedplant 0.0021 310 178 359 262
pottedplant 0.0019 384 223 434 272
pottedplant 0.0018 69 89 168 176
pottedplant 0.0015 49 151 137 260
pottedplant 0.0014 464 230 499 287
diningtable 0.1491 -2 214 496 336
