person 0.8777 309 227 321 262
person 0.8119 331 229 342 263
person 0.8080 345 239 365 263
person 0.7838 297 231 309 262
person 0.6920 320 229 329 262
person 0.0512 71 233 80 260
person 0.0509 295 228 300 244
person 0.0505 95 235 107 258
person 0.0375 339 230 346 258
person 0.0274 363 243 370 255
person 0.0234 317 226 322 234
person 0.0214 325 229 331 245
person 0.0180 365 242 370 252
person 0.0155 306 232 310 243
person 0.0120 304 231 310 251
person 0.0070 320 248 328 263
person 0.0053 313 226 318 234
person 0.0053 330 230 336 245
person 0.0050 340 230 347 244
person 0.0050 297 230 302 262
person 0.0042 318 230 323 243
person 0.0039 359 239 365 245
person 0.0038 334 232 342 245
person 0.0031 298 232 306 245
person 0.0028 334 229 339 235
person 0.0028 322 229 333 263
person 0.0023 322 227 328 235
person 0.0022 296 227 300 237
person 0.0021 69 231 89 260
person 0.0019 290 227 296 256
person 0.0016 301 226 306 235
person 0.0013 127 218 144 253
person 0.0012 289 228 294 243
person 0.0012 316 225 326 234
person 0.0010 355 239 364 248
person 0.0010 57 240 66 253
train 0.9548 121 153 296 378
train 0.9100 0 158 166 380
train 0.0078 295 223 344 245
train 0.0019 4 158 156 195
train 0.0013 260 179 347 190
