person 0.7735 133 141 194 278
person 0.2557 127 161 201 225
person 0.0175 198 161 211 181
person 0.0149 101 159 111 181
person 0.0068 194 149 211 182
person 0.0037 11 354 43 403
person 0.0026 302 208 313 233
bicycle 0.9272 118 216 215 315
bicycle 0.0039 176 215 215 308
bicycle 0.0021 366 216 380 262
bicycle 0.0018 107 241 142 302
bicycle 0.0016 118 231 169 314
bicycle 0.0013 480 226 499 316
bicycle 0.0010 107 242 153 273
car 0.9321 202 173 285 214
car 0.7877 67 170 201 217
car 0.7747 270 164 403 261
car 0.6882 0 178 29 222
car 0.3741 171 173 203 215
car 0.1950 0 197 9 223
car 0.0540 380 203 404 246
car 0.0394 351 173 404 261
car 0.0363 199 177 230 195
car 0.0307 269 165 352 232
car 0.0194 366 201 403 262
car 0.0069 0 195 19 223
car 0.0058 1 174 43 200
car 0.0026 377 175 404 258
car 0.0017 274 169 288 176
car 0.0017 140 171 203 215
car 0.0015 65 162 203 261
car 0.0015 0 207 6 223
car 0.0010 298 164 345 174
car 0.0010 269 166 313 228
bird 0.0018 235 17 250 33
pottedplant 0.0343 227 211 382 334
pottedplant 0.0042 0 152 20 175
pottedplant 0.0039 0 151 41 204
pottedplant 0.0015 364 2 499 334
pottedplant 0.0014 0 150 45 175
pottedplant 0.0010 28 193 47 207
