person 0.8436 174 136 278 412
person 0.8179 231 140 284 340
person 0.2589 285 215 319 245
person 0.2274 283 215 320 273
person 0.0401 152 105 163 118
person 0.0239 184 135 228 194
person 0.0118 184 138 261 243
person 0.0113 252 169 283 358
person 0.0042 289 213 310 236
person 0.0037 281 227 292 248
person 0.0032 311 221 331 281
person 0.0029 52 143 81 164
person 0.0026 307 227 321 240
person 0.0022 233 0 292 40
person 0.0021 281 225 292 268
person 0.0020 268 223 283 255
person 0.0016 100 117 280 450
person 0.0012 273 222 289 273
person 0.0012 149 106 167 137
person 0.0012 159 105 165 117
person 0.0011 282 230 289 257
person 0.0011 256 232 283 339
bicycle 0.0271 292 130 331 183
car 0.0027 307 227 321 240
car 0.0016 309 222 331 280
motorbike 0.9203 0 167 250 498
motorbike 0.6757 282 234 327 300
motorbike 0.3971 291 128 331 183
motorbike 0.0420 313 240 331 284
motorbike 0.0044 284 232 321 272
cat 0.0011 214 191 243 213
dog 0.0023 215 183 260 243
dog 0.0023 215 191 243 213
pottedplant 0.0089 100 10 152 72
