person 0.0030 487 288 499 372
person 0.0011 491 287 499 341
bird 0.0046 103 103 118 116
bird 0.0022 111 148 126 162
bird 0.0012 97 60 110 74
bird 0.0012 74 160 86 172
dog 0.0055 164 144 193 176
dog 0.0036 85 162 123 197
dog 0.0010 153 63 184 94
horse 0.0407 85 162 124 198
horse 0.0357 68 73 107 111
horse 0.0233 164 144 194 176
horse 0.0132 152 62 185 95
bottle 0.0090 268 49 282 81
chair 0.0578 436 331 499 374
chair 0.0101 436 289 500 373
sofa 0.9592 54 185 323 371
sofa 0.0538 436 330 499 374
sofa 0.0274 436 288 500 372
sofa 0.0054 496 286 499 308
sofa 0.0015 491 284 499 336
pottedplant 0.0029 219 143 240 158
diningtable 0.1974 222 316 409 373
diningtable 0.0099 0 312 42 372
diningtable 0.0012 76 314 441 373
