person 0.0151 0 0 200 130
person 0.0126 0 0 59 125
person 0.0013 0 6 88 196
cat 0.6404 11 20 397 336
cat 0.0898 28 30 156 144
cat 0.0288 17 140 330 253
cat 0.0281 0 88 59 196
cat 0.0098 18 11 401 157
cat 0.0041 5 25 166 219
cat 0.0039 0 88 106 228
cat 0.0034 0 7 71 195
cat 0.0024 22 29 292 230
cat 0.0011 127 65 397 228
dog 0.0015 0 87 50 196
chair 0.0020 191 0 399 85
chair 0.0014 128 0 201 88
chair 0.0012 52 0 201 86
sofa 0.0504 2 138 397 340
sofa 0.0392 22 0 399 93
sofa 0.0064 34 0 200 92
sofa 0.0042 5 13 402 151
sofa 0.0015 126 -18 398 328
sofa 0.0015 0 6 208 215
sofa 0.0014 129 0 198 88
sofa 0.0013 130 35 400 120
sofa 0.0010 0 12 321 326
