bird 0.0014 66 67 79 80
sheep 0.9224 91 166 227 299
sheep 0.3955 212 207 403 341
sheep 0.0416 220 309 449 373
sheep 0.0270 90 164 400 339
sheep 0.0179 480 175 500 233
sheep 0.0150 478 174 500 293
sheep 0.0111 222 309 338 373
sheep 0.0035 489 179 499 237
sheep 0.0032 481 173 500 196
sheep 0.0024 91 219 146 280
sheep 0.0015 493 187 499 218
sheep 0.0012 440 175 499 293
sheep 0.0010 0 190 91 296
cow 0.6985 222 309 461 373
cow 0.5959 213 207 404 341
cow 0.0957 316 325 463 373
cow 0.0445 480 174 499 232
cow 0.0220 480 175 499 291
cow 0.0084 456 172 499 234
cow 0.0072 360 283 418 332
cow 0.0064 434 172 499 296
cow 0.0049 462 173 499 328
cow 0.0046 217 184 498 364
cow 0.0039 481 174 499 201
cow 0.0031 443 227 500 370
cow 0.0025 357 285 453 345
cow 0.0015 421 154 499 238
cow 0.0014 386 174 500 368
cow 0.0012 421 326 499 372
cow 0.0012 84 166 227 297
