person 0.9643 433 166 499 317
person 0.9495 256 171 342 320
person 0.9425 366 176 417 306
person 0.9356 320 183 369 298
person 0.9263 194 189 237 274
person 0.8839 127 199 152 267
person 0.8320 101 195 122 257
person 0.8240 85 205 105 257
person 0.6615 143 197 161 254
person 0.3136 97 192 107 206
person 0.1804 88 196 98 207
person 0.0511 87 195 99 218
person 0.0483 143 196 161 222
person 0.0155 101 195 121 220
person 0.0121 104 193 115 205
person 0.0052 97 192 106 219
person 0.0023 81 200 91 233
person 0.0022 142 197 152 211
person 0.0020 143 196 152 204
person 0.0013 495 217 500 238
person 0.0012 281 181 379 299
car 0.0224 259 167 285 190
car 0.0134 271 173 285 189
car 0.0016 259 168 272 190
car 0.0013 495 217 500 227
bus 0.0053 259 166 285 190
bus 0.0047 259 161 312 193
train 0.0010 231 164 285 192
bottle 0.0295 431 250 442 271
