person 0.6034 377 56 426 119
person 0.2492 337 62 359 85
person 0.0381 293 70 310 79
person 0.0258 336 62 376 95
person 0.0140 291 59 318 79
person 0.0081 485 49 499 123
person 0.0079 374 52 402 96
person 0.0056 307 67 318 80
person 0.0054 444 70 465 115
person 0.0048 378 70 404 100
person 0.0048 326 58 425 118
person 0.0034 444 78 467 138
person 0.0033 377 58 428 180
person 0.0033 291 56 333 84
person 0.0025 488 91 499 119
person 0.0024 448 87 466 118
person 0.0022 306 59 322 81
person 0.0021 491 125 499 188
person 0.0020 377 60 393 93
person 0.0015 296 68 317 80
person 0.0014 378 59 389 75
person 0.0012 446 116 467 140
person 0.0011 299 58 363 86
person 0.0010 489 93 499 168
car 0.0047 488 92 500 133
car 0.0022 490 94 499 117
train 0.5774 0 1 498 326
train 0.0916 485 48 499 125
train 0.0622 0 0 498 107
train 0.0072 195 -41 595 293
train 0.0057 1 246 497 324
train 0.0041 481 47 500 171
train 0.0030 488 80 499 183
train 0.0016 490 124 499 190
