person 0.9248 0 127 122 334
person 0.8696 310 150 363 244
person 0.8556 466 159 499 270
person 0.8465 390 148 425 260
person 0.8122 440 160 472 266
person 0.7644 207 168 244 227
person 0.7440 241 161 260 230
person 0.6726 288 167 324 243
person 0.5939 267 161 300 234
person 0.5906 362 151 386 250
person 0.4031 262 165 281 232
person 0.3863 374 149 400 255
person 0.3663 201 170 218 210
person 0.3532 335 70 365 121
person 0.2918 104 179 114 207
person 0.2772 361 67 382 121
person 0.2453 191 173 202 197
person 0.2384 374 60 396 115
person 0.1809 90 180 100 204
person 0.1639 113 179 122 203
person 0.1527 143 191 153 203
person 0.0966 87 181 94 203
person 0.0899 375 60 395 89
person 0.0879 387 58 412 87
person 0.0860 257 166 270 227
person 0.0773 185 174 194 189
person 0.0744 98 178 106 205
person 0.0673 227 166 242 183
person 0.0606 120 177 129 197
person 0.0486 82 181 90 201
person 0.0385 376 149 396 181
person 0.0349 79 181 85 201
person 0.0276 128 174 137 186
person 0.0236 77 183 83 201
person 0.0189 261 166 277 197
person 0.0146 139 189 150 203
person 0.0139 163 190 180 203
person 0.0125 350 71 367 119
person 0.0111 121 177 127 186
person 0.0104 365 66 381 93
person 0.0104 150 190 166 203
person 0.0081 479 183 499 270
person 0.0080 112 178 120 187
person 0.0071 146 189 159 203
person 0.0071 374 149 395 207
person 0.0071 466 159 499 209
person 0.0057 158 191 173 203
person 0.0057 125 176 137 201
person 0.0050 391 68 409 93
person 0.0048 487 245 500 272
person 0.0047 269 163 277 179
person 0.0047 307 165 322 204
person 0.0046 363 152 383 212
person 0.0042 93 181 100 196
person 0.0040 296 172 309 209
person 0.0040 386 61 412 109
person 0.0037 352 160 369 231
person 0.0035 327 166 341 225
person 0.0031 73 182 82 211
person 0.0030 294 165 307 229
person 0.0030 272 163 283 181
person 0.0028 127 176 134 186
person 0.0025 331 160 359 245
person 0.0023 307 165 319 180
person 0.0022 113 177 124 228
person 0.0022 249 160 262 175
person 0.0022 1 268 114 336
person 0.0022 145 184 196 204
person 0.0021 183 173 200 202
person 0.0021 374 61 384 76
person 0.0021 100 177 106 186
person 0.0020 0 127 78 279
person 0.0020 334 89 348 122
person 0.0016 74 189 80 212
person 0.0016 274 168 284 186
person 0.0016 301 173 311 186
person 0.0015 321 168 336 227
person 0.0013 202 170 210 184
person 0.0013 70 181 79 212
person 0.0012 105 178 111 186
person 0.0012 88 178 95 185
person 0.0011 81 179 88 186
person 0.0011 184 64 189 73
person 0.0010 252 164 262 179
person 0.0010 301 173 312 199
person 0.0010 261 166 273 184
bicycle 0.0079 272 191 286 233
bicycle 0.0064 81 188 88 202
bicycle 0.0037 87 185 93 202
bicycle 0.0016 265 191 282 233
bicycle 0.0013 265 169 300 236
car 0.9323 116 182 222 251
car 0.0015 131 177 151 186
pottedplant 0.0493 416 128 459 234
