chair 0.9559 250 227 318 331
chair 0.9097 341 195 407 294
chair 0.8021 240 191 269 280
chair 0.0968 241 191 268 232
chair 0.0245 241 191 253 283
chair 0.0084 372 196 407 282
chair 0.0052 344 233 396 293
chair 0.0025 373 196 407 235
chair 0.0019 386 176 438 249
chair 0.0013 313 162 335 180
chair 0.0010 240 195 251 232
diningtable 0.8439 262 209 389 310
diningtable 0.3373 263 209 389 249
diningtable 0.0020 234 194 422 255
tvmonitor 0.0482 1 159 52 243
tvmonitor 0.0052 296 94 368 207
tvmonitor 0.0012 490 262 499 332
