person 0.6067 164 238 171 256
person 0.1480 253 185 256 192
person 0.1433 353 200 357 208
person 0.0928 268 193 274 198
person 0.0678 222 231 228 239
person 0.0503 96 216 104 237
person 0.0473 138 216 143 226
person 0.0363 97 217 103 229
person 0.0355 320 184 325 191
person 0.0349 132 217 141 230
person 0.0214 207 228 211 239
person 0.0208 222 231 230 248
person 0.0188 326 186 332 195
person 0.0136 258 184 263 190
person 0.0098 294 173 300 180
person 0.0087 0 246 3 254
person 0.0086 212 231 230 248
person 0.0062 102 215 109 226
person 0.0061 256 216 263 225
person 0.0037 97 223 103 239
person 0.0035 259 276 269 290
person 0.0028 250 217 258 232
person 0.0028 143 218 147 227
person 0.0025 225 227 231 237
person 0.0024 246 195 256 200
person 0.0023 250 218 257 225
person 0.0022 134 215 154 235
person 0.0019 280 211 286 218
person 0.0019 242 217 249 224
person 0.0017 332 167 336 174
person 0.0016 219 226 225 237
person 0.0015 222 238 229 250
person 0.0014 260 215 266 223
person 0.0014 88 222 95 230
person 0.0014 350 200 358 212
person 0.0013 89 218 103 240
person 0.0012 263 214 269 222
person 0.0012 315 207 320 217
person 0.0011 213 231 221 239
person 0.0011 131 214 140 222
person 0.0010 269 214 275 221
person 0.0010 252 184 257 193
bicycle 0.0244 132 218 156 238
bicycle 0.0175 143 222 156 238
car 0.8579 315 206 332 219
car 0.7802 189 212 213 224
car 0.7418 339 212 365 234
car 0.7311 331 207 346 217
car 0.6954 297 182 309 193
car 0.6443 276 181 286 190
car 0.2246 261 172 269 180
car 0.2139 306 175 316 183
car 0.1918 259 183 265 188
car 0.1188 298 176 309 183
car 0.1144 267 191 275 198
car 0.0975 70 223 91 231
car 0.0846 49 223 64 231
car 0.0620 288 175 294 181
car 0.0540 246 196 256 200
car 0.0476 265 182 272 187
car 0.0280 262 183 267 188
car 0.0280 133 210 153 218
car 0.0256 298 179 310 185
car 0.0251 253 184 257 191
car 0.0231 328 186 336 194
car 0.0189 131 216 155 238
car 0.0166 47 222 94 231
car 0.0152 326 189 333 195
car 0.0147 321 181 328 190
car 0.0145 246 182 251 187
car 0.0141 241 186 248 190
car 0.0121 163 175 179 183
car 0.0120 269 171 274 178
car 0.0114 339 210 358 220
car 0.0109 269 173 274 182
car 0.0105 321 175 329 182
car 0.0100 329 185 339 192
car 0.0092 211 235 232 249
car 0.0091 37 222 51 228
car 0.0083 334 186 339 192
car 0.0082 275 178 282 184
car 0.0079 287 171 293 180
car 0.0064 258 178 264 183
car 0.0058 88 208 156 239
car 0.0051 262 182 275 190
car 0.0046 170 176 179 182
car 0.0045 286 177 292 182
car 0.0042 159 178 164 184
car 0.0042 191 189 199 197
car 0.0041 88 222 98 232
car 0.0040 222 187 228 194
car 0.0039 240 186 246 192
car 0.0038 246 177 251 184
car 0.0038 324 164 333 169
car 0.0038 315 207 320 216
car 0.0037 240 182 246 188
car 0.0037 251 176 257 182
car 0.0035 321 169 330 176
car 0.0035 256 191 263 199
car 0.0032 323 189 334 196
car 0.0031 330 190 335 195
car 0.0028 154 178 159 185
car 0.0027 170 213 176 218
car 0.0027 157 177 165 185
car 0.0027 220 192 229 201
car 0.0026 229 184 239 192
car 0.0025 241 194 257 201
car 0.0025 232 183 239 189
car 0.0021 189 213 197 221
car 0.0019 282 177 287 182
car 0.0019 87 223 101 239
car 0.0018 211 236 222 246
car 0.0016 340 182 346 188
car 0.0015 273 168 279 174
car 0.0015 68 223 101 239
car 0.0012 319 168 328 173
car 0.0012 222 184 227 190
car 0.0012 338 212 350 228
car 0.0011 205 232 212 240
car 0.0011 190 187 199 194
car 0.0010 221 190 258 203
car 0.0010 212 230 222 239
car 0.0010 241 185 255 191
car 0.0010 182 209 196 214
car 0.0010 327 165 337 171
car 0.0010 258 169 263 175
car 0.0010 212 231 252 249
motorbike 0.0054 212 232 230 249
motorbike 0.0014 205 229 213 240
bus 0.9374 211 196 299 248
bus 0.0068 294 169 300 179
bus 0.0050 304 172 317 182
bus 0.0010 356 193 374 222
boat 0.3910 0 249 105 499
boat 0.0176 1 260 367 498
boat 0.0033 34 195 107 228
