person 0.9529 251 108 470 329
person 0.9319 81 56 278 328
person 0.0246 81 65 476 329
person 0.0036 481 39 500 55
person 0.0032 413 294 471 331
person 0.0012 400 249 424 307
bottle 0.5115 445 262 460 300
bottle 0.3881 64 133 79 155
bottle 0.2834 77 125 93 141
bottle 0.2522 77 141 90 155
bottle 0.2017 89 140 102 155
bottle 0.1841 83 119 94 130
bottle 0.1765 89 126 103 140
bottle 0.1581 89 125 114 155
bottle 0.1402 69 134 89 155
bottle 0.1341 100 133 114 155
bottle 0.1312 79 119 95 138
bottle 0.1181 77 131 102 154
bottle 0.0720 91 123 110 139
bottle 0.0351 100 122 109 133
bottle 0.0283 112 134 118 155
bottle 0.0266 78 128 101 144
bottle 0.0209 71 119 115 154
bottle 0.0198 69 131 91 143
bottle 0.0125 458 279 471 296
bottle 0.0118 69 122 79 133
bottle 0.0109 101 143 112 155
bottle 0.0095 467 304 477 332
bottle 0.0077 100 122 113 138
bottle 0.0057 77 128 88 139
bottle 0.0054 115 134 130 155
bottle 0.0045 68 126 78 137
bottle 0.0016 76 119 95 153
bottle 0.0014 466 303 497 332
bottle 0.0011 447 262 459 278
bottle 0.0011 445 278 456 297
chair 0.0062 467 303 499 332
chair 0.0043 468 250 499 263
sofa 0.0019 46 236 484 327
pottedplant 0.3576 466 251 500 305
pottedplant 0.2797 370 207 422 265
pottedplant 0.2114 409 140 458 217
pottedplant 0.0393 369 208 438 309
pottedplant 0.0073 409 141 459 176
pottedplant 0.0036 481 39 499 56
pottedplant 0.0029 469 250 500 271
pottedplant 0.0024 437 248 499 319
pottedplant 0.0020 381 196 410 217
pottedplant 0.0016 493 270 500 296
pottedplant 0.0015 466 271 499 329
pottedplant 0.0012 401 240 414 251
diningtable 0.0245 416 285 499 331
diningtable 0.0060 468 293 500 331
diningtable 0.0051 467 290 499 308
diningtable 0.0016 399 238 483 331
diningtable 0.0011 437 260 499 317
