person 0.1636 272 94 304 129
person 0.0876 282 27 322 61
person 0.0475 244 20 285 50
person 0.0467 175 31 208 61
person 0.0215 264 23 288 51
person 0.0144 353 141 372 157
person 0.0144 208 8 244 37
person 0.0075 466 112 499 162
person 0.0072 307 33 323 61
person 0.0062 245 25 273 68
person 0.0055 225 12 244 39
person 0.0055 461 114 480 157
person 0.0053 429 108 449 141
person 0.0051 265 94 283 125
person 0.0049 241 16 270 44
person 0.0037 425 109 441 140
person 0.0031 482 120 499 164
person 0.0030 334 46 360 73
person 0.0029 319 109 349 140
person 0.0027 438 111 473 154
person 0.0025 259 22 283 43
person 0.0025 163 26 181 57
person 0.0023 254 24 287 71
person 0.0021 246 23 320 64
person 0.0021 320 40 358 72
person 0.0021 137 19 178 56
person 0.0021 280 28 304 57
person 0.0020 206 16 236 56
person 0.0020 416 101 447 140
person 0.0019 483 96 499 138
person 0.0018 205 27 226 60
person 0.0018 274 94 337 147
person 0.0016 169 0 210 28
person 0.0015 467 94 499 139
person 0.0014 262 23 282 35
person 0.0014 484 116 500 136
person 0.0014 219 12 248 59
person 0.0013 204 22 261 66
person 0.0013 275 26 290 50
person 0.0012 206 46 228 67
person 0.0011 284 94 304 118
person 0.0011 401 63 439 98
person 0.0010 210 16 232 36
person 0.0010 189 1 245 38
car 0.8262 80 28 496 273
car 0.0312 484 225 500 272
car 0.0075 470 87 499 116
car 0.0043 462 111 499 162
car 0.0033 482 120 499 165
car 0.0026 484 119 500 138
car 0.0021 484 245 499 269
car 0.0018 2 0 53 20
car 0.0015 435 73 474 109
car 0.0014 469 133 499 164
car 0.0012 391 61 439 98
car 0.0012 467 111 499 136
car 0.0010 491 136 499 164
bus 0.3730 84 0 498 155
bus 0.0454 84 55 498 278
bus 0.0127 93 0 292 66
bus 0.0040 270 39 499 166
bus 0.0019 393 61 472 109
bus 0.0015 171 0 244 37
bus 0.0013 470 89 499 120
bus 0.0011 6 166 500 295
bus 0.0011 204 2 280 65
train 0.0117 155 0 497 156
