person 0.8400 122 84 333 371
person 0.8030 0 37 171 371
person 0.5838 130 23 499 370
person 0.1632 475 127 499 154
person 0.0207 311 82 498 369
person 0.0029 176 88 327 276
person 0.0028 475 121 499 295
person 0.0028 132 159 311 220
person 0.0025 476 84 499 155
person 0.0015 454 118 499 317
person 0.0010 448 126 499 154
bottle 0.6497 203 294 288 361
chair 0.0496 475 127 499 153
chair 0.0163 298 162 345 192
chair 0.0027 323 311 354 357
chair 0.0015 130 161 225 276
chair 0.0014 140 154 316 229
chair 0.0011 191 156 340 201
chair 0.0011 131 162 224 210
chair 0.0010 0 152 21 210
sofa 0.4460 -13 150 518 371
sofa 0.1729 138 157 342 208
sofa 0.0594 109 120 340 370
sofa 0.0420 298 162 345 193
sofa 0.0358 131 131 341 259
sofa 0.0240 137 162 225 210
sofa 0.0089 211 128 497 363
sofa 0.0073 0 159 237 369
sofa 0.0058 476 127 499 154
sofa 0.0036 131 161 225 274
sofa 0.0029 50 159 298 212
sofa 0.0021 295 159 384 193
sofa 0.0018 -7 273 493 386
sofa 0.0013 249 162 345 194
sofa 0.0010 106 121 378 207
