bird 0.7821 298 225 393 277
bird 0.7150 326 141 410 188
bird 0.0153 336 265 403 280
bird 0.0045 332 266 390 316
bird 0.0041 295 232 404 311
bird 0.0028 379 266 402 279
bottle 0.8945 221 4 288 270
bottle 0.8484 127 17 203 274
bottle 0.8056 195 186 270 324
bottle 0.8020 105 183 181 323
bottle 0.7275 30 65 116 296
bottle 0.6394 288 8 371 219
bottle 0.5666 0 165 17 326
bottle 0.0888 306 9 371 137
bottle 0.0062 278 15 409 353
bottle 0.0057 0 160 9 236
bottle 0.0023 0 107 14 289
bottle 0.0015 0 243 17 329
bottle 0.0010 279 1 326 215
bottle 0.0010 0 68 23 321
pottedplant 0.0060 126 1 203 177
pottedplant 0.0011 128 1 177 31
diningtable 0.0498 10 88 439 370
diningtable 0.0323 0 239 433 370
diningtable 0.0011 37 34 395 269
