person 0.9417 0 138 77 373
person 0.8523 98 121 154 293
person 0.7998 219 124 311 400
person 0.2437 224 127 264 169
person 0.0283 88 126 118 211
person 0.0227 94 128 117 172
person 0.0200 303 196 331 267
person 0.0156 88 117 316 417
person 0.0147 92 127 119 288
person 0.0130 282 185 312 252
person 0.0103 48 157 79 207
person 0.0098 97 127 115 151
person 0.0096 308 183 316 205
person 0.0062 189 96 198 107
person 0.0059 132 153 159 187
person 0.0054 278 173 330 266
person 0.0049 132 128 159 184
person 0.0045 74 131 109 206
person 0.0043 205 126 274 177
person 0.0034 320 209 331 245
person 0.0030 308 184 320 219
person 0.0030 280 174 310 217
person 0.0026 308 196 327 234
person 0.0025 258 163 312 253
person 0.0019 53 151 113 213
person 0.0018 225 127 285 230
person 0.0017 214 114 283 330
person 0.0017 309 198 322 220
person 0.0017 193 96 201 108
person 0.0016 76 153 100 198
person 0.0016 284 179 323 235
person 0.0015 102 133 156 225
person 0.0014 144 170 156 185
person 0.0014 185 95 201 125
person 0.0012 309 181 326 210
person 0.0011 122 161 153 193
person 0.0011 83 122 161 383
person 0.0010 230 145 254 169
person 0.0010 240 222 311 407
car 0.0127 320 209 331 230
motorbike 0.9061 73 165 315 449
motorbike 0.0197 305 205 331 270
motorbike 0.0167 266 191 329 325
motorbike 0.0093 294 197 331 312
motorbike 0.0032 288 251 329 319
motorbike 0.0017 305 232 331 293
motorbike 0.0010 323 229 331 250
motorbike 0.0010 291 255 321 288
dog 0.0022 121 266 155 286
pottedplant 0.0011 144 13 191 65
