person 0.0161 493 89 500 100
person 0.0022 480 233 498 253
bottle 0.0251 110 47 118 73
chair 0.9171 35 175 101 260
chair 0.8994 399 165 473 249
chair 0.7980 193 137 224 164
chair 0.0369 221 142 235 163
chair 0.0241 212 117 234 142
chair 0.0123 466 165 499 235
chair 0.0080 189 236 217 310
chair 0.0065 168 138 223 165
chair 0.0014 182 136 208 148
chair 0.0014 112 211 132 266
chair 0.0011 36 175 97 220
chair 0.0010 176 146 195 156
pottedplant 0.0022 478 92 489 100
diningtable 0.0037 71 130 294 271
diningtable 0.0023 193 164 293 210
diningtable 0.0013 430 235 499 307
diningtable 0.0011 110 149 243 308
tvmonitor 0.5808 444 144 472 171
tvmonitor 0.4872 470 99 499 168
tvmonitor 0.2953 155 138 178 158
tvmonitor 0.2676 82 139 111 172
tvmonitor 0.0263 221 85 237 116
tvmonitor 0.0220 209 95 225 107
tvmonitor 0.0181 133 143 154 156
tvmonitor 0.0127 466 166 499 233
tvmonitor 0.0074 490 88 500 100
tvmonitor 0.0056 424 131 459 165
tvmonitor 0.0052 481 160 499 168
tvmonitor 0.0037 467 99 499 237
tvmonitor 0.0037 191 119 213 139
tvmonitor 0.0032 123 133 152 154
tvmonitor 0.0016 463 116 475 147
