person 0.6100 139 140 167 164
person 0.1678 127 152 134 161
person 0.0908 183 140 215 160
person 0.0342 162 146 173 157
person 0.0227 127 149 138 161
person 0.0167 180 143 192 161
person 0.0053 119 152 133 161
person 0.0033 125 148 156 163
person 0.0029 139 153 165 164
person 0.0018 150 140 163 151
person 0.0012 164 139 192 163
person 0.0011 121 139 163 162
person 0.0010 194 140 232 160
car 0.9557 82 132 312 222
aeroplane 0.0013 51 71 498 134
train 0.0052 4 70 498 136
dog 0.0023 139 153 165 164
