person 0.9545 304 138 353 280
person 0.9397 349 142 395 291
person 0.9307 257 133 303 236
person 0.0154 428 200 442 213
person 0.0067 415 197 428 214
person 0.0032 449 195 472 213
person 0.0031 442 195 456 213
person 0.0026 137 206 159 224
person 0.0021 419 198 439 216
person 0.0018 395 190 414 215
person 0.0017 445 197 462 214
person 0.0012 430 196 448 213
person 0.0011 445 195 488 217
car 0.9528 93 186 317 326
car 0.9111 350 184 489 304
car 0.0130 390 182 489 203
car 0.0022 349 196 366 264
car 0.0022 34 142 74 171
car 0.0012 454 186 490 206
car 0.0010 391 188 415 209
boat 0.0018 34 142 74 171
dog 0.0024 257 210 272 228
bottle 0.1328 282 173 289 184
bottle 0.0801 318 177 326 194
chair 0.0022 34 142 74 171
