person 0.0104 487 0 499 91
car 0.0032 65 204 88 225
dog 0.8959 318 9 458 260
dog 0.0022 318 6 434 158
chair 0.0022 200 114 368 269
chair 0.0011 200 116 260 253
pottedplant 0.8599 0 101 146 329
pottedplant 0.3472 0 31 87 153
pottedplant 0.1955 201 120 259 188
pottedplant 0.1925 178 5 275 130
pottedplant 0.1149 276 45 329 109
pottedplant 0.1114 210 57 270 130
pottedplant 0.0639 212 1 328 120
pottedplant 0.0422 218 0 289 41
pottedplant 0.0370 0 32 127 200
pottedplant 0.0367 66 172 146 240
pottedplant 0.0268 200 55 265 191
pottedplant 0.0218 0 31 83 92
pottedplant 0.0158 220 0 311 71
pottedplant 0.0152 8 -3 489 308
pottedplant 0.0106 0 121 37 240
pottedplant 0.0073 0 129 18 237
pottedplant 0.0069 0 32 17 108
pottedplant 0.0068 218 87 270 130
pottedplant 0.0066 188 3 339 188
pottedplant 0.0056 272 15 321 63
pottedplant 0.0052 166 0 282 53
pottedplant 0.0050 2 123 64 151
pottedplant 0.0049 207 120 256 139
pottedplant 0.0038 0 37 33 154
pottedplant 0.0036 203 20 263 78
pottedplant 0.0035 0 293 32 332
pottedplant 0.0034 0 119 18 175
pottedplant 0.0034 0 28 85 322
pottedplant 0.0033 0 37 17 177
pottedplant 0.0030 0 216 121 329
pottedplant 0.0029 32 130 62 150
pottedplant 0.0027 25 47 83 93
pottedplant 0.0025 0 266 27 330
pottedplant 0.0024 63 102 121 165
pottedplant 0.0024 0 185 9 244
pottedplant 0.0023 222 0 251 16
pottedplant 0.0022 242 0 309 39
pottedplant 0.0022 218 58 258 105
pottedplant 0.0022 0 33 43 231
pottedplant 0.0018 0 109 33 161
pottedplant 0.0018 2 97 126 172
pottedplant 0.0016 0 197 17 269
pottedplant 0.0012 0 29 13 74
pottedplant 0.0012 0 143 31 302
pottedplant 0.0011 245 51 272 105
pottedplant 0.0010 271 0 322 41
pottedplant 0.0010 0 193 40 324
pottedplant 0.0010 62 106 127 232
pottedplant 0.0010 163 0 215 25
