person 0.2955 90 239 210 361
person 0.2662 160 239 201 341
person 0.1878 97 279 129 359
person 0.1105 161 239 201 289
person 0.1010 167 239 227 365
person 0.0364 177 239 201 278
person 0.0244 100 278 163 359
person 0.0119 112 278 129 352
person 0.0097 157 431 211 499
person 0.0080 213 258 226 277
person 0.0072 175 239 221 283
person 0.0046 115 239 203 294
person 0.0034 183 430 210 497
person 0.0027 75 313 104 353
person 0.0024 149 479 161 491
person 0.0023 125 471 144 499
person 0.0021 187 431 208 453
person 0.0021 95 477 143 499
person 0.0019 139 478 162 499
person 0.0018 136 484 144 499
person 0.0016 194 260 228 283
person 0.0015 222 414 241 432
person 0.0013 110 462 144 499
person 0.0013 173 285 203 365
person 0.0010 148 402 257 500
person 0.0010 189 425 257 499
bicycle 0.0330 0 370 68 408
aeroplane 0.0021 198 406 253 433
aeroplane 0.0010 199 422 227 432
train 0.0168 0 85 331 242
bird 0.0052 191 172 207 185
bird 0.0034 184 431 208 453
dog 0.1166 70 313 105 352
horse 0.8226 90 182 182 360
horse 0.0053 70 311 133 355
horse 0.0037 103 278 175 360
horse 0.0020 70 305 185 358
chair 0.0010 254 383 328 498
