person 0.0401 390 35 396 45
person 0.0362 0 14 5 38
person 0.0185 241 40 246 54
person 0.0175 0 14 5 80
person 0.0150 365 28 383 48
person 0.0138 0 15 8 109
person 0.0113 378 29 388 46
person 0.0073 216 29 221 42
person 0.0058 51 25 72 41
person 0.0053 396 38 403 44
person 0.0043 411 33 422 43
person 0.0037 0 19 4 59
person 0.0030 494 37 499 44
person 0.0027 42 23 51 37
person 0.0025 367 36 374 49
person 0.0022 280 32 290 46
person 0.0021 262 30 270 41
person 0.0020 38 22 47 37
person 0.0017 0 14 16 120
person 0.0015 256 34 261 45
person 0.0012 333 38 339 49
person 0.0011 462 36 468 45
person 0.0011 483 36 499 86
person 0.0010 336 35 342 49
car 0.8308 79 21 177 48
car 0.8238 1 66 493 363
car 0.7235 61 17 115 42
car 0.5206 162 24 194 41
car 0.4789 47 19 79 37
car 0.4344 0 25 105 120
car 0.3768 469 35 499 86
car 0.3612 299 28 340 47
car 0.3496 370 26 499 90
car 0.2613 347 28 388 45
car 0.2460 299 33 319 47
car 0.2373 226 27 256 45
car 0.1804 408 106 500 240
car 0.1237 469 36 500 58
car 0.1222 470 35 499 46
car 0.1027 48 19 79 28
car 0.0555 49 28 63 39
car 0.0371 152 27 182 39
car 0.0313 2 26 17 36
car 0.0301 364 28 386 48
car 0.0288 322 28 340 45
car 0.0256 303 27 388 46
car 0.0246 3 63 494 152
car 0.0234 72 28 101 45
car 0.0188 226 27 287 48
car 0.0183 437 139 500 229
car 0.0157 0 252 500 363
car 0.0147 260 30 292 49
car 0.0143 210 32 216 42
car 0.0137 281 33 293 47
car 0.0136 55 24 89 42
car 0.0135 377 29 389 45
car 0.0133 200 32 219 43
car 0.0133 401 26 467 45
car 0.0125 486 177 499 240
car 0.0123 151 28 170 37
car 0.0115 45 21 62 37
car 0.0115 85 18 111 28
car 0.0112 226 28 239 44
car 0.0112 225 30 233 43
car 0.0110 199 18 220 43
car 0.0080 274 29 318 47
car 0.0076 210 32 222 43
car 0.0070 0 109 8 121
car 0.0068 435 28 467 45
car 0.0064 0 108 12 125
car 0.0063 63 20 80 27
car 0.0060 0 14 16 34
car 0.0053 439 35 499 88
car 0.0053 2 27 97 55
car 0.0050 320 26 364 46
car 0.0046 342 28 363 43
car 0.0044 325 91 501 240
car 0.0044 42 23 53 38
car 0.0038 179 25 195 41
car 0.0031 251 30 283 52
car 0.0028 485 124 500 239
car 0.0027 164 23 220 42
car 0.0024 243 29 260 46
car 0.0024 0 41 5 112
car 0.0024 0 21 54 40
car 0.0023 215 31 225 43
car 0.0021 262 30 280 45
car 0.0020 52 18 102 28
car 0.0020 294 74 345 106
car 0.0020 289 105 317 116
car 0.0018 0 14 8 38
car 0.0018 31 22 48 37
car 0.0017 481 70 500 88
car 0.0015 494 24 500 33
car 0.0014 320 36 338 49
car 0.0014 42 21 49 28
car 0.0013 93 20 114 31
car 0.0013 252 48 313 72
car 0.0013 14 24 25 32
car 0.0013 199 26 213 43
car 0.0012 247 29 256 44
car 0.0012 149 26 158 34
car 0.0011 152 30 178 48
car 0.0011 491 43 499 66
car 0.0011 494 29 500 35
car 0.0010 486 41 499 87
motorbike 0.0123 408 105 449 139
motorbike 0.0015 414 105 499 157
motorbike 0.0011 481 68 500 88
motorbike 0.0011 271 36 499 241
chair 0.0056 323 88 343 106
chair 0.0023 299 82 344 106
pottedplant 0.0068 322 45 372 71
pottedplant 0.0057 289 54 314 72
pottedplant 0.0012 231 51 244 68
