person 0.6981 0 0 16 53
person 0.6410 410 0 438 40
person 0.0239 240 0 248 14
person 0.0121 392 0 410 11
person 0.0101 385 0 395 20
person 0.0100 0 23 9 53
person 0.0070 212 0 225 31
person 0.0034 0 0 3 7
person 0.0034 414 0 439 21
person 0.0033 211 0 222 19
person 0.0028 239 0 250 32
person 0.0024 0 41 8 54
person 0.0019 387 0 396 12
person 0.0017 412 0 438 10
person 0.0016 442 0 459 10
person 0.0014 0 -2 10 37
person 0.0013 435 0 449 22
person 0.0010 437 0 457 19
car 0.8233 239 0 391 44
car 0.5053 438 0 499 32
car 0.0181 392 0 412 12
car 0.0015 412 0 438 10
car 0.0010 472 0 499 20
motorbike 0.9512 56 62 459 257
motorbike 0.8448 437 3 499 138
motorbike 0.7583 346 5 465 97
motorbike 0.6218 200 23 398 109
motorbike 0.0733 435 0 499 32
motorbike 0.0298 200 19 461 208
motorbike 0.0275 392 0 413 12
motorbike 0.0106 319 62 400 106
motorbike 0.0055 406 0 483 37
motorbike 0.0030 200 33 312 109
motorbike 0.0027 242 2 463 103
motorbike 0.0021 482 18 500 137
chair 0.0016 0 21 12 49
