person 0.9358 275 124 455 369
person 0.9103 8 150 117 350
person 0.8825 64 138 167 296
person 0.8717 116 130 193 245
person 0.8636 280 121 384 274
person 0.7241 460 91 500 160
person 0.5478 441 78 454 97
person 0.2455 446 74 459 95
person 0.0346 443 73 461 108
person 0.0191 460 104 500 138
person 0.0172 464 90 500 224
person 0.0080 419 83 435 109
person 0.0036 423 81 435 100
person 0.0027 494 150 500 166
person 0.0024 424 78 435 90
person 0.0023 439 78 455 112
person 0.0020 488 78 499 94
person 0.0019 492 81 499 94
person 0.0018 441 77 448 85
person 0.0014 319 125 334 168
person 0.0012 477 79 487 104
person 0.0011 493 146 500 186
car 0.0055 422 80 435 91
boat 0.0012 368 46 436 119
bottle 0.6722 207 231 220 290
bottle 0.5825 169 201 187 242
bottle 0.5071 192 248 208 285
bottle 0.4185 139 337 201 374
bottle 0.2388 231 171 241 202
bottle 0.1886 151 337 171 364
bottle 0.1690 269 184 281 225
bottle 0.1409 271 173 279 199
bottle 0.1366 191 223 209 280
bottle 0.0727 241 179 251 205
bottle 0.0643 289 131 305 177
bottle 0.0635 281 186 290 206
bottle 0.0577 414 116 421 131
bottle 0.0561 300 159 309 182
bottle 0.0523 298 137 309 179
bottle 0.0439 289 131 300 159
bottle 0.0435 305 160 311 182
bottle 0.0278 271 185 282 207
bottle 0.0193 290 166 303 197
bottle 0.0191 232 171 241 188
bottle 0.0166 273 166 282 187
bottle 0.0151 298 138 308 160
bottle 0.0101 216 240 225 289
bottle 0.0090 272 170 277 187
bottle 0.0074 296 159 302 177
bottle 0.0061 208 228 216 250
bottle 0.0057 229 186 245 218
bottle 0.0057 248 197 255 211
bottle 0.0040 137 360 198 374
bottle 0.0034 225 171 244 211
bottle 0.0031 171 201 183 224
bottle 0.0028 414 116 425 137
bottle 0.0027 417 123 430 143
bottle 0.0021 221 249 246 282
bottle 0.0018 478 89 484 105
bottle 0.0013 208 229 218 269
chair 0.7866 426 123 498 223
chair 0.7053 409 196 460 372
chair 0.6964 282 238 437 373
chair 0.6001 369 240 434 372
chair 0.5246 0 204 108 373
chair 0.3534 154 134 227 222
chair 0.3491 372 119 410 142
chair 0.2788 370 120 410 186
chair 0.2591 418 110 457 125
chair 0.2073 392 113 415 125
chair 0.1507 277 359 388 374
chair 0.1403 365 143 384 185
chair 0.1353 456 110 477 124
chair 0.1154 461 95 479 109
chair 0.1104 440 95 463 110
chair 0.1026 0 205 32 366
chair 0.0582 0 204 26 225
chair 0.0547 440 96 453 111
chair 0.0421 62 172 94 201
chair 0.0362 465 121 500 224
chair 0.0327 418 110 458 153
chair 0.0295 392 102 410 115
chair 0.0295 449 196 461 220
chair 0.0271 449 94 481 111
chair 0.0266 429 196 461 312
chair 0.0202 449 90 464 110
chair 0.0185 136 336 221 375
chair 0.0159 414 115 423 130
chair 0.0149 397 237 434 352
chair 0.0148 17 194 34 206
chair 0.0144 420 99 435 113
chair 0.0137 0 204 28 244
chair 0.0133 298 138 308 160
chair 0.0107 420 89 434 100
chair 0.0105 374 118 409 128
chair 0.0086 364 130 383 173
chair 0.0083 393 100 435 114
chair 0.0083 370 121 394 174
chair 0.0081 340 332 371 363
chair 0.0080 318 169 334 180
chair 0.0074 314 152 334 179
chair 0.0073 453 89 463 95
chair 0.0068 375 142 390 187
chair 0.0057 400 118 436 148
chair 0.0054 474 156 500 227
chair 0.0052 399 102 409 114
chair 0.0050 341 334 367 350
chair 0.0043 455 111 462 124
chair 0.0041 364 135 377 143
chair 0.0040 492 146 499 224
chair 0.0038 436 109 457 125
chair 0.0034 444 107 480 125
chair 0.0032 463 105 499 160
chair 0.0032 284 194 325 207
chair 0.0028 495 87 500 94
chair 0.0028 475 89 484 105
chair 0.0027 426 124 453 186
chair 0.0027 416 324 435 373
chair 0.0025 0 210 13 295
chair 0.0022 0 191 60 354
chair 0.0021 429 92 436 101
chair 0.0021 394 98 407 111
chair 0.0021 0 204 28 289
chair 0.0020 492 124 499 157
chair 0.0020 362 95 386 119
chair 0.0019 366 124 456 193
chair 0.0019 373 122 389 142
chair 0.0019 420 95 446 113
chair 0.0018 453 97 463 109
chair 0.0018 456 89 467 96
chair 0.0018 330 324 382 365
chair 0.0017 0 339 106 374
chair 0.0017 457 105 492 129
chair 0.0017 373 117 395 123
chair 0.0017 366 139 389 224
chair 0.0017 484 125 499 168
chair 0.0017 59 331 221 375
chair 0.0016 363 129 385 151
chair 0.0016 368 157 385 190
chair 0.0016 0 298 108 373
chair 0.0016 156 135 329 219
chair 0.0016 419 100 429 113
chair 0.0015 103 262 123 297
chair 0.0015 379 164 388 188
chair 0.0014 404 357 418 374
chair 0.0014 278 332 433 374
chair 0.0014 396 276 440 374
chair 0.0014 474 89 481 104
chair 0.0013 486 81 499 96
chair 0.0013 490 127 500 189
chair 0.0013 494 152 500 172
chair 0.0013 14 161 95 205
chair 0.0013 389 114 395 121
chair 0.0012 315 235 348 273
chair 0.0012 362 119 376 137
chair 0.0011 440 89 453 106
chair 0.0011 459 102 481 110
chair 0.0011 321 230 333 246
chair 0.0010 428 96 438 112
chair 0.0010 495 91 500 99
chair 0.0010 156 166 185 190
chair 0.0010 418 111 439 125
chair 0.0010 393 100 403 109
sofa 0.4858 0 205 107 373
sofa 0.0281 155 134 228 221
sofa 0.0157 62 172 94 201
sofa 0.0152 66 149 206 224
sofa 0.0094 16 152 329 360
sofa 0.0026 54 135 319 240
sofa 0.0023 12 161 95 206
sofa 0.0017 58 140 207 314
sofa 0.0016 0 206 36 369
sofa 0.0014 62 164 112 201
sofa 0.0011 13 201 211 371
pottedplant 0.0213 0 69 30 213
pottedplant 0.0112 0 68 26 141
pottedplant 0.0102 0 140 29 207
pottedplant 0.0033 0 4 29 135
pottedplant 0.0022 6 159 93 206
pottedplant 0.0018 0 55 73 210
pottedplant 0.0014 46 88 133 175
pottedplant 0.0012 461 48 480 76
diningtable 0.7668 54 165 327 363
diningtable 0.2226 248 160 332 204
diningtable 0.0419 371 123 437 182
diningtable 0.0408 372 120 439 150
diningtable 0.0333 418 124 435 158
diningtable 0.0313 281 180 332 205
diningtable 0.0306 416 110 457 149
diningtable 0.0301 56 270 317 368
diningtable 0.0139 302 180 330 196
diningtable 0.0137 374 118 409 127
diningtable 0.0130 421 125 435 143
diningtable 0.0110 364 134 379 145
diningtable 0.0109 285 193 330 206
diningtable 0.0093 364 135 382 153
diningtable 0.0092 387 111 455 125
diningtable 0.0085 393 100 436 114
diningtable 0.0084 450 93 480 109
diningtable 0.0081 415 118 435 146
diningtable 0.0071 420 89 434 100
diningtable 0.0064 372 119 411 140
diningtable 0.0061 56 272 160 359
diningtable 0.0055 54 321 138 359
diningtable 0.0046 317 168 334 179
diningtable 0.0033 168 140 335 208
diningtable 0.0026 247 168 335 241
diningtable 0.0024 190 160 331 230
diningtable 0.0020 417 95 448 113
diningtable 0.0019 427 92 456 106
diningtable 0.0017 362 129 387 151
diningtable 0.0016 415 118 494 152
diningtable 0.0016 459 89 499 106
diningtable 0.0015 211 176 326 209
diningtable 0.0014 183 168 330 284
diningtable 0.0011 458 81 482 96
diningtable 0.0011 428 91 439 101
diningtable 0.0010 370 98 415 119
diningtable 0.0010 493 148 499 164
diningtable 0.0010 426 126 438 165
