person 0.5622 76 93 91 126
person 0.0107 80 110 92 128
person 0.0093 78 93 89 108
person 0.0080 250 228 278 352
person 0.0068 256 321 273 348
person 0.0045 84 92 90 105
person 0.0013 49 84 53 94
person 0.0011 256 320 289 348
cow 0.9637 148 215 441 373
cow 0.9230 88 171 433 330
cow 0.0028 248 215 284 349
cow 0.0013 256 320 280 348
bottle 0.0424 177 161 185 172
bottle 0.0016 281 165 298 179
chair 0.6235 64 102 82 128
chair 0.0253 77 94 92 128
chair 0.0142 118 102 127 118
chair 0.0086 63 102 76 117
chair 0.0066 150 95 167 117
chair 0.0045 58 114 71 128
chair 0.0041 59 96 68 107
chair 0.0041 77 104 88 118
chair 0.0037 80 109 92 127
chair 0.0026 59 101 67 116
chair 0.0022 61 92 79 112
chair 0.0021 59 104 68 127
chair 0.0010 12 111 27 130
chair 0.0010 65 117 77 128
pottedplant 0.0255 60 89 88 109
pottedplant 0.0026 61 88 91 127
pottedplant 0.0024 150 95 167 106
pottedplant 0.0021 59 93 70 106
pottedplant 0.0013 117 68 128 118
