person 0.4682 208 179 219 196
person 0.0773 246 182 258 192
person 0.0582 235 182 245 193
person 0.0515 244 183 253 193
person 0.0451 225 182 233 192
person 0.0427 63 184 71 202
person 0.0371 471 182 479 203
person 0.0228 230 182 237 192
person 0.0147 220 180 233 193
person 0.0100 454 199 467 212
person 0.0090 46 191 51 201
person 0.0077 253 184 262 192
person 0.0067 0 189 12 308
person 0.0061 199 187 203 193
person 0.0053 142 181 146 193
person 0.0046 199 179 205 192
person 0.0045 67 184 72 200
person 0.0033 457 185 487 215
person 0.0032 226 181 239 192
person 0.0031 186 181 190 191
person 0.0031 209 179 230 195
person 0.0030 0 193 7 231
person 0.0021 467 182 488 206
person 0.0014 196 181 202 191
person 0.0013 264 182 269 192
bicycle 0.0044 133 195 143 211
car 0.9340 0 192 73 260
car 0.9230 337 189 435 231
car 0.8513 446 193 499 235
car 0.0736 191 175 295 233
car 0.0362 452 197 474 212
car 0.0123 286 195 295 215
car 0.0084 73 185 90 198
car 0.0042 0 193 9 220
car 0.0039 77 220 104 227
car 0.0038 452 193 489 213
car 0.0031 0 215 5 228
car 0.0025 470 181 499 203
car 0.0019 445 199 476 232
car 0.0018 51 192 65 200
car 0.0017 483 193 500 208
car 0.0015 274 194 296 215
car 0.0013 462 199 474 210
car 0.0013 47 193 54 200
car 0.0011 445 191 475 215
car 0.0010 0 220 15 299
