person 0.2037 372 100 420 152
person 0.1558 355 134 374 158
person 0.0813 320 93 337 115
person 0.0703 392 122 422 151
person 0.0681 322 93 336 105
person 0.0623 345 133 371 169
person 0.0354 374 124 396 153
person 0.0331 392 123 411 146
person 0.0314 346 131 360 148
person 0.0248 339 134 356 170
person 0.0203 384 134 396 151
person 0.0125 374 99 404 132
person 0.0121 321 126 339 144
person 0.0118 382 123 409 152
person 0.0115 375 124 388 137
person 0.0089 369 124 387 157
person 0.0083 323 133 364 170
person 0.0073 340 133 357 149
person 0.0066 326 137 344 171
person 0.0062 339 112 377 153
person 0.0056 316 124 344 170
person 0.0047 403 113 413 129
person 0.0040 380 71 416 122
person 0.0035 392 70 414 87
person 0.0034 314 137 329 170
person 0.0028 401 132 422 151
person 0.0025 357 116 374 135
person 0.0024 344 112 371 133
person 0.0022 326 134 350 156
person 0.0021 317 107 375 161
person 0.0021 348 130 367 145
person 0.0020 351 133 360 145
person 0.0019 369 119 380 134
person 0.0017 354 122 375 149
person 0.0016 251 115 258 122
person 0.0015 306 116 321 129
person 0.0014 307 131 332 181
person 0.0013 338 109 403 162
person 0.0011 330 133 348 146
person 0.0011 243 115 259 132
person 0.0011 380 70 416 96
person 0.0010 399 109 414 135
boat 0.5806 61 84 441 356
boat 0.0819 240 104 321 156
boat 0.0049 237 94 399 159
boat 0.0011 237 1 326 180
