person 0.6660 0 404 16 447
person 0.5525 20 405 36 442
person 0.4695 12 406 22 445
person 0.1002 27 404 37 436
person 0.0315 31 406 44 439
person 0.0283 0 404 14 427
person 0.0147 22 405 33 419
person 0.0107 13 407 21 427
person 0.0104 27 404 36 418
person 0.0081 19 406 27 419
person 0.0052 0 406 6 427
person 0.0048 0 395 5 411
person 0.0032 42 415 50 436
person 0.0026 11 406 16 416
person 0.0025 0 404 5 414
person 0.0018 268 223 286 273
person 0.0013 4 403 12 411
person 0.0012 0 408 3 422
person 0.0010 0 412 3 428
