person 0.9633 179 109 433 369
person 0.9357 30 99 186 238
person 0.0073 0 172 16 266
person 0.0048 0 118 10 140
person 0.0034 0 118 17 245
bottle 0.0207 20 126 31 153
bottle 0.0043 17 99 32 154
chair 0.9242 240 184 469 371
chair 0.8463 3 131 209 327
chair 0.0114 237 321 299 363
chair 0.0047 0 174 17 267
chair 0.0042 235 261 434 372
chair 0.0019 412 185 471 333
chair 0.0010 196 232 209 259
chair 0.0010 30 108 200 243
sofa 0.6904 3 129 209 328
sofa 0.0035 0 173 16 269
sofa 0.0011 0 172 15 223
pottedplant 0.0216 15 99 31 154
pottedplant 0.0183 0 236 7 268
pottedplant 0.0036 0 117 10 141
pottedplant 0.0027 0 119 28 163
pottedplant 0.0018 18 100 29 136
diningtable 0.0248 0 119 63 250
diningtable 0.0161 0 129 63 179
