person 0.8062 184 117 309 272
person 0.1416 0 180 9 222
person 0.0324 122 56 501 327
person 0.0179 0 180 3 210
person 0.0169 0 317 25 330
person 0.0107 0 179 20 222
person 0.0027 0 134 10 220
person 0.0014 0 157 5 212
person 0.0013 0 163 34 222
person 0.0010 101 76 344 312
bicycle 0.0011 417 106 499 327
car 0.0144 18 32 496 325
motorbike 0.0390 229 66 499 326
motorbike 0.0063 11 129 499 326
train 0.0079 10 40 499 299
chair 0.7000 69 159 195 261
chair 0.6688 0 216 242 328
chair 0.4127 86 54 172 163
chair 0.3981 296 194 358 222
chair 0.3144 157 143 189 211
chair 0.2639 0 241 128 330
chair 0.2273 236 289 342 330
chair 0.1017 0 180 8 222
chair 0.0628 144 54 173 139
chair 0.0562 236 69 499 326
chair 0.0517 67 157 244 316
chair 0.0405 80 54 189 226
chair 0.0375 280 152 300 194
chair 0.0287 418 69 499 326
chair 0.0270 0 203 9 222
chair 0.0181 60 47 215 322
chair 0.0165 112 233 243 329
chair 0.0119 3 215 182 249
chair 0.0095 117 129 146 160
chair 0.0084 0 181 33 221
chair 0.0076 0 180 79 221
chair 0.0072 70 158 175 220
chair 0.0067 419 68 499 154
chair 0.0065 236 222 361 326
chair 0.0060 333 67 499 233
chair 0.0060 1 54 175 221
chair 0.0057 145 54 191 210
chair 0.0055 -1 211 497 329
chair 0.0048 199 235 261 306
chair 0.0045 144 54 169 101
chair 0.0037 88 107 119 162
chair 0.0022 158 143 199 264
chair 0.0019 249 192 360 225
chair 0.0019 199 255 243 307
chair 0.0019 28 52 355 324
chair 0.0019 158 143 183 169
chair 0.0017 88 107 149 162
chair 0.0016 326 150 487 227
chair 0.0015 154 91 173 148
chair 0.0015 118 277 193 331
chair 0.0015 280 152 359 222
chair 0.0015 90 134 477 324
chair 0.0014 204 282 247 330
chair 0.0014 124 143 189 212
chair 0.0014 280 151 308 211
chair 0.0013 399 66 501 205
chair 0.0012 216 127 289 188
chair 0.0011 485 74 499 214
chair 0.0011 0 203 32 222
pottedplant 0.0019 333 1 401 55
pottedplant 0.0017 332 0 408 126
diningtable 0.0138 0 180 77 222
tvmonitor 0.0025 144 54 168 96
tvmonitor 0.0015 144 54 173 127
tvmonitor 0.0012 89 103 118 161
