person 0.8888 8 191 36 264
person 0.8166 280 177 305 204
person 0.7530 491 199 500 233
person 0.4134 485 200 490 214
person 0.3094 430 200 434 212
person 0.2179 425 202 429 212
person 0.1873 439 199 448 223
person 0.1272 213 173 246 202
person 0.0662 211 187 222 200
person 0.0431 435 201 441 221
person 0.0287 426 201 431 211
person 0.0216 495 198 499 205
person 0.0203 204 186 221 201
person 0.0181 487 200 492 211
person 0.0175 491 200 499 213
person 0.0131 212 181 231 200
person 0.0072 254 184 263 204
person 0.0067 493 198 500 209
person 0.0065 231 179 246 201
person 0.0063 472 201 478 209
person 0.0054 342 177 350 204
person 0.0050 237 184 246 203
person 0.0047 423 201 434 213
person 0.0047 469 200 475 208
person 0.0046 240 174 262 205
person 0.0045 438 201 444 209
person 0.0041 240 189 246 201
person 0.0041 441 199 446 207
person 0.0040 435 200 439 213
person 0.0029 23 192 32 202
person 0.0025 288 72 301 91
person 0.0020 335 175 349 204
person 0.0019 22 192 32 208
person 0.0018 223 183 245 203
person 0.0018 342 177 350 249
person 0.0017 12 191 33 211
person 0.0012 189 186 220 203
person 0.0011 492 214 499 233
person 0.0010 225 82 243 99
person 0.0010 254 184 277 204
bicycle 0.0220 430 206 435 213
bicycle 0.0025 426 203 437 213
car 0.9017 399 204 412 234
car 0.8888 33 202 106 235
car 0.8002 456 202 470 213
car 0.5487 100 185 125 233
car 0.3136 450 202 457 208
car 0.0327 0 179 19 232
car 0.0261 455 199 465 207
car 0.0059 466 193 474 198
car 0.0044 399 203 407 211
car 0.0038 399 203 411 218
car 0.0029 405 205 412 214
car 0.0027 490 200 500 213
car 0.0024 422 202 430 213
car 0.0021 400 190 409 197
car 0.0019 425 200 434 212
car 0.0012 465 196 477 209
car 0.0012 448 202 456 213
motorbike 0.0475 423 206 430 213
motorbike 0.0346 422 205 435 214
motorbike 0.0081 421 208 427 213
bus 0.9765 182 43 401 307
bus 0.0491 0 180 19 226
bus 0.0013 400 190 410 198
bird 0.0104 490 32 495 35
