person 0.0101 329 269 337 280
person 0.0076 52 264 86 302
person 0.0047 312 284 326 294
person 0.0044 41 265 73 298
person 0.0031 271 283 283 295
person 0.0028 278 284 287 295
person 0.0022 398 277 404 283
person 0.0020 91 267 101 300
person 0.0019 0 261 5 279
person 0.0018 67 264 100 302
person 0.0016 267 275 273 285
person 0.0016 267 282 287 296
person 0.0015 418 273 424 278
person 0.0014 335 279 346 288
person 0.0014 344 274 353 279
person 0.0013 346 280 359 290
person 0.0011 96 267 118 300
person 0.0010 495 321 499 334
person 0.0010 229 284 237 291
person 0.0010 339 279 355 289
car 0.8939 248 282 308 323
car 0.8826 216 285 245 333
car 0.7932 402 278 420 295
car 0.7863 386 279 406 297
car 0.7125 416 278 430 293
car 0.6880 306 283 327 312
car 0.5429 434 278 444 289
car 0.5390 425 277 438 290
car 0.4176 385 282 394 299
car 0.2413 439 276 448 288
car 0.2157 317 263 388 318
car 0.1143 287 282 308 296
car 0.0976 287 282 308 309
car 0.0906 441 264 500 328
car 0.0298 447 263 499 296
car 0.0282 422 278 431 292
car 0.0268 267 281 287 287
car 0.0229 410 277 420 284
car 0.0183 447 275 452 289
car 0.0174 267 281 307 293
car 0.0166 397 278 407 296
car 0.0146 494 260 500 281
car 0.0124 309 283 326 293
car 0.0099 495 260 500 271
car 0.0091 447 264 473 290
car 0.0089 494 268 500 289
car 0.0086 433 276 450 289
car 0.0085 317 281 366 317
car 0.0064 385 287 392 301
car 0.0053 267 280 277 287
car 0.0045 449 263 499 279
car 0.0030 256 282 286 297
car 0.0026 241 303 249 323
car 0.0021 217 286 244 306
car 0.0014 283 281 303 288
car 0.0014 402 278 417 287
car 0.0013 443 280 449 289
car 0.0013 448 264 472 278
car 0.0012 483 262 500 283
car 0.0012 402 278 414 283
car 0.0012 474 262 497 269
car 0.0012 423 273 430 278
car 0.0010 247 299 257 322
car 0.0010 389 285 398 297
bus 0.0020 0 234 221 373
tvmonitor 0.0010 86 32 97 68
