person 0.0541 327 0 492 105
person 0.0208 0 14 11 56
person 0.0147 0 0 33 56
person 0.0089 480 6 499 111
person 0.0057 0 1 18 54
person 0.0045 0 1 35 107
person 0.0029 0 14 12 102
person 0.0023 477 0 499 44
person 0.0018 482 34 499 50
person 0.0018 0 0 32 26
bottle 0.6853 27 0 118 195
bottle 0.1876 0 12 53 284
bottle 0.0041 33 42 121 286
bottle 0.0028 42 154 120 275
bottle 0.0017 0 32 20 263
bottle 0.0014 479 111 499 163
bottle 0.0012 361 0 491 101
bottle 0.0010 0 204 47 286
chair 0.0185 483 39 499 109
chair 0.0036 287 0 331 17
sofa 0.0035 480 10 499 110
diningtable 0.0082 3 149 497 322
diningtable 0.0042 3 270 495 327
