person 0.8088 56 129 95 178
person 0.7788 394 102 463 210
person 0.7517 2 123 72 237
person 0.7324 237 106 267 166
person 0.7224 323 96 354 132
person 0.7014 297 102 345 199
person 0.6981 182 120 256 233
person 0.6646 165 104 189 129
person 0.6319 361 96 398 133
person 0.6040 109 119 148 163
person 0.3775 401 97 433 132
person 0.3225 204 104 222 130
person 0.3062 270 101 310 141
person 0.3021 140 104 163 133
person 0.1632 127 105 149 140
person 0.1106 453 82 483 153
person 0.0816 357 96 370 124
person 0.0808 456 100 477 139
person 0.0606 137 121 256 271
person 0.0449 456 99 486 190
person 0.0429 421 98 434 127
person 0.0358 283 101 309 122
person 0.0176 203 105 224 152
person 0.0165 22 125 58 172
person 0.0115 1 124 115 272
person 0.0086 206 113 230 162
person 0.0070 188 105 229 161
person 0.0066 128 105 142 125
person 0.0045 208 118 257 165
person 0.0030 314 139 326 159
person 0.0019 297 103 336 160
person 0.0018 112 110 134 141
person 0.0017 396 101 461 155
person 0.0013 433 101 459 128
person 0.0012 437 96 484 205
person 0.0011 168 107 222 132
car 0.0020 5 97 26 110
car 0.0010 6 104 19 110
bottle 0.3389 105 157 113 175
bottle 0.1012 360 126 366 141
bottle 0.0362 158 130 163 140
bottle 0.0278 347 117 353 129
bottle 0.0214 341 116 346 131
bottle 0.0195 112 156 121 178
bottle 0.0144 344 117 349 132
bottle 0.0139 359 96 369 118
bottle 0.0084 102 157 109 174
bottle 0.0078 362 96 369 107
bottle 0.0067 421 99 434 127
bottle 0.0039 357 101 368 125
bottle 0.0016 8 119 16 135
chair 0.9471 188 163 272 292
chair 0.9228 401 137 478 234
chair 0.9136 343 140 399 229
chair 0.9045 63 191 163 311
chair 0.8962 281 136 339 218
chair 0.8738 2 192 80 300
chair 0.3584 268 126 289 193
chair 0.2573 263 146 279 190
chair 0.1348 261 146 278 239
chair 0.1156 266 124 286 155
chair 0.0865 261 128 280 167
chair 0.0808 257 130 278 148
chair 0.0560 264 146 279 165
chair 0.0548 76 121 114 166
chair 0.0544 44 156 57 170
chair 0.0430 49 118 69 163
chair 0.0347 105 131 117 144
chair 0.0339 189 120 201 129
chair 0.0333 99 132 115 163
chair 0.0299 199 120 208 128
chair 0.0254 266 122 286 137
chair 0.0224 102 132 114 146
chair 0.0222 267 127 280 147
chair 0.0126 97 146 113 165
chair 0.0115 261 165 272 235
chair 0.0109 275 118 309 140
chair 0.0107 276 124 286 131
chair 0.0107 264 146 272 164
chair 0.0106 276 140 289 194
chair 0.0086 46 119 61 167
chair 0.0084 468 123 485 191
chair 0.0078 393 114 402 126
chair 0.0072 357 108 367 123
chair 0.0071 129 121 146 138
chair 0.0066 68 121 99 154
chair 0.0066 134 136 151 151
chair 0.0054 128 118 152 152
chair 0.0053 165 119 171 130
chair 0.0051 268 104 309 193
chair 0.0050 46 136 59 164
chair 0.0046 250 162 275 242
chair 0.0043 142 138 153 152
chair 0.0043 420 126 434 138
chair 0.0040 221 117 234 122
chair 0.0039 262 146 275 173
chair 0.0036 462 126 483 140
chair 0.0036 197 143 208 159
chair 0.0035 279 126 299 140
chair 0.0034 103 114 117 143
chair 0.0033 103 112 112 132
chair 0.0032 83 138 96 158
chair 0.0032 143 129 154 140
chair 0.0029 277 137 288 163
chair 0.0029 109 140 122 157
chair 0.0027 276 136 300 195
chair 0.0027 71 121 94 138
chair 0.0026 71 122 84 134
chair 0.0025 206 128 222 162
chair 0.0025 88 152 96 161
chair 0.0023 81 121 97 137
chair 0.0023 420 112 429 128
chair 0.0023 393 109 405 124
chair 0.0022 328 114 340 132
chair 0.0021 322 113 335 133
chair 0.0021 141 126 153 136
chair 0.0020 91 152 100 164
chair 0.0020 113 119 127 139
chair 0.0019 81 124 100 158
chair 0.0019 205 149 212 161
chair 0.0018 108 134 118 145
chair 0.0017 31 120 49 130
chair 0.0017 254 139 267 166
chair 0.0017 187 118 204 123
chair 0.0016 163 117 170 126
chair 0.0016 56 142 67 166
chair 0.0015 105 151 114 162
chair 0.0015 348 115 354 126
chair 0.0015 207 106 222 123
chair 0.0014 49 118 68 136
chair 0.0014 477 172 499 307
chair 0.0014 206 134 216 162
chair 0.0014 60 129 71 150
chair 0.0014 183 117 192 122
chair 0.0014 80 127 92 151
chair 0.0013 252 142 279 210
chair 0.0013 85 149 97 162
chair 0.0013 4 164 76 263
chair 0.0013 458 133 487 216
chair 0.0012 469 125 483 161
chair 0.0011 460 126 472 138
chair 0.0011 164 119 176 130
chair 0.0011 259 138 270 163
chair 0.0011 425 107 434 126
chair 0.0011 444 137 478 222
chair 0.0010 356 100 369 123
chair 0.0010 480 117 492 196
chair 0.0010 400 148 425 168
chair 0.0010 98 153 111 171
pottedplant 0.6214 437 41 495 193
pottedplant 0.1773 128 80 154 118
pottedplant 0.0283 467 121 491 193
pottedplant 0.0212 477 254 498 307
pottedplant 0.0203 453 100 486 194
pottedplant 0.0044 437 29 503 327
pottedplant 0.0043 478 196 499 306
pottedplant 0.0035 421 97 434 126
pottedplant 0.0028 437 43 495 110
pottedplant 0.0010 476 119 492 141
diningtable 0.7875 326 123 427 173
diningtable 0.5461 58 143 211 199
diningtable 0.3518 60 129 212 274
diningtable 0.3235 145 126 210 162
diningtable 0.1057 325 122 429 220
diningtable 0.0154 195 128 210 136
diningtable 0.0142 402 147 426 164
diningtable 0.0123 398 138 429 163
diningtable 0.0118 326 146 357 173
diningtable 0.0094 143 125 203 143
diningtable 0.0081 141 126 212 194
diningtable 0.0079 263 119 309 134
diningtable 0.0055 188 129 210 140
diningtable 0.0054 146 137 183 149
diningtable 0.0051 130 181 214 274
diningtable 0.0044 326 129 359 161
diningtable 0.0028 386 107 409 120
diningtable 0.0027 172 119 209 135
diningtable 0.0027 405 149 420 162
diningtable 0.0026 65 170 143 196
diningtable 0.0023 145 126 178 146
diningtable 0.0023 341 137 354 150
diningtable 0.0023 331 125 375 150
diningtable 0.0022 409 133 424 143
diningtable 0.0019 415 137 428 146
diningtable 0.0017 93 145 172 198
diningtable 0.0016 414 138 429 150
diningtable 0.0015 166 125 217 151
diningtable 0.0015 398 140 425 151
diningtable 0.0015 132 159 206 196
diningtable 0.0014 148 142 179 160
diningtable 0.0013 194 129 209 151
diningtable 0.0012 121 135 272 280
diningtable 0.0010 392 124 428 146
