person 0.1178 136 248 146 260
person 0.0448 494 234 500 259
person 0.0214 159 249 169 257
person 0.0151 495 233 500 248
person 0.0141 156 250 166 257
person 0.0131 139 248 152 259
person 0.0113 451 257 466 272
person 0.0089 421 256 435 269
person 0.0073 436 255 456 272
person 0.0061 142 248 162 259
person 0.0049 137 245 171 259
person 0.0046 150 248 169 258
person 0.0042 491 231 500 301
person 0.0040 424 255 443 270
person 0.0034 1 262 17 277
person 0.0020 449 188 460 204
person 0.0018 471 254 483 270
person 0.0016 22 260 35 270
person 0.0014 489 233 500 259
person 0.0013 164 248 174 257
person 0.0011 0 264 6 279
person 0.0011 494 215 500 254
person 0.0010 1 260 14 271
car 0.9319 113 242 190 297
car 0.9169 0 251 81 324
car 0.9132 380 242 500 327
car 0.0225 235 247 260 266
car 0.0105 127 236 162 246
car 0.0070 0 296 8 325
car 0.0049 494 274 499 305
car 0.0042 494 238 500 268
car 0.0033 491 234 500 261
car 0.0028 492 234 499 293
car 0.0022 422 207 499 257
car 0.0018 235 248 315 280
car 0.0011 387 206 499 291
car 0.0011 1 246 187 320
car 0.0010 384 244 418 283
chair 0.0025 155 189 163 198
chair 0.0019 135 191 141 200
pottedplant 0.1875 333 264 351 284
pottedplant 0.0018 183 245 196 272
