person 0.9356 175 158 334 370
person 0.7757 78 159 166 225
person 0.7662 174 195 208 226
person 0.6786 44 197 91 226
person 0.3660 124 159 169 225
person 0.0799 172 183 187 191
person 0.0647 197 203 218 226
person 0.0557 79 187 112 224
person 0.0512 76 213 92 225
person 0.0316 166 183 191 209
person 0.0306 125 210 142 225
person 0.0294 79 165 119 223
person 0.0234 79 181 140 225
person 0.0225 88 195 106 224
person 0.0145 127 159 155 195
person 0.0101 124 201 155 225
person 0.0064 197 203 216 214
person 0.0048 143 194 204 226
person 0.0039 197 204 208 213
person 0.0036 0 153 4 167
person 0.0036 198 192 231 226
person 0.0033 372 304 419 344
person 0.0029 445 347 499 374
person 0.0019 0 223 7 238
person 0.0015 138 205 159 225
person 0.0014 128 166 201 224
person 0.0013 163 194 209 262
person 0.0010 85 202 144 225
car 0.0333 -12 21 235 361
car 0.0029 0 221 36 239
car 0.0024 0 224 8 240
car 0.0023 0 220 14 239
car 0.0010 32 210 45 226
boat 0.4994 1 21 382 364
boat 0.3318 269 170 287 180
boat 0.2826 380 167 392 181
boat 0.2497 287 181 306 188
boat 0.2309 391 168 401 181
boat 0.1875 400 168 412 182
boat 0.1682 79 161 408 370
boat 0.1680 391 174 401 181
boat 0.1423 344 168 351 180
boat 0.0479 0 249 499 372
boat 0.0396 269 180 303 189
boat 0.0359 451 170 460 182
boat 0.0329 299 175 315 180
boat 0.0187 335 168 349 180
boat 0.0148 317 175 328 180
boat 0.0136 382 167 403 182
boat 0.0128 166 184 191 209
boat 0.0111 264 264 499 370
boat 0.0109 343 168 357 180
boat 0.0106 451 164 464 182
boat 0.0103 381 179 390 183
boat 0.0100 381 178 395 183
boat 0.0099 268 168 307 188
boat 0.0094 353 175 359 180
boat 0.0073 335 173 346 180
boat 0.0066 407 180 412 184
boat 0.0063 299 170 316 180
boat 0.0045 296 175 305 180
boat 0.0045 289 173 316 182
boat 0.0039 289 168 300 179
boat 0.0038 361 170 370 179
boat 0.0038 442 347 500 373
boat 0.0038 286 166 305 183
boat 0.0032 326 175 338 180
boat 0.0032 352 170 362 179
boat 0.0031 0 1 149 142
boat 0.0031 313 173 342 180
boat 0.0031 274 168 303 180
boat 0.0029 408 175 414 181
boat 0.0028 285 175 296 181
boat 0.0025 360 173 368 180
boat 0.0019 321 169 348 180
boat 0.0018 397 178 412 182
boat 0.0017 307 175 316 180
boat 0.0016 359 171 373 182
boat 0.0014 376 176 384 181
boat 0.0013 297 172 310 179
boat 0.0013 415 165 430 181
boat 0.0012 283 171 297 179
boat 0.0012 381 176 400 184
boat 0.0011 344 177 351 181
boat 0.0011 378 167 387 180
boat 0.0011 345 174 353 181
boat 0.0010 316 171 328 180
bird 0.2227 258 104 267 110
bird 0.0010 357 190 366 195
dog 0.0048 372 304 418 344
bottle 0.0014 268 351 288 374
chair 0.0051 153 194 174 225
chair 0.0042 166 186 191 210
chair 0.0020 129 201 160 225
chair 0.0019 202 207 217 226
chair 0.0010 150 192 193 225
