person 0.0040 462 236 475 302
bird 0.0271 339 63 343 68
bird 0.0092 370 62 374 67
bird 0.0020 336 63 343 68
bird 0.0014 370 59 375 67
bottle 0.0144 194 174 210 200
bottle 0.0082 197 173 209 189
bottle 0.0034 194 180 215 232
bottle 0.0031 182 174 196 196
bottle 0.0031 187 175 197 185
bottle 0.0018 192 168 199 176
bottle 0.0016 199 169 209 182
bottle 0.0014 188 169 200 183
bottle 0.0010 213 209 225 226
chair 0.9375 30 215 157 352
chair 0.8873 29 182 99 229
chair 0.8718 348 235 474 353
chair 0.8085 212 186 257 227
chair 0.7625 298 193 381 246
chair 0.7574 134 238 243 353
chair 0.3614 16 238 61 353
chair 0.3325 296 119 424 336
chair 0.0861 464 234 475 260
chair 0.0809 17 186 100 351
chair 0.0444 442 235 475 353
chair 0.0322 297 180 379 337
chair 0.0289 233 226 426 351
chair 0.0186 176 176 257 228
chair 0.0165 461 235 474 302
chair 0.0088 445 296 474 353
chair 0.0086 448 234 474 300
chair 0.0068 388 234 475 300
chair 0.0066 134 183 181 214
chair 0.0051 80 210 278 294
chair 0.0048 347 324 430 354
chair 0.0021 298 119 411 197
chair 0.0019 22 210 282 351
chair 0.0016 108 193 425 349
chair 0.0014 464 286 475 310
chair 0.0013 33 241 71 353
chair 0.0012 147 253 312 351
chair 0.0012 281 225 288 233
chair 0.0010 453 234 475 262
pottedplant 0.0521 85 208 278 278
pottedplant 0.0284 134 218 276 260
pottedplant 0.0236 131 182 267 259
pottedplant 0.0090 107 208 241 257
pottedplant 0.0086 203 220 275 260
pottedplant 0.0060 174 154 223 227
pottedplant 0.0043 127 209 194 254
pottedplant 0.0022 124 224 172 249
pottedplant 0.0016 143 159 222 258
diningtable 0.7671 32 211 425 352
diningtable 0.0258 235 224 426 351
diningtable 0.0245 42 210 380 284
diningtable 0.0161 76 217 272 260
diningtable 0.0130 18 48 423 351
diningtable 0.0022 78 213 271 300
diningtable 0.0011 110 223 218 257
diningtable 0.0010 125 226 179 252
