sheep 0.9109 315 227 349 250
sheep 0.8444 68 206 87 224
sheep 0.8142 17 202 39 221
sheep 0.7776 245 181 271 202
sheep 0.6858 318 186 331 196
sheep 0.3331 116 198 131 206
sheep 0.0382 265 231 274 236
sheep 0.0300 393 190 400 197
sheep 0.0276 34 203 40 211
sheep 0.0269 326 183 341 196
sheep 0.0151 426 189 432 196
sheep 0.0149 363 187 376 196
sheep 0.0089 135 196 142 203
sheep 0.0077 265 180 272 190
sheep 0.0075 169 191 178 200
sheep 0.0073 263 180 272 198
sheep 0.0072 413 186 419 197
sheep 0.0066 117 199 124 206
sheep 0.0051 327 188 336 195
sheep 0.0046 288 183 298 192
sheep 0.0045 188 190 208 200
sheep 0.0040 296 190 306 196
sheep 0.0037 393 182 398 189
sheep 0.0036 237 175 256 183
sheep 0.0031 328 180 333 186
sheep 0.0030 356 182 362 187
sheep 0.0029 304 188 315 195
sheep 0.0027 79 242 101 258
sheep 0.0026 317 186 324 196
sheep 0.0026 5 202 11 213
sheep 0.0022 236 178 247 183
sheep 0.0021 352 186 364 195
sheep 0.0021 187 190 194 199
sheep 0.0018 294 187 310 196
sheep 0.0016 356 190 363 196
sheep 0.0015 28 202 40 211
sheep 0.0015 245 195 249 202
sheep 0.0013 381 188 386 196
sheep 0.0012 392 182 399 192
sheep 0.0012 83 216 88 224
sheep 0.0012 12 178 468 263
sheep 0.0012 331 183 341 193
sheep 0.0011 350 190 357 196
sheep 0.0011 204 193 210 202
sheep 0.0011 64 203 70 212
sheep 0.0010 312 183 318 189
sheep 0.0010 2 203 7 213
cow 0.0512 68 206 87 225
cow 0.0358 17 202 40 221
cow 0.0203 245 181 272 202
cow 0.0060 315 227 349 250
cow 0.0025 317 185 333 197
