person 0.0620 227 129 269 154
person 0.0414 195 131 212 151
person 0.0203 181 130 211 151
person 0.0115 225 129 251 153
person 0.0037 249 2 335 83
person 0.0035 252 131 287 155
person 0.0020 174 132 197 150
person 0.0018 147 129 245 153
person 0.0010 256 132 279 144
car 0.9415 12 117 444 258
car 0.0547 0 227 450 337
car 0.0215 326 5 455 87
car 0.0044 0 200 28 231
car 0.0039 0 232 90 250
car 0.0035 2 108 453 179
car 0.0028 0 201 89 251
car 0.0021 418 43 455 85
car 0.0020 246 1 336 81
car 0.0019 7 192 447 258
car 0.0019 0 230 110 337
car 0.0011 420 47 455 138
train 0.3373 0 0 451 157
train 0.0017 4 1 339 102
