person 0.0103 253 134 269 153
person 0.0014 0 96 22 125
person 0.0013 0 17 5 52
person 0.0012 234 100 258 124
person 0.0011 247 14 265 33
person 0.0011 230 109 242 125
person 0.0011 257 110 271 123
bicycle 0.0024 21 153 54 185
bird 0.9495 147 138 447 372
bird 0.0369 488 236 499 257
bird 0.0065 275 290 308 354
bird 0.0030 479 235 500 263
bird 0.0021 272 288 375 352
bird 0.0014 292 180 447 370
bottle 0.0029 45 193 51 213
bottle 0.0027 0 75 9 97
chair 0.0035 142 200 201 371
chair 0.0010 262 287 290 337
diningtable 0.0290 143 208 201 372
diningtable 0.0149 204 337 277 374
diningtable 0.0031 266 300 410 374
diningtable 0.0028 1 198 201 369
diningtable 0.0014 178 216 202 372
diningtable 0.0013 198 329 408 374
