person 0.0097 477 170 489 181
person 0.0092 483 170 496 181
person 0.0065 474 172 484 182
person 0.0042 491 171 499 180
person 0.0037 377 156 382 164
person 0.0026 0 147 13 189
person 0.0019 0 182 4 189
person 0.0018 31 171 41 185
person 0.0016 420 166 425 173
person 0.0016 421 172 436 202
person 0.0010 0 147 11 168
person 0.0010 494 169 500 178
person 0.0010 366 158 372 165
car 0.8621 465 161 499 213
car 0.1634 443 187 465 203
car 0.0438 421 186 465 204
car 0.0388 197 167 206 176
car 0.0368 197 161 219 176
car 0.0165 227 155 247 171
car 0.0157 448 165 469 192
car 0.0069 196 156 247 176
car 0.0015 243 159 249 168
car 0.0011 417 171 466 204
train 0.9275 41 94 199 221
train 0.7882 277 149 329 177
train 0.0224 276 147 382 178
train 0.0169 227 155 248 171
train 0.0108 197 155 248 175
train 0.0063 329 148 352 168
train 0.0063 392 119 499 182
train 0.0040 351 144 391 166
train 0.0026 0 116 10 132
train 0.0025 205 152 335 173
train 0.0018 0 129 44 189
train 0.0014 343 164 371 182
