person 0.1917 137 180 183 205
person 0.0292 180 187 200 204
person 0.0172 218 193 224 200
person 0.0100 165 180 193 207
person 0.0059 152 182 173 204
person 0.0052 169 180 184 204
person 0.0044 180 185 227 205
person 0.0039 182 188 197 198
person 0.0029 140 184 154 201
person 0.0016 158 190 174 205
person 0.0014 218 193 227 203
person 0.0014 109 180 236 208
person 0.0013 171 179 183 187
person 0.0011 19 53 31 64
person 0.0010 155 181 223 206
car 0.9418 82 180 254 243
dog 0.0031 135 179 183 205
chair 0.0028 483 321 499 374
