person 0.1427 134 251 159 274
person 0.0163 5 261 41 300
person 0.0156 138 237 167 274
person 0.0106 146 251 159 272
person 0.0074 126 238 158 273
person 0.0051 137 144 150 157
person 0.0038 121 246 143 272
person 0.0035 256 163 262 175
person 0.0029 147 240 157 270
person 0.0026 238 154 244 167
person 0.0025 372 191 386 218
person 0.0020 478 192 500 266
person 0.0016 490 250 500 278
person 0.0016 121 254 138 270
person 0.0015 122 238 139 258
person 0.0013 38 166 66 194
person 0.0012 377 192 385 207
train 0.6062 0 140 364 246
train 0.0101 0 143 96 250
train 0.0030 229 70 498 258
train 0.0028 380 171 499 262
train 0.0026 2 130 473 324
train 0.0012 195 142 360 244
boat 0.0068 391 253 499 370
boat 0.0018 382 172 499 267
boat 0.0015 450 175 499 247
bird 0.0034 156 80 169 94
chair 0.0027 378 171 489 264
diningtable 0.0016 392 262 499 371
