person 0.9643 90 6 384 371
person 0.0019 294 3 376 142
person 0.0017 101 75 146 115
chair 0.8604 77 239 173 372
chair 0.4274 488 238 500 289
chair 0.2204 484 160 499 288
chair 0.0218 77 240 111 372
chair 0.0147 485 159 499 217
chair 0.0099 384 275 497 297
chair 0.0036 79 239 296 372
chair 0.0022 381 277 497 325
chair 0.0021 489 170 499 228
chair 0.0020 490 261 499 289
chair 0.0013 468 160 500 288
chair 0.0013 102 75 146 114
chair 0.0011 97 289 189 372
chair 0.0010 92 237 173 315
diningtable 0.8560 281 276 499 371
diningtable 0.0095 382 276 499 316
diningtable 0.0063 281 318 461 372
diningtable 0.0011 91 268 489 369
