person 0.9598 263 44 424 368
person 0.9545 102 77 197 335
person 0.0015 -34 51 297 359
person 0.0014 51 65 532 395
car 0.0489 476 118 500 132
car 0.0026 458 131 500 172
car 0.0019 490 118 500 124
car 0.0017 286 121 294 129
car 0.0015 491 126 500 132
car 0.0011 460 124 478 132
aeroplane 0.0030 457 80 499 174
bus 0.0017 457 77 499 173
train 0.0027 17 15 487 375
boat 0.0038 3 3 496 357
boat 0.0010 0 74 112 186
bottle 0.0033 411 237 421 271
bottle 0.0018 421 152 426 178
chair 0.9164 22 172 74 233
chair 0.8456 78 196 117 257
chair 0.5596 258 200 303 269
chair 0.5257 453 226 499 296
chair 0.2269 372 208 416 292
chair 0.1851 381 204 450 288
chair 0.0857 487 228 500 286
chair 0.0569 181 193 215 262
chair 0.0466 485 228 499 258
chair 0.0194 218 201 247 254
chair 0.0176 486 181 500 257
chair 0.0158 187 168 221 253
chair 0.0152 419 203 450 274
chair 0.0141 326 219 414 293
chair 0.0130 262 200 344 274
chair 0.0123 77 196 154 259
chair 0.0120 420 198 449 217
chair 0.0095 382 211 410 274
chair 0.0084 205 189 254 252
chair 0.0073 458 179 500 268
chair 0.0073 181 222 207 261
chair 0.0072 422 177 496 290
chair 0.0064 139 236 158 262
chair 0.0062 419 184 450 214
chair 0.0055 491 179 499 229
chair 0.0048 199 193 220 252
chair 0.0044 372 214 392 278
chair 0.0043 463 173 500 183
chair 0.0037 488 259 499 284
chair 0.0035 96 197 116 220
chair 0.0034 463 176 499 231
chair 0.0033 97 197 117 249
chair 0.0032 195 164 211 187
chair 0.0028 386 199 448 238
chair 0.0026 376 190 407 254
chair 0.0025 409 237 435 274
chair 0.0023 261 218 297 244
chair 0.0023 377 215 391 250
chair 0.0022 387 198 405 244
chair 0.0022 142 224 209 263
chair 0.0022 325 237 344 269
chair 0.0021 390 196 450 221
chair 0.0020 136 196 216 265
chair 0.0019 391 205 423 240
chair 0.0018 490 204 500 238
chair 0.0017 255 194 440 286
chair 0.0017 383 190 397 244
chair 0.0016 214 183 254 225
chair 0.0016 365 188 403 285
chair 0.0014 384 187 396 219
chair 0.0013 422 197 430 210
chair 0.0013 386 213 407 252
chair 0.0012 418 178 424 184
chair 0.0012 488 227 499 245
chair 0.0011 405 260 417 293
chair 0.0011 421 183 431 209
chair 0.0011 463 176 481 182
chair 0.0011 102 219 159 263
chair 0.0010 189 211 223 262
chair 0.0010 221 178 295 255
chair 0.0010 492 218 499 229
diningtable 0.5565 183 188 256 264
diningtable 0.2227 381 204 450 291
diningtable 0.1925 186 187 255 202
diningtable 0.0354 422 207 450 214
diningtable 0.0286 415 208 450 275
diningtable 0.0190 218 191 255 252
diningtable 0.0149 106 184 256 266
diningtable 0.0049 387 201 448 231
diningtable 0.0034 422 208 450 220
diningtable 0.0016 464 175 500 184
diningtable 0.0014 211 190 255 200
diningtable 0.0011 319 213 448 294
diningtable 0.0010 421 199 450 245
tvmonitor 0.0120 456 80 499 177
tvmonitor 0.0019 458 132 499 172
