person 0.9440 0 86 178 389
person 0.8255 61 107 304 396
person 0.4370 302 113 477 395
person 0.3501 158 107 306 274
person 0.0923 196 192 273 268
person 0.0111 126 185 281 291
person 0.0067 0 107 62 379
person 0.0053 311 112 447 280
person 0.0013 85 241 298 399
person 0.0011 440 216 486 267
person 0.0011 96 160 269 343
car 0.0011 326 36 408 117
cat 0.1362 138 44 175 101
cat 0.0165 201 193 251 244
cat 0.0015 440 217 485 269
dog 0.2067 138 43 174 101
dog 0.0711 139 43 212 180
dog 0.0302 70 43 408 180
dog 0.0262 201 193 251 244
dog 0.0130 136 44 306 180
dog 0.0101 0 46 210 238
dog 0.0030 110 43 178 142
dog 0.0015 197 192 282 273
dog 0.0011 14 43 194 147
dog 0.0010 440 216 485 269
chair 0.0013 0 90 68 349
sofa 0.5400 10 108 498 397
sofa 0.0430 0 77 502 248
sofa 0.0072 0 131 38 275
sofa 0.0058 424 160 499 255
sofa 0.0047 261 112 497 261
sofa 0.0019 0 91 186 396
sofa 0.0017 394 115 500 254
sofa 0.0014 0 96 64 271
sofa 0.0013 257 113 312 157
sofa 0.0012 1 59 307 332
sofa 0.0011 0 186 28 254
diningtable 0.0994 216 44 321 120
